student_id,date,week_no,semester_phase,login_count,avg_session_duration_min,inactive_days_streak,forum_posts,resources_accessed,assignments_due,assignments_submitted,submission_delay_hours,late_submission_ratio_7d,time_to_start_assignment_hr,late_night_activity_ratio,weekend_activity_ratio,session_variance_7d,study_time_trend_7d,engagement_drop_pct_14d,focus_decay_score,consistency_score,burnout_risk_label,burnout_flag
S0001,2025-01-01,1,mid,4,48.18902184689384,0,0,3,0,1,3.229539308616811,0.0,8.76343455858355,0.6508884729488529,0.056411579027100256,0.7219987722668247,0.8771054180315003,0.0,0.0007787658410143283,0.9922115592912175,low,0
S0001,2025-01-02,1,mid,7,60.38714967614598,0,0,1,0,0,2.9743377593311524,0.0,10.942741997785822,0.29214464853521815,0.3663618432936917,0.45606998421703593,0.5703519227860272,0.0,0.19967378215835974,0.5142344384136116,low,0
S0001,2025-01-03,1,mid,5,46.10922589709866,0,1,2,1,0,3.79872262016239,0.0,9.12491875062017,0.6842330265121569,0.4401524937396013,0.12203823484477883,-0.00964617977745963,0.0,0.034388521115218396,0.9093204020787821,low,0
S0001,2025-01-04,1,mid,6,32.791563500289776,0,0,2,1,1,0.6433315063525828,0.0,6.868310775295495,0.9266588657937942,0.7272719958564209,0.3265407688058354,0.1408879488107988,0.0,0.5208342600258237,0.9611720243493491,low,0
S0001,2025-01-05,1,mid,6,51.591905984289845,0,1,1,1,1,2.7388953906368663,0.0,10.403286647884066,0.8021969807540397,0.07455064367977082,0.9868869366005173,0.5444895385933148,0.0,0.1987156815341724,0.005522117123602399,low,0
S0001,2025-01-06,1,mid,6,53.87748459593357,0,2,2,0,1,5.662526862807128,0.0,12.926635381367078,0.3308980248526492,0.06355835028602363,0.3109823217156622,-0.3496333559465059,0.0,0.7296061783380641,0.6375574713552131,low,0
S0001,2025-01-07,1,mid,5,55.03532897892024,0,0,3,0,0,7.990868505766947,0.0,11.01454375597996,0.49379559636439074,0.5227328293819941,0.42754101835854963,-0.9491617465118096,0.0,0.10789142699330445,0.03142918568673425,low,0
S0001,2025-01-08,2,mid,4,55.42491617339421,0,2,5,0,0,8.245840998682748,0.0,12.471199230925425,0.8804678390152577,0.6243540481337932,0.295633685837714,-0.7890114803394588,0.0,0.45653457048291024,0.2184404372168336,low,0
S0001,2025-01-09,2,mid,6,42.90307563163002,0,0,4,0,0,4.4836304029273215,0.0,11.382866846260882,0.6476901205413623,0.0005203769953158188,0.352568856334169,-0.39043748368394193,0.0,0.16465585314294173,0.534089419375442,low,0
S0001,2025-01-10,2,mid,7,43.4666354248386,0,0,3,1,1,8.77237180242106,0.0,10.523733438495517,0.363629602379294,0.9717820827209607,0.9624472949421112,-0.4964354083492717,0.0,0.49724850589238545,0.30087830981676966,low,0
S0001,2025-01-11,2,mid,6,69.63242112485287,0,0,5,1,0,7.867030974579841,0.0,13.197381125647913,0.5309345833171364,0.44778316457309164,0.552893089071328,0.18539344775878708,0.0,0.08085332633271525,0.36965445606140446,low,0
S0001,2025-01-12,2,mid,6,38.8093063964504,0,2,1,0,1,8.867679601856237,0.0,10.2429124178337,0.8583588048137198,0.32595890520188475,0.2202410475655483,0.42229906487603563,0.0,0.8095010461397154,0.3486659872917294,low,0
S0001,2025-01-13,2,mid,6,20.303011349324027,0,3,2,0,0,7.087721221837316,0.0,11.579344484004087,0.5552008115994623,0.5296505783560065,0.24185229090045168,-0.8137944643882016,0.0,0.8972157579533268,0.9004180571633305,low,0
S0001,2025-01-14,2,mid,4,56.9072725611364,0,0,3,1,1,6.8413334314261425,0.0,9.319832633351915,0.8509284487675127,0.9356349942209475,0.7853406511139436,0.33797650942845725,0.0,0.5806866214364547,0.3722827665617431,low,0
S0001,2025-01-15,3,mid,5,34.06059590931526,0,1,5,0,1,3.050636659545357,0.0,12.361253811227357,0.3253996981592677,0.7464914051180241,0.6496328990472147,0.6984468209883559,0.0,0.6576128923003434,0.5683086033354716,low,0
S0001,2025-01-16,3,mid,5,37.4626383564251,0,0,5,0,1,4.7182028910652996,0.0,12.616485578060361,0.3500784076946757,0.6451033620305648,0.6689240596630996,0.7283351301438061,0.0,0.23018526824155527,0.4991933798847523,low,0
S0001,2025-01-17,3,mid,7,48.967742812711286,0,0,4,1,1,4.751735222236681,0.0,12.221022453843215,0.9666548190436696,0.9636199770892528,0.8530094554673601,-0.4111022158608286,0.0,0.38509772860192526,0.8511366715168569,low,0
S0001,2025-01-18,3,mid,5,39.870346823643786,0,2,2,1,0,7.1148470177247525,0.0,10.154082578438906,0.7407686177542044,0.697015740995268,0.7024840839871093,-0.28101769756048967,0.0,0.29359184426449336,0.8093611554785136,low,0
S0001,2025-01-19,3,mid,6,47.57207490980107,0,2,5,1,0,4.669380770892875,0.0,7.938474474002469,0.050768531039396936,0.8866171489506599,0.027616771873704704,0.15772979101511742,0.0,0.43847412301808697,0.6720261352951994,low,0
S0001,2025-01-20,3,mid,5,40.44966826012434,0,3,2,1,0,3.213759452741554,0.0,8.995548257815798,0.5222432600548044,0.7699935530986108,0.21582102749684318,0.2457809516380005,0.0,0.085347464993768,0.0516817211686077,low,0
S0001,2025-01-21,3,mid,8,63.43413758320533,0,3,3,0,1,4.111002511561635,0.0,4.992602922728405,0.07845638134226596,0.02535074341545751,0.9626484146779251,0.6719602410244117,0.0,0.695974206093698,0.4089529444142699,low,0
S0001,2025-01-22,4,mid,5,41.82153093489416,0,0,1,1,0,5.754592530920818,0.0,14.95405295943847,0.6117207462343522,0.4196000624277899,0.24773098950115746,-0.2880546426974768,0.0,0.7578461104643691,0.014393488629755868,low,0
S0001,2025-01-23,4,mid,5,63.72005680472304,0,0,5,0,1,4.494863697213679,0.0,6.2566504541054515,0.39850473439737344,0.6158500980522165,0.6350936508676438,-0.909391980455911,0.0,0.3746126146264712,0.6258599157142364,low,0
S0001,2025-01-24,4,mid,7,45.10233061019587,0,1,2,0,1,6.294325393574088,0.0,10.378284483472086,0.575474177875879,0.3881699262065219,0.6432882184423532,-0.08349421901696674,0.0,0.5456167893159349,0.9414648087765252,low,0
S0001,2025-01-25,4,mid,6,43.91502111436487,0,1,5,1,0,4.162982237579135,0.0,9.665743670255226,0.6182538843378929,0.3365542148887265,0.6557226353807422,-0.22920675806886992,0.0,0.6816136689727897,0.34062456946424,low,0
S0001,2025-01-26,4,mid,5,27.83575554056028,0,1,3,0,1,6.62572423767792,0.0,11.888886525770836,0.2820345725713065,0.17743954377972282,0.7506147516408583,0.613669478534528,0.0,0.9905051420006733,0.4126176769114265,low,0
S0001,2025-01-27,4,mid,7,39.0842861116417,0,0,5,1,0,7.2887430709493675,0.0,12.573593976365398,0.23823615240397944,0.37772888617629485,0.5343274735305634,-0.006877618633844618,0.0,0.38961808621920346,0.2976351745093109,low,0
S0001,2025-01-28,4,mid,6,43.754747524063156,0,1,2,0,1,1.4159097997295702,0.0,8.659679464630276,0.32866454536991596,0.6725184560770384,0.75237452943768,0.5831580874516971,0.0,0.7896181427945539,0.09120610304869037,low,0
S0001,2025-01-29,5,mid,5,44.91182953754193,0,1,5,0,0,6.227682682950849,0.0,14.073642364299964,0.10112267612279024,0.08410680611499743,0.70096913145912,-0.854473987271613,0.0,0.8218600592903562,0.7062422271564962,low,0
S0001,2025-01-30,5,mid,7,40.226182694246795,0,3,3,0,1,0.925848130055722,0.0,14.710096841628017,0.906354385094736,0.11119748230615134,0.49262510429085915,-0.9772927104651619,0.0,0.46866064199412627,0.05630327568183735,low,0
S0001,2025-01-31,5,mid,7,52.708631014640396,0,2,1,0,1,0.0,0.0,13.428177649881498,0.8021092490267341,0.9779006687542708,0.5560050386425845,-0.35462722344483266,0.0,0.04340078329817276,0.924643330223596,low,0
S0001,2025-02-01,5,mid,5,47.851753246496536,0,1,1,0,1,3.2055273372773883,0.0,14.577489871752494,0.7371007058430192,0.9152543416691064,0.9587024074078462,-0.8842722044845852,0.0,0.39452179860812986,0.10675606593588438,low,0
S0001,2025-02-02,5,mid,5,40.088364712505424,0,1,4,1,1,1.174586965871562,0.0,11.087429376415907,0.8137950197069487,0.6847311725538793,0.1626169393448913,0.8218543689876849,0.0,0.822537242923169,0.949799913291924,low,0
S0001,2025-02-03,5,mid,6,59.766586254296286,0,2,5,0,0,7.799193295705466,0.0,8.657715927225585,0.48037008186635466,0.9852860506655043,0.37673896993794076,0.4991565999521441,0.0,0.3929894489788591,0.8291642207065144,low,0
S0001,2025-02-04,5,mid,5,46.09860073043249,0,0,1,0,1,5.437366184552282,0.0,8.546872924092089,0.5343462750294631,0.7499107494699718,0.9131657522576428,0.1702990646509439,0.0,0.7261208440718481,0.7570812020424559,low,0
S0001,2025-02-05,6,mid,4,38.62764467924123,0,0,1,0,0,2.2628197689162857,0.0,11.606475429925613,0.6717006844058567,0.6181282404578958,0.3581627180328405,-0.772884815600742,0.0,0.6715731955927996,0.5203077009037933,low,0
S0001,2025-02-06,6,mid,6,60.51262854732971,0,2,3,0,0,6.290751899170295,0.0,14.105894672597046,0.7040797680992236,0.21296416150891073,0.13637147558676976,-0.9709106686642361,0.0,0.350587558806597,0.5899176868546331,low,0
S0001,2025-02-07,6,mid,4,24.607678222398995,0,1,1,1,0,8.257231091142584,0.0,5.859695625355326,0.8623637087467452,0.9495206236576421,0.14707348092903794,0.8531752503229888,0.0,0.4921162930795382,0.25824438829895835,low,0
S0001,2025-02-08,6,mid,6,44.67305251905907,0,1,3,0,1,5.97018822322655,0.0,3.8124229782647516,0.46011915898357203,0.5847661059491537,0.40030048891028136,0.39533514739386355,0.0,0.18006727234929853,0.696501466227079,low,0
S0001,2025-02-09,6,mid,6,42.64681258092748,0,2,3,0,0,3.9394847632551184,0.0,7.621381503212968,0.17701048427674682,0.08870253375705561,0.12063587110060081,-0.07844246393454846,0.0,0.2063337184057925,0.36426986104807546,low,0
S0001,2025-02-10,6,mid,7,45.35263551971729,0,0,1,0,0,5.245010996679038,0.0,15.920382674807673,0.15697768271619372,0.3772859652420726,0.0025950243836465603,0.7366022140711737,0.0,0.08451700768068193,0.5972780822554306,low,0
S0001,2025-02-11,6,mid,6,48.156359766812386,0,1,4,0,1,8.289935427002568,0.0,9.252891881330864,0.0366832028905979,0.25243694434402075,0.7133495858845524,0.7904136753743987,0.0,0.5116774421156661,0.5321134852653157,low,0
S0001,2025-02-12,7,mid,5,35.44459559399574,0,1,1,0,0,5.519842938271458,0.0,6.126891787305655,0.8407099858779311,0.08920432871205619,0.5353355640155235,-0.5335671769003976,0.0,0.34292686427826025,0.47396994143055615,low,0
S0001,2025-02-13,7,mid,7,31.923429318162427,0,1,2,0,1,7.958867855657649,0.0,15.958409218680648,0.37877262595128935,0.3374468338719181,0.8996473971450123,0.21511044458714568,0.0,0.24435315546465453,0.4982476978489402,low,0
S0001,2025-02-14,7,mid,6,43.05748611765966,0,0,5,1,1,3.698714861756346,0.0,8.538623848705912,0.18656702405130576,0.2850951686938471,0.17337359529475482,0.7935308492528503,0.0,0.08023374566164221,0.5245113895702547,low,0
S0001,2025-02-15,7,mid,6,44.49761890550863,0,0,2,1,1,4.982418887393289,0.0,11.354233595942494,0.7228960966217757,0.8208614731533526,0.7184572708365536,0.07007346408982107,0.0,0.476619484126412,0.8385825587026248,low,0
S0001,2025-02-16,7,mid,5,51.38623649837644,0,2,5,1,0,4.60407406259737,0.0,11.430484282972332,0.5938830975578988,0.3692304815098961,0.45426797221909965,0.09720623587630639,0.0,0.5489219798889773,0.20173046233023584,low,0
S0001,2025-02-17,7,mid,5,47.609064338316735,0,0,1,0,0,3.553321835097532,0.0,17.30154423520725,0.41184091414726853,0.3488682665429953,0.9295291442478258,0.6612388155754583,0.0,0.9650269106665126,0.12429722348554473,low,0
S0001,2025-02-18,7,mid,6,45.8939391914565,0,0,3,0,1,6.158606873744441,0.0,11.491875333492326,0.7505019247653135,0.7995371309195156,0.8251326766927972,-0.6271900264237118,0.0,0.23569174606499976,0.6337585637201772,low,0
S0001,2025-02-19,8,mid,5,51.081138912183334,0,2,3,0,1,0.34729657300044625,0.0,14.532409654343578,0.5774862709061257,0.3553624518183959,0.3914821102015019,0.06371495937634797,0.0,0.06661911239081697,0.22902539092479635,low,0
S0001,2025-02-20,8,mid,3,59.32481917452506,0,0,3,1,1,5.676992814988829,0.0,8.754136258297596,0.6200727559285135,0.5334610919763215,0.8938925830509576,0.5771944224490615,0.0,0.15167487973275118,0.31172206779554823,low,0
S0001,2025-02-21,8,mid,6,36.43916174091133,0,0,2,1,0,4.30494653245409,0.0,12.487416053755805,0.8212573046720129,0.11063173695520723,0.8464522917345182,-0.7450226753360352,0.0,0.39728729056036727,0.7972953657795536,low,0
S0001,2025-02-22,8,mid,5,39.47354226652995,0,2,3,1,1,6.436197096503367,0.0,14.702783262636903,0.8267988278090783,0.9590747945640278,0.3425242571785434,-0.545298033940026,0.0,0.4235968624204829,0.2879296164757261,low,0
S0001,2025-02-23,8,mid,6,47.126557623830195,0,0,2,0,0,5.218789589209786,0.0,12.177299871696075,0.6966508238768923,0.9224993811772957,0.7072386343133986,-0.6949219141714773,0.0,0.5762883601668132,0.6067150463828559,low,0
S0001,2025-02-24,8,mid,7,39.88784323568815,0,3,5,1,1,5.8376788277369736,0.0,8.83213542481752,0.33214641265493894,0.3114442640456412,0.22739562087711263,0.21578878758851738,0.0,0.37930569838554884,0.7442496518432888,low,0
S0001,2025-02-25,8,mid,6,38.69587375970366,0,1,4,0,1,4.540240857107227,0.0,11.884420040442008,0.3469532018962277,0.7375012481097484,0.45221794088980716,-0.5507903541200361,0.0,0.4524395161326934,0.14085702037979986,low,0
S0001,2025-02-26,9,mid,5,31.80854954798055,0,2,3,1,1,4.462222618890339,0.0,6.6804222737749885,0.08534966807864386,0.9968742518459474,0.5021950103312426,0.19077003464008757,0.0,0.06707647738842748,0.7499604703991778,low,0
S0001,2025-02-27,9,mid,6,43.556395880760576,0,0,5,0,0,7.172211053539311,0.0,8.816253045290216,0.5874536042340743,0.29404467922097155,0.7140591997898282,0.05529546028957166,0.0,0.5344558912572469,0.48108794838758595,low,0
S0001,2025-02-28,9,mid,7,44.82076426438146,0,0,5,0,0,3.342683927324411,0.0,12.764904155061542,0.8974304098188842,0.5265784666592938,0.800749771486121,0.9578628712319224,0.0,0.8397888594565706,0.8669937600115235,low,0
S0001,2025-03-01,9,mid,7,23.25676435913353,0,0,3,0,0,1.5829934408629849,0.0,13.031035008824734,0.5694435177635003,0.887460482513503,0.5567215847833661,0.4416261926210132,0.0,0.8053149673579051,0.9887287819554428,low,0
S0001,2025-03-02,9,mid,7,49.203245871845205,0,2,2,0,1,1.6604416558631998,0.0,15.294060802788156,0.8926717110769748,0.8174435617384409,0.34181735169787597,-0.48115313313741503,0.0,0.3796924081672669,0.5902949425148077,low,0
S0001,2025-03-03,9,mid,6,30.869756546582224,0,1,2,0,1,4.289935344706551,0.0,10.772419703747973,0.5657766199665605,0.9853673122417347,0.4710654526938144,-0.6357857223568335,0.0,0.48477836715034617,0.5124576558819216,low,0
S0001,2025-03-04,9,mid,6,55.57124933356309,0,1,3,1,1,7.206050533555565,0.0,13.454276123394196,0.8225838759116739,0.5296616786550811,0.8150544284024571,-0.00381849297798853,0.0,0.06717539991571009,0.40524808802768875,low,0
S0001,2025-03-05,10,mid,7,44.79151239334864,0,0,5,0,0,6.822752391609128,0.0,7.2503625256736814,0.25073066056159776,0.6330980633574476,0.4942738501382714,0.1465887563588013,0.0,0.8381069631782958,0.4043815015490243,low,0
S0001,2025-03-06,10,mid,5,59.54927808325667,0,0,3,0,0,5.294415658739205,0.0,9.33237558348658,0.06824970535409158,0.8370789907030294,0.4371933963572435,0.831027354583828,0.0,0.7215328611219056,0.6104046670079576,low,0
S0001,2025-03-07,10,mid,5,50.55145288711121,0,1,1,1,1,2.536083748507957,0.0,10.43568033138804,0.8415296603100434,0.8464078493145573,0.955236312723479,-0.6906557182335276,0.0,0.6233325509049907,0.4742373087003696,low,0
S0001,2025-03-08,10,mid,4,31.708541728384837,0,1,2,0,0,6.971445433647127,0.0,8.216606355585334,0.9620987857641177,0.7900135587918561,0.6905602324456406,0.04260133482713879,0.0,0.0867052118621836,0.9581707930039304,low,0
S0001,2025-03-09,10,mid,6,57.86148455106442,0,2,1,1,0,7.7096903447465,0.0,13.085927890909197,0.05159580665871,0.6699174645500392,0.044165437710100175,0.1765275139398621,0.0,0.9993534995658349,0.5558065814371796,low,0
S0001,2025-03-10,10,mid,4,42.2050093419996,0,0,1,0,1,4.607994737515337,0.0,7.108577469708346,0.7953418379590974,0.7450645481202204,0.054882614646474925,-0.0897126299276878,0.0,0.5224345760711689,0.6445466506258222,low,0
S0001,2025-03-11,10,mid,4,59.14040461002768,0,1,3,0,0,7.511512251147042,0.0,7.316178093341488,0.06535634079894237,0.31529033783061033,0.5394912923753372,0.5814463296779271,0.0,0.3187525029320699,0.6258913764370091,low,0
S0001,2025-03-12,11,mid,6,53.89630795623437,0,0,3,1,1,6.4267991804108915,0.0,10.141051639371236,0.7987832357736654,0.9979341105333375,0.35071181545171015,0.5343765778622538,0.0,0.40193091360924216,0.47987562030390885,low,0
S0001,2025-03-13,11,mid,6,48.13861963470134,0,2,4,0,0,4.159626365808285,0.0,9.154646173418477,0.35462215764077654,0.28723899165408173,0.2963081204559901,-0.5327844979001801,0.0,0.04209318963636188,0.01787393473341381,low,0
S0001,2025-03-14,11,mid,5,47.342147325365204,0,1,4,0,1,3.7028962878812584,0.0,12.4055719961205,0.5885542289732454,0.9823305150800816,0.8841989781315029,0.20159689288439608,0.0,0.9037239671752705,0.9891849098133589,low,0
S0001,2025-03-15,11,mid,5,45.543188864542365,0,1,5,0,0,4.168265317176431,0.0,9.68785072960109,0.9572702629833256,0.8262056957939659,0.8007696871298751,0.2595558459923062,0.0,0.21632402303655351,0.5182603666763922,low,0
S0001,2025-03-16,11,mid,6,69.53842174145709,0,0,3,1,1,3.3352888537915426,0.0,11.414246669159212,0.8158331249906178,0.22444057183666066,0.22381761482262308,0.07394884578682714,0.0,0.5929399348417032,0.5800862078378112,low,0
S0001,2025-03-17,11,mid,5,41.122984400640156,0,5,3,1,1,4.529086555590612,0.0,10.306386762613101,0.5326025194007621,0.9621219725920498,0.10946886005445389,0.7889598619361349,0.0,0.9914753351450482,0.06151702623923505,low,0
S0001,2025-03-18,11,mid,6,55.3047342043583,0,2,3,0,0,5.3147230025805925,0.0,15.19396173972753,0.8681608040515469,0.24528553225533456,0.15734065970252598,-0.6791997893398558,0.0,0.3340088787452379,0.2386900313010175,low,0
S0001,2025-03-19,12,mid,5,50.94368808923169,0,3,2,1,1,7.413017933016714,0.0,7.549192987038292,0.1607598960483082,0.8179670241190622,0.8321341779577419,0.014935467521672408,0.0,0.00638587171683358,0.2870381331749128,low,0
S0001,2025-03-20,12,mid,6,45.46436548156149,0,1,4,1,1,4.557605336548402,0.0,10.569162650674174,0.2833429482655816,0.01842771873821747,0.4322407838925123,0.6802430054824375,0.0,0.3921512114451966,0.1794973234238334,low,0
S0001,2025-03-21,12,mid,6,51.76770270716955,0,0,4,1,1,7.1472634997195446,0.0,6.920454101766819,0.0673506014687717,0.5821704601762733,0.34588305695295674,0.24183103553495422,0.0,0.04574203381251285,0.8715368061523763,low,0
S0001,2025-03-22,12,mid,5,48.772118750645205,0,1,3,0,1,7.27320954340912,0.0,8.629098029267725,0.2525087496883822,0.0010294798456333965,0.15893828327675652,-0.0629211664628313,0.0,0.9443036349578299,0.10219361969371898,low,0
S0001,2025-03-23,12,mid,6,56.659137153714006,0,1,2,0,1,4.031381638827264,0.0,8.936127451199518,0.8680543225322929,0.9632366534401319,0.03130231374751624,0.46254013394737115,0.0,0.9095245109478184,0.8573600920924986,low,0
S0001,2025-03-24,12,mid,4,39.33330587489894,0,0,2,0,0,5.148412427600311,0.0,9.311792191808943,0.36852634372376114,0.864358249839637,0.47320990669155716,0.9363868558294435,0.0,0.18552551570312115,0.8686231679556108,low,0
S0001,2025-03-25,12,mid,6,52.22540080290077,0,3,5,1,1,8.27622549909528,0.0,14.503116520013382,0.24753995560337516,0.5584126725831979,0.22554014244373544,-0.6783490618436199,0.0,0.6515194668022647,0.3259254639520749,low,0
S0001,2025-03-26,13,mid,4,64.65327508453711,0,1,5,1,1,4.095387361501847,0.0,2.7283620201131296,0.6000205481193037,0.29166257870930323,0.6949818861265425,0.7202447943784092,0.0,0.7798509888933498,0.039618825348357145,low,0
S0001,2025-03-27,13,mid,5,44.5228864385802,0,0,1,1,1,4.971925781313778,0.0,8.85045244604178,0.2103495799188686,0.34601656764483957,0.7758047357929561,0.882475008464773,0.0,0.0724162721463415,0.5342422059764451,low,0
S0001,2025-03-28,13,mid,5,55.751242752172885,0,0,2,1,1,3.8576420204344064,0.0,11.717748344068475,0.16748258225906976,0.10456784033440025,0.6364302495436367,0.4129514529738023,0.0,0.03158614482564204,0.9362122462436898,low,0
S0001,2025-03-29,13,mid,6,38.53063222294426,0,3,3,0,0,6.302818561854044,0.0,15.929632821184683,0.5974758626319301,0.7838325534188619,0.48090383144898485,-0.9184917878150545,0.0,0.16399948098949724,0.4386072164895384,low,0
S0001,2025-03-30,13,mid,6,60.67353001959409,0,1,3,1,0,6.0456709760709995,0.0,8.278899988184262,0.6587077755008761,0.498195716453139,0.5553635509376312,0.4384035565445277,0.0,0.22845474133129873,0.9963339160567419,low,0
S0001,2025-03-31,13,mid,6,46.200313267182615,0,0,3,0,0,2.3106291495121316,0.0,8.88948810833983,0.8404524062769335,0.17419333657825364,0.9607805514869769,-0.1681852677061184,0.0,0.8462452920190493,0.6287648182059451,low,0
S0002,2025-01-01,1,mid,4,65.01737102530136,0,1,2,0,1,6.199567711929458,0.0,13.400640323508117,0.9921333163406724,0.283854528608645,0.35915102966623147,-0.23230569626440745,0.0,0.4658128070202485,0.8359980637812094,low,0
S0002,2025-01-02,1,mid,6,37.82712050043922,0,1,2,1,1,4.9488918580171095,0.0,13.518187057778094,0.24723107440317704,0.8707499012725114,0.4453052550026655,0.029634707859380383,0.0,0.3592333693997657,0.5929508514349274,low,0
S0002,2025-01-03,1,mid,5,33.803301053738565,0,1,5,0,0,8.433530960628774,0.0,14.612834680222125,0.396659776343562,0.23702785710833618,0.2346740382615511,0.7674193393215052,0.0,0.4420243737828575,0.33088936298917193,low,0
S0002,2025-01-04,1,mid,7,39.10021409585556,0,0,5,1,1,8.00151958126862,0.0,12.55066522634048,0.16704190790094986,0.16761921628831766,0.03667142693354297,0.47280403013128103,0.0,0.6638045276218051,0.4746308757498139,low,0
S0002,2025-01-05,1,mid,6,49.300416471910694,0,2,5,1,1,2.5253167091059074,0.0,11.887746915680754,0.1800104374727235,0.08855558422324139,0.10330895712401567,0.16934140088517746,0.0,0.6882078658665954,0.397378988464401,low,0
S0002,2025-01-06,1,mid,7,42.86864663332679,0,0,1,1,0,4.732840317389568,0.0,13.257599025603417,0.5155960285792502,0.4888465802569202,0.6668642575461043,-0.7206974904873742,0.0,0.029973589872677953,0.3079299415911909,low,0
S0002,2025-01-07,1,mid,5,51.44268159509302,0,2,5,1,1,4.6186351984733065,0.0,10.652298619539168,0.6926259522261645,0.8381152896481102,0.9446142194740232,0.36649605657929163,0.0,0.4971747640084273,0.6178472402012138,low,0
S0002,2025-01-08,2,mid,6,55.50654396007612,0,0,1,1,1,2.8466789836446686,0.0,12.005223882827096,0.6588854702326572,0.3938644056541585,0.6512329770414921,-0.7868139393840186,0.0,0.657845304603036,0.9994137257706666,low,0
S0002,2025-01-09,2,mid,7,42.4761995653555,0,2,4,1,0,6.802949259895572,0.0,9.583412238415985,0.8778911590413275,0.3171957167653986,0.868900625540571,-0.24865549623654704,0.0,0.2968692745602808,0.6490746587943931,low,0
S0002,2025-01-10,2,mid,7,30.379640284981143,0,1,3,1,0,1.8945458643679247,0.0,9.089392043268406,0.3732517916293401,0.22726962726315147,0.07319592376844364,0.2068971867627558,0.0,0.6682127985550163,0.6194903460096145,low,0
S0002,2025-01-11,2,mid,3,38.17007669648877,0,2,5,0,1,1.7386532651694715,0.0,10.512912914704657,0.47669547504115917,0.3943653238183502,0.5494142384304533,0.4937514322716454,0.0,0.7154909070992744,0.5212341324853343,low,0
S0002,2025-01-12,2,mid,5,57.61820412934109,0,1,1,1,0,2.5653902882739743,0.0,8.55385961551535,0.4791832294435999,0.19455832318530097,0.16633160774314215,0.23470351482594842,0.0,0.5230847245817847,0.6700960346109417,low,0
S0002,2025-01-13,2,mid,6,52.696577513456255,0,1,2,1,0,2.8827213012058372,0.0,10.189496377921522,0.8594157932805891,0.7997810954240216,0.184585129537033,-0.40944342155937985,0.0,0.7934072581478373,0.18522844654740966,low,0
S0002,2025-01-14,2,mid,5,52.96208808452521,0,0,1,1,1,2.9964634428706907,0.0,10.20541410558601,0.002584014844982385,0.6379852057932976,0.5151751703337316,0.18707713824629435,0.0,0.7937438503805163,0.6466059134228601,low,0
S0002,2025-01-15,3,mid,5,34.18580371254596,0,3,4,1,1,4.410100643415944,0.0,13.743226218021201,0.6675498992914705,0.09553531383466818,0.623859324676573,-0.09646464252554177,0.0,0.5866084631754741,0.16801420774486342,low,0
S0002,2025-01-16,3,mid,6,49.137990974514985,0,0,1,1,1,2.8731967089642945,0.0,7.779859246531686,0.20618616451842642,0.6379607933159701,0.2568838476457148,0.2640309720408369,0.0,0.058454614108553904,0.14177439352710186,low,0
S0002,2025-01-17,3,mid,6,29.50468730421488,0,1,5,0,0,6.137966158370551,0.0,14.885189869385615,0.27416066655980587,0.0794193689889866,0.08565824959643054,0.7883817493282366,0.0,0.1918673247187429,0.32337156211552076,low,0
S0002,2025-01-18,3,mid,5,32.760597332377436,0,0,1,1,1,3.9581723613266306,0.0,10.616285788814407,0.6401682238281661,0.2711474365001848,0.5928119916534227,0.36026386220690276,0.0,0.23082918915401207,0.45685864488036865,low,0
S0002,2025-01-19,3,mid,4,31.703566977606922,0,2,4,1,1,5.220981077398937,0.0,11.133884379810622,0.7548378199408478,0.17047793817391754,0.4094778530052039,-0.15462177320762094,0.0,0.8218064439010868,0.0012366797594094425,low,0
S0002,2025-01-20,3,mid,3,40.007027604280026,0,0,3,1,1,7.426195399958367,0.0,10.425150740919713,0.5209579772720422,0.6235856880027597,0.08912443211601662,0.5105408409936159,0.0,0.12771348363523483,0.8260676302525284,low,0
S0002,2025-01-21,3,mid,6,54.56702316794584,0,0,1,0,1,2.686500659327888,0.0,5.386458022213389,0.34632176858900354,0.2390553321972656,0.5097242467516981,0.6505722164657937,0.0,0.2797035384714792,0.9423870191022331,low,0
S0002,2025-01-22,4,mid,6,59.02072147217844,0,1,4,0,0,5.16365871709513,0.0,9.703331040426573,0.3806232934765801,0.8779743204450695,0.8680566901074503,0.6118508002352423,0.0,0.7900304363070614,0.3046791390980408,low,0
S0002,2025-01-23,4,mid,5,37.442548405071555,0,0,2,0,1,5.174629948017127,0.0,11.64007481731394,0.9327307404762548,0.5751633504966249,0.4793544401378518,-0.3725446176118079,0.0,0.6063709444333756,0.13919802461752984,low,0
S0002,2025-01-24,4,mid,6,43.843778850425444,0,2,5,1,1,6.015515340623001,0.0,10.161965255337378,0.432497878330132,0.3118161330852596,0.5061418628402441,-0.12097662273417975,0.0,0.10566468426174391,0.6408263146902062,low,0
S0002,2025-01-25,4,mid,6,32.175013788784774,0,1,3,0,0,3.8747994366926153,0.0,8.19524895575717,0.4846015870188647,0.754253544343863,0.6194977514075877,-0.4052899035263222,0.0,0.4303371775089212,0.1706647585499984,low,0
S0002,2025-01-26,4,mid,5,39.3954490172006,0,2,1,0,0,3.8143441252410213,0.0,8.478001673834362,0.6557236725616563,0.8480158852494014,0.7243174696766612,0.5841872675210864,0.0,0.4047984290851998,0.6540757953719981,low,0
S0002,2025-01-27,4,mid,6,23.261787437653023,0,1,5,1,0,4.940219052195401,0.0,9.477058884895756,0.4813441516353236,0.019192276823056686,0.2598132087450342,0.52057964624427,0.0,0.13710970572899905,0.5353101314525917,low,0
S0002,2025-01-28,4,mid,5,44.69061002844376,0,1,4,1,0,4.220806786282415,0.0,11.661499995344638,0.6517106479109683,0.8106859279862663,0.6140813111847361,0.7191304632938915,0.0,0.3923937215284745,0.9562221906489483,low,0
S0002,2025-01-29,5,mid,6,46.66652828563513,0,1,1,1,1,9.314616426531007,0.0,8.182855230989984,0.6593539222057827,0.8951177407065364,0.6366696821672073,0.22786716952012354,0.0,0.06665204056068996,0.5184080219452041,low,0
S0002,2025-01-30,5,mid,6,38.22284630247894,0,1,5,1,0,6.586112761314858,0.0,13.6832567794579,0.8021305581275875,0.10536753395280596,0.03557086703554835,0.01715857889515693,0.0,0.38759523148276953,0.46194693667095577,low,0
S0002,2025-01-31,5,mid,4,27.213691667901966,0,2,2,1,0,6.992095371611633,0.0,7.7296147342916175,0.6246635688542638,0.3819396396528959,0.2056872621955551,-0.7572271636811871,0.0,0.6150129680388666,0.774633780637788,low,0
S0002,2025-02-01,5,mid,6,66.65002344901083,0,0,2,1,0,4.853862063185854,0.0,6.798950240746372,0.11395663471431716,0.4860155029775399,0.9202971812194077,0.04153628366842543,0.0,0.6164997268950835,0.1566384369738083,low,0
S0002,2025-02-02,5,mid,5,47.01700559916547,0,1,2,0,1,4.557492752828456,0.0,9.169560100333237,0.8869249002092695,0.645810812655206,0.28590678923916013,0.6318938779372345,0.0,0.861369996363436,0.846514338690278,low,0
S0002,2025-02-03,5,mid,5,47.825799504882994,0,1,4,1,0,7.249597289186383,0.0,7.601817771515694,0.26933129830202507,0.5395562204955051,0.7279471767307432,-0.7841125707070713,0.0,0.6852980161158734,0.0918708877100447,low,0
S0002,2025-02-04,5,mid,5,50.364167323950426,0,0,4,0,1,9.60082017089394,0.0,13.226299189315114,0.50836054691628,0.2975484513188206,0.5650219928590161,0.3777706041001814,0.0,0.8733229158608077,0.6362913539792481,low,0
S0002,2025-02-05,6,mid,5,49.78089996627456,0,1,1,1,0,4.289376227764133,0.0,11.830733126814238,0.19395386726777486,0.8798164859419387,0.6575603127780231,-0.37814213998489166,0.0,0.7423480505725092,0.8151183844803679,low,0
S0002,2025-02-06,6,mid,7,54.451937270135936,0,1,4,1,1,3.43020337383552,0.0,11.944841301531577,0.9580734801193802,0.3679407513020845,0.3269316163380791,-0.7022238993351106,0.0,0.3056042154902149,0.8766507618282006,low,0
S0002,2025-02-07,6,mid,7,41.003638143853976,0,2,5,1,1,4.212037273395158,0.0,8.76452153704324,0.3876735947503942,0.40232712468655596,0.8742624706102378,0.020219424997650393,0.0,0.7234047656122863,0.10413735792028744,low,0
S0002,2025-02-08,6,mid,6,35.06621794416144,0,0,2,1,1,4.387293078457381,0.0,10.196781537049535,0.3221080042291855,0.636490651049154,0.14899973614924344,0.3908312966561065,0.0,0.7459252088136745,0.9819691904461453,low,0
S0002,2025-02-09,6,mid,6,40.06240057639544,0,1,1,0,0,4.834638628314601,0.0,9.634757474850149,0.5982252940637388,0.7356631142391898,0.9983475113929496,0.8662266626871153,0.0,0.6425651995351915,0.421248053294072,low,0
S0002,2025-02-10,6,mid,7,50.82097703468616,0,0,4,0,0,8.769172611869218,0.0,14.629730584816567,0.18447625313363936,0.3622354416522884,0.33451128874193214,-0.9476065829358704,0.0,0.024191763891355245,0.8316970436757735,low,0
S0002,2025-02-11,6,mid,6,27.315606344371485,0,0,5,0,1,4.177158054681259,0.0,11.586246537398983,0.37691416473637196,0.46173281361238216,0.48090600075306966,-0.12963920148928643,0.0,0.9373532942158644,0.7060190076640246,low,0
S0002,2025-02-12,7,mid,5,46.418351671429036,0,3,1,1,1,3.0032291216234173,0.0,10.905375699458398,0.7513750860290457,0.6569551562671395,0.956614621083458,-0.8620839672871576,0.0,0.05705472115125432,0.28218707469320015,low,0
S0002,2025-02-13,7,mid,5,36.7311964596014,0,1,2,0,0,3.5643532278965555,0.0,8.546917167182933,0.8530896234036505,0.046500586440065494,0.6196994401994157,0.12398569493361355,0.0,0.34592044750169426,0.315189521097359,low,0
S0002,2025-02-14,7,mid,5,46.10956096068043,0,0,3,1,1,6.4048131383021305,0.0,10.290249684877349,0.05225787928602377,0.4187933190741614,0.26015779096205116,0.4616419299614596,0.0,0.9812970904972467,0.2565300624442478,low,0
S0002,2025-02-15,7,mid,4,50.67055517388103,0,1,1,0,1,3.353763877303841,0.0,9.507461765138485,0.6837541055770425,0.5451055282606997,0.980516822001106,-0.5451810082772421,0.0,0.40397787632654825,0.5425458033954229,low,0
S0002,2025-02-16,7,mid,6,59.29324262712855,0,1,2,0,1,5.873119608315336,0.0,12.711804523258586,0.4622955610006072,0.4117655415845085,0.6509734671509542,0.09086373881381093,0.0,0.062273105881885615,0.5125026487703317,low,0
S0002,2025-02-17,7,mid,5,58.74876419148185,0,0,1,1,1,3.5819325766705896,0.0,8.4686918427191,0.33021506487149754,0.756751505688635,0.5193858595039373,-0.5902374516985749,0.0,0.8778300781520408,0.8795818549515292,low,0
S0002,2025-02-18,7,mid,5,50.11415500929954,0,2,2,0,1,6.766219554294318,0.0,9.766488408961594,0.5387017979527142,0.4978125080342902,0.10547369995663058,0.3135602094485881,0.0,0.8221031606002255,0.38042000750756233,low,0
S0002,2025-02-19,8,mid,6,30.617220216826333,0,0,4,0,1,3.113233901260129,0.0,6.628295599404721,0.6426746576724236,0.19584081258691888,0.8969579304235343,0.04038104650310892,0.0,0.44760294032021697,0.5578201919292014,low,0
S0002,2025-02-20,8,mid,6,33.8138066556644,0,0,3,1,0,3.9069852109824907,0.0,8.452848790200994,0.8939897100078704,0.6542925523249619,0.15210428322227287,-0.11935316326330203,0.0,0.615298025069802,0.08346408498938329,low,0
S0002,2025-02-21,8,mid,6,47.41238137655348,0,2,5,0,1,2.8752129437062406,0.0,11.284921291622945,0.881927758304644,0.42748968792061515,0.16223340578247936,-0.9747849600484819,0.0,0.5597556836383826,0.5273996221226763,low,0
S0002,2025-02-22,8,mid,6,48.257963165821664,0,0,5,0,0,2.4825367014739785,0.0,6.97252513195111,0.9182079996227752,0.11074844531895811,0.7595824101146318,0.976131133305548,0.0,0.9012960107746488,0.6516679187064259,low,0
S0002,2025-02-23,8,mid,4,36.601747525478324,0,3,4,1,1,4.522135801660611,0.0,8.899526764555937,0.1419719897609939,0.3479414115821666,0.45035097890541265,0.49765267392661294,0.0,0.6511475848816741,0.6209285674784312,low,0
S0002,2025-02-24,8,mid,6,40.683796872819514,0,2,4,0,1,4.364853602352524,0.0,7.973615665432666,0.0038171341243471435,0.6816694824016201,0.16713201147122125,0.31056481938331637,0.0,0.9917426171678388,0.07267087161001629,low,0
S0002,2025-02-25,8,mid,5,39.05823251270043,0,1,5,0,0,7.057365221392784,0.0,6.049753459533829,0.9383048184484827,0.871204482263052,0.7660647765353026,0.5768946865065974,0.0,0.6649849034759953,0.260286857566003,low,0
S0002,2025-02-26,9,mid,6,51.50381788721268,0,1,4,0,1,4.523443078600834,0.0,6.958786025752408,0.8023543291592642,0.4790700631033512,0.018000088945214987,-0.15711191684150516,0.0,0.027175016090844162,0.9662434107067982,low,0
S0002,2025-02-27,9,mid,6,38.03580207077397,0,5,1,0,1,3.928073109771904,0.0,12.424173394843436,0.872753839566128,0.11258039041193701,0.7036859774607958,0.08139695328982066,0.0,0.09653447019544081,0.24189382825883898,low,0
S0002,2025-02-28,9,mid,5,41.968202171657246,0,0,3,0,0,6.490808394690804,0.0,7.342252012122163,0.5988082963834914,0.06449127124916754,0.8772394571622004,0.754523525652359,0.0,0.33040800387577385,0.3404058433495647,low,0
S0002,2025-03-01,9,mid,7,46.147106181639685,0,0,4,0,0,3.5324240524292723,0.0,10.108190174408882,0.8313735143857098,0.5989785081772105,0.11493299705956683,-0.8122854303532876,0.0,0.9096268194365924,0.6692002629380784,low,0
S0002,2025-03-02,9,mid,6,71.8753436569696,0,1,4,1,0,4.222851793521747,0.0,7.345550899931059,0.16482467534676204,0.17058191155709002,0.9481083201714422,-0.10950777543042367,0.0,0.7888022639053596,0.6396055611776819,low,0
S0002,2025-03-03,9,mid,5,48.88720123051109,0,0,4,0,0,5.848468519423798,0.0,10.430017502818693,0.6006510665483559,0.7435939161765598,0.5062660594952028,0.2682080627526626,0.0,0.07093221613377343,0.254391580841847,low,0
S0002,2025-03-04,9,mid,5,22.922490836174312,0,0,3,1,1,2.1873650726563323,0.0,9.750683282113915,0.6107800710757683,0.2806832155159743,0.20699257843842678,0.03314525689195813,0.0,0.005505799160420821,0.0076640326492253275,low,0
S0002,2025-03-05,10,mid,5,37.478435944094166,0,2,3,1,1,6.658649647856318,0.0,8.254486504248938,0.28456230176289754,0.8182066687482475,0.5315994646044309,0.75972535472232,0.0,0.5747795542644152,0.029668223064739818,low,0
S0002,2025-03-06,10,mid,5,46.131342376799715,0,2,4,0,1,5.687689646248598,0.0,12.306692089673419,0.2581732541911692,0.6746078529162162,0.29672764110409,0.4368584596374705,0.0,0.9540331275850406,0.7213934511062883,low,0
S0002,2025-03-07,10,mid,6,50.35173471049099,0,0,4,1,1,4.4629387041883355,0.0,7.326423323754138,0.456236508955542,0.3690530217609166,0.12102500048519305,-0.16210441962504918,0.0,0.7511780478084181,0.07100766453325547,low,0
S0002,2025-03-08,10,mid,5,38.4999741917654,0,3,3,0,1,2.7184411826282187,0.0,10.020409295178313,0.11573760667870536,0.1543215652830794,0.17184848132709452,0.2757541853272678,0.0,0.7409812502745785,0.5299915229264187,low,0
S0002,2025-03-09,10,mid,6,54.175452066641206,0,1,5,0,1,4.650724296380139,0.0,5.544933525157306,0.8167232025585446,0.06738455478552252,0.3873925856686593,0.7036824737478953,0.0,0.40389786417012374,0.07761464473144086,low,0
S0002,2025-03-10,10,mid,7,46.31458400781221,0,1,3,0,1,7.992014425434356,0.0,11.371689624483068,0.0988736176406354,0.8896520330175663,0.01230970301607559,-0.2598953306514895,0.0,0.027420309972657653,0.39297422534529125,low,0
S0002,2025-03-11,10,mid,7,75.87155150198406,0,0,4,0,1,5.4553065652626085,0.0,3.652240013587024,0.3789102780588144,0.006710390304059954,0.38587450289511593,0.583440518522693,0.0,0.5959888421834818,0.10125991461515893,low,0
S0002,2025-03-12,11,mid,6,56.966908176546376,0,2,4,0,0,5.0559029104889195,0.0,11.254561235403248,0.13578904706393713,0.09930220275369295,0.20886407070573998,0.8512746600506715,0.0,0.4141502243282268,0.39543426799291437,low,0
S0002,2025-03-13,11,mid,5,40.56381695482946,0,1,2,0,0,4.813131858166001,0.0,10.686947275183234,0.8884036723086812,0.6029428764794615,0.8267073597414875,0.9680263264209286,0.0,0.2884054378187457,0.961135485407593,low,0
S0002,2025-03-14,11,mid,4,30.13722970049706,0,0,4,0,0,10.265848873859703,0.0,4.583183581279701,0.16833695591913023,0.24690742666758558,0.8385492149028282,-0.2876287057648117,0.0,0.826814973796419,0.7090137242870318,low,0
S0002,2025-03-15,11,mid,6,31.77900680055142,0,1,3,0,1,6.922843370735086,0.0,4.525827859297783,0.1391967013456955,0.4440437492022029,0.6262343214210638,-0.022204336415097226,0.0,0.40177880065432425,0.9938483888996982,low,0
S0002,2025-03-16,11,mid,6,53.99464971148246,0,1,5,0,0,5.169565729287918,0.0,9.746042374454717,0.7108847166823191,0.9069428088348339,0.13237237903497245,0.18602900072119533,0.0,0.5991205850403252,0.35346074054678245,low,0
S0002,2025-03-17,11,mid,5,44.50966626566522,0,2,4,0,1,5.037560608632899,0.0,11.961135640768582,0.0936724207059102,0.7546212215985918,0.49193110010572905,-0.3951050434212402,0.0,0.49141817752855677,0.5224441454054645,low,0
S0002,2025-03-18,11,mid,4,64.3638930256891,0,2,1,0,0,4.890211998767427,0.0,10.85666222457297,0.8275189221063031,0.7645277946547177,0.5735289514555733,0.9120942872238662,0.0,0.20047451552840279,0.10926421030962141,low,0
S0002,2025-03-19,12,mid,5,56.337700968670646,0,2,3,0,0,9.666488808570602,0.0,10.576848023197122,0.9263826067300868,0.01911609442976403,0.4768434683178171,0.37544408486112135,0.0,0.7227069576982285,0.692532431537108,low,0
S0002,2025-03-20,12,mid,5,37.52921920698358,0,0,2,0,1,5.4232819550172975,0.0,15.177723311057123,0.7933940143053477,0.9905460327701334,0.20065101740376123,0.9892972831199958,0.0,0.089812154282774,0.002317547904813866,low,0
S0002,2025-03-21,12,mid,5,41.435283626316696,0,1,5,1,1,6.394205711816545,0.0,13.547361479815912,0.7661159327955862,0.8459214396777321,0.6136041142374584,-0.8227905720606419,0.0,0.48762780966721087,0.07764933467160506,low,0
S0002,2025-03-22,12,mid,4,28.674415970079068,0,0,3,1,0,7.193506853599882,0.0,15.641305439207965,0.6977562760734295,0.00608874823983907,0.10094119997752149,0.7378885045582901,0.0,0.6817486440901612,0.1129316426860113,low,0
S0002,2025-03-23,12,mid,5,51.28306925471167,0,1,2,0,1,3.003940325640559,0.0,7.709705979549986,0.2810044989087136,0.8034827432968846,0.9292280536318539,-0.18979461094486716,0.0,0.9061110021324971,0.32149570124788196,low,0
S0002,2025-03-24,12,mid,4,43.674833204581034,0,3,1,0,1,6.196115392905818,0.0,7.451839254532285,0.8669334683518837,0.45394684810835706,0.8214319916425933,0.10931469607019118,0.0,0.637090837080905,0.5262784603382027,low,0
S0002,2025-03-25,12,mid,4,42.82806649939035,0,0,4,0,0,3.5223942625395566,0.0,12.669748997695505,0.49669542281794654,0.2842740929275167,0.13382836299969314,0.25911539378347315,0.0,0.05433203482290383,0.7486452341262,low,0
S0002,2025-03-26,13,mid,5,45.153789813721055,0,0,1,0,1,6.650196529335269,0.0,7.3986093528672985,0.3162701497293068,0.10189238806601353,0.3602339188004279,-0.45921342723094893,0.0,0.8427119021605549,0.31334791758514313,low,0
S0002,2025-03-27,13,mid,6,46.93589911367545,0,2,4,0,0,6.476160749819302,0.0,10.332668436663303,0.8442487024058184,0.6758477464643364,0.13911584889108752,-0.49153723250260883,0.0,0.8755112265526162,0.18280723665690046,low,0
S0002,2025-03-28,13,mid,5,41.06242683526788,0,2,4,0,0,4.12378035151281,0.0,10.419330909298706,0.36005046590097833,0.9567998154842862,0.5004011457102012,-0.13454172796059072,0.0,0.457699605159294,0.20888272400516372,low,0
S0002,2025-03-29,13,mid,4,30.835023649205326,0,0,1,0,1,0.6705714993791787,0.0,14.015865203171353,0.7196538166105304,0.37116161478574183,0.8697631766817108,0.46099272191758045,0.0,0.6477131710629215,0.7962405955628543,low,0
S0002,2025-03-30,13,mid,6,43.35583559538619,0,0,3,1,1,2.6211762142653443,0.0,14.92801885976789,0.7132068832826177,0.1992152748940531,0.8902150026361744,-0.42518080706884054,0.0,0.3677859877561529,0.058091952080349785,low,0
S0002,2025-03-31,13,mid,6,34.978125442185274,0,0,5,1,1,5.583460754506816,0.0,9.450465193284314,0.8382653595457049,0.7093829670873909,0.9488459558311304,-0.9371563569774541,0.0,0.736200425060762,0.33024277933640533,low,0
S0003,2025-01-01,1,mid,5,45.15019226594289,0,2,1,1,0,6.430762630882488,0.0,12.154557177123802,0.521296047654139,0.9760138232792136,0.12555021476265338,-0.966104670220838,0.0,0.770158211757096,0.8071555373648825,low,0
S0003,2025-01-02,1,mid,5,39.26398227103099,0,0,5,0,0,3.3067765817333425,0.0,12.193739520011219,0.6418599588553554,0.5706496238809349,0.5680925123378673,0.32601469228355184,0.0,0.548382036195654,0.8792551148463846,low,0
S0003,2025-01-03,1,mid,6,64.43603048183171,0,2,5,1,0,4.2083424385366754,0.0,9.46112799929429,0.2282353634936991,0.24660363497802462,0.4840770697102016,0.49488881319338796,0.0,0.4738098283979466,0.057844449447160606,low,0
S0003,2025-01-04,1,mid,6,45.51626376711208,0,0,1,0,0,6.5366858989722925,0.0,14.343584308230234,0.8960751117945733,0.8471944390335817,0.31514703913255326,-0.44752535004969385,0.0,0.9816533238524479,0.5272651809152565,low,0
S0003,2025-01-05,1,mid,7,50.17543775812271,0,1,4,0,0,5.331317887137065,0.0,8.850749759342309,0.6900965582378434,0.930606804846537,0.4973124461689724,-0.5394981585789707,0.0,0.04456382344867915,0.4156421866859057,low,0
S0003,2025-01-06,1,mid,7,37.14320403388004,0,0,2,0,1,4.619921929997011,0.0,8.927663731568718,0.8069654908839936,0.45966487040266124,0.5465771420322949,-0.1343679955810615,0.0,0.04389994264300512,0.16574977982015593,low,0
S0003,2025-01-07,1,mid,4,42.333476707655855,0,0,1,0,1,5.020350141482861,0.0,10.554826848623227,0.3918582964090789,0.6591137644695265,0.10889331398103907,0.27307729350670873,0.0,0.49823600049927297,0.40667406999858313,low,0
S0003,2025-01-08,2,mid,6,51.235221029507585,0,0,5,0,1,3.5667202598955106,0.0,10.471163744228324,0.6223432646172461,0.9811778367622945,0.19010764978372763,0.5851902325767666,0.0,0.9078987937796194,0.9437015928202208,low,0
S0003,2025-01-09,2,mid,6,50.720927784049216,0,2,4,0,1,7.784944325885146,0.0,13.525849323472148,0.1626997438085659,0.5650853124527563,0.7716269109786077,-0.002208670928116163,0.0,0.012103116776107425,0.009038469079292177,low,0
S0003,2025-01-10,2,mid,6,42.925224773161275,0,0,3,0,1,4.020099689678931,0.0,11.405817389498775,0.514683617121439,0.8082754395559376,0.25382107815669486,-0.508385121387694,0.0,0.40276439846225187,0.8946427975776345,low,0
S0003,2025-01-11,2,mid,5,51.15030193772319,0,1,3,1,1,5.495023833152409,0.0,10.45121631452849,0.9509285945025484,0.5771225860383208,0.3571211593005028,0.5750981717175585,0.0,0.25100138326230026,0.5640740288335178,low,0
S0003,2025-01-12,2,mid,7,32.55168761781843,0,0,2,1,0,5.974328880440384,0.0,11.972573240455331,0.22869440940036478,0.9563200933875275,0.14817792822994547,0.35909985426781676,0.0,0.22489021681591248,0.43138064877407467,low,0
S0003,2025-01-13,2,mid,6,62.02055154015926,0,1,3,0,0,6.558547774788327,0.0,9.128274690707913,0.9464565131504055,0.8925582274864745,0.4194479939573136,0.5607310060137634,0.0,0.4763357333010988,0.4975398521461022,low,0
S0003,2025-01-14,2,mid,6,31.744900883175937,0,0,3,1,0,5.184359019272974,0.0,9.050324943212464,0.364354238428232,0.29524180248964216,0.8794965707281264,-0.07999520883840217,0.0,0.09505304553269278,0.826746768026247,low,0
S0003,2025-01-15,3,mid,5,57.133813999049934,0,2,5,1,1,3.991640337984657,0.0,9.755431980695063,0.12786680122241756,0.7655467505158609,1.1634755366141114e-05,-0.16686834303541564,0.0,0.5225101810855884,0.054634420000972295,low,0
S0003,2025-01-16,3,mid,4,34.141748711148146,0,0,3,1,0,3.8124093554873513,0.0,7.102727753181222,0.7317247365642129,0.6406355928025865,0.41594390458185504,0.5181378785167514,0.0,0.6096310116569019,0.8960407996572191,low,0
S0003,2025-01-17,3,mid,5,52.34218218708196,0,0,1,1,1,7.919463750075881,0.0,4.839692347156545,0.6610142542473203,0.07845581631712395,0.5444969591038651,0.41864165694521915,0.0,0.16732130400106038,0.7806317174255571,low,0
S0003,2025-01-18,3,mid,6,46.05309320879087,0,0,1,0,1,5.289189006592969,0.0,11.474425191045821,0.12994137226794122,0.5600916974433955,0.780731853200901,0.41697939498559466,0.0,0.17208922929525938,0.9724199990401033,low,0
S0003,2025-01-19,3,mid,4,43.18993861340386,0,0,3,1,0,4.164440405136441,0.0,12.826714454492084,0.030857904308072448,0.051895299518410876,0.14217044670389556,-0.5732133040486209,0.0,0.6651461942384054,0.15732628000182824,low,0
S0003,2025-01-20,3,mid,6,40.51231775511369,0,1,1,0,0,7.582807096432017,0.0,-0.16044128446490014,0.3872372711780959,0.9065722106721628,0.016061864981006146,0.5643425261824924,0.0,0.12438283124132432,0.7975473605371994,low,0
S0003,2025-01-21,3,mid,7,48.63119341671357,0,0,3,0,0,5.612819709970426,0.0,15.527437133701634,0.5407345671331042,0.4295959435760647,0.30883442400734085,-0.03547127749561563,0.0,0.11849235876840059,0.9615133389830848,low,0
S0003,2025-01-22,4,mid,6,41.970444620156826,0,2,2,1,1,7.119872768093243,0.0,11.851017848730093,0.250467898792499,0.6248740996069989,0.5717459831437487,0.6656607535765422,0.0,0.9060870604812605,0.012156771477386807,low,0
S0003,2025-01-23,4,mid,5,46.43388467342251,0,1,3,0,0,6.352620119995158,0.0,9.587937478281567,0.43054020950718996,0.8779844969848348,0.6055047666158765,-0.5057368906772162,0.0,0.3558547592592114,0.08391953582142941,low,0
S0003,2025-01-24,4,mid,7,33.39129540278486,0,0,4,0,0,6.401851430874206,0.0,12.565460096446067,0.11619095652544598,0.7809958936149914,0.7852688115160151,0.20220539124865655,0.0,0.9903617819983719,0.32525390592455194,low,0
S0003,2025-01-25,4,mid,5,42.327438855769735,0,1,2,0,1,8.027195949305558,0.0,8.159917562445152,0.7045544280274453,0.42272863689393225,0.34652416795271823,-0.20477524289425886,0.0,0.2642762631586393,0.2053329387067998,low,0
S0003,2025-01-26,4,mid,4,43.71958293725389,0,0,2,1,1,5.5713796005343985,0.0,6.7998366735213525,0.17211060282277768,0.9255222078518809,0.0683341048456042,-0.1392505006184135,0.0,0.6957974776554449,0.45802221166825874,low,0
S0003,2025-01-27,4,mid,6,36.24100422283891,0,2,3,1,0,6.637555287509722,0.0,14.613795755237659,0.3129073942136482,0.27109625376406576,0.5976682827027031,0.732191267223383,0.0,0.9467337289233956,0.10590580440375763,low,0
S0003,2025-01-28,4,mid,6,48.40589216400497,0,0,4,1,1,3.270868545443397,0.0,15.08616537535589,0.015394891691308477,0.5829260568042631,0.25310153917960876,-0.09949150771421933,0.0,0.9575810150838173,0.3990353176424347,low,0
S0003,2025-01-29,5,mid,5,49.20452477247559,0,2,2,0,1,6.456097724859682,0.0,9.031526608760174,0.08430131461135038,0.807189318791188,0.8613196258150908,0.6345046227336424,0.0,0.512726394261776,0.4383849800307613,low,0
S0003,2025-01-30,5,mid,7,50.39780258991957,0,1,1,0,0,4.851745787139913,0.0,9.273552322528207,0.015813196232962068,0.07714516853958187,0.9111682851800791,-0.29027833850770435,0.0,0.4247715304250529,0.21534438138255263,low,0
S0003,2025-01-31,5,mid,7,61.34195266577176,0,1,2,1,0,2.1991608793384647,0.0,10.620324339503249,0.6167836078525412,0.742881493667939,0.7379173933540254,0.04289804833376021,0.0,0.06845871933357806,0.3711129384301278,low,0
S0003,2025-02-01,5,mid,6,52.66467368111596,0,1,4,0,1,4.159209755276746,0.0,14.087851079840103,0.8737229201822251,0.6379542626847388,0.8336431341439584,-0.0011364602663292978,0.0,0.5350255045989328,0.14438763213366723,low,0
S0003,2025-02-02,5,mid,5,58.96628479507312,0,2,5,1,1,3.6192267477226476,0.0,10.01227902302637,0.49109572938316515,0.9271106288584273,0.10539321810780522,0.5288814561510087,0.0,0.40967105337599263,0.655173714524338,low,0
S0003,2025-02-03,5,mid,5,40.07641926006487,0,0,5,0,1,6.6177858402120195,0.0,11.639391292442987,0.44620122097754367,0.8058445326178331,0.007964404745451126,0.8491221107536098,0.0,0.4433065095171753,0.5533801878657476,low,0
S0003,2025-02-04,5,mid,6,36.33380391335868,0,0,1,0,0,6.231401458725107,0.0,8.304479105182065,0.7863577330614815,0.632216597753949,0.37352017689968753,-0.4570024916362643,0.0,0.23178359028935003,0.3186089627636072,low,0
S0003,2025-02-05,6,mid,5,55.331185153998405,0,2,4,0,1,4.221196913939603,0.0,14.772714714713553,0.6105467550154245,0.16036540611974315,0.6736454174749077,-0.6414934885214385,0.0,0.6939495905101568,0.22959816075396866,low,0
S0003,2025-02-06,6,mid,6,62.44639173258682,0,0,1,1,0,8.144484333039305,0.0,8.25874945834591,0.8816624823327127,0.12149539108776541,0.6346392564873805,0.16428761515559698,0.0,0.11841503917593188,0.21189433044010908,low,0
S0003,2025-02-07,6,mid,5,39.90269844814866,0,0,3,1,0,5.897379536677813,0.0,14.668148318431172,0.9862466719514015,0.414735826967471,0.753865073836925,0.7429368427530676,0.0,0.6789784930380419,0.411864740417496,low,0
S0003,2025-02-08,6,mid,5,51.48088364660409,0,0,5,1,0,6.0977576876379125,0.0,16.657603815885334,0.11539464217891737,0.6056378893234114,0.11720390568023342,-0.32558684886849587,0.0,0.14284196481433187,0.6920736470243689,low,0
S0003,2025-02-09,6,mid,5,32.155696255924,0,1,1,0,0,6.074631315088408,0.0,14.003050977847899,0.8573089023608409,0.6732464393545315,0.4081190568259231,0.7712395284835465,0.0,0.22190046078437287,0.7146412749087242,low,0
S0003,2025-02-10,6,mid,6,50.77025826668453,0,2,1,0,1,7.192938467621767,0.0,8.122968137511362,0.45129411302925493,0.1834421964034345,0.8549740195614743,0.7651197535446945,0.0,0.4663097561401701,0.07569972730978747,low,0
S0003,2025-02-11,6,mid,7,40.4269834491321,0,1,4,0,0,6.327312055875349,0.0,11.390999715042645,0.5455851826691478,0.9817073425211416,0.45047857147059533,0.026736420449831044,0.0,0.9892177539577501,0.23154843596504882,low,0
S0003,2025-02-12,7,mid,5,44.063875907165524,0,2,4,0,1,6.794132393774264,0.0,13.824625123836167,0.7087656552291542,0.008363681876857099,0.21766739958053605,0.323368576799713,0.0,0.48398936817974714,0.005313475668345946,low,0
S0003,2025-02-13,7,mid,6,51.68340488718081,0,1,1,1,1,6.409013079649446,0.0,12.367170062126558,0.8030020719578371,0.5180080664046248,0.140324518193515,0.34231494675937735,0.0,0.6204737850519706,0.7422531871990872,low,0
S0003,2025-02-14,7,mid,5,40.205070326007565,0,4,2,1,1,8.729250113646158,0.0,13.329788787641007,0.15647671600360058,0.4739212201161027,0.716397111958099,-0.45811460336726917,0.0,0.20225418052453492,0.31382680822441555,low,0
S0003,2025-02-15,7,mid,5,38.126156879093,0,2,1,1,1,4.66845760479709,0.0,6.754757538103479,0.4507762838863638,0.9584978356677402,0.43108686262328944,0.09868528980551527,0.0,0.5332513992791025,0.6367617170443272,low,0
S0003,2025-02-16,7,mid,5,52.33989227418566,0,2,5,0,1,6.228051294516961,0.0,11.585178435603162,0.4615229275886068,0.9833056568184674,0.7867083407073091,0.5473251297913315,0.0,0.7478385744120718,0.150608103218274,low,0
S0003,2025-02-17,7,mid,5,30.12766132253757,0,0,5,0,1,5.699300094599387,0.0,5.305591685913835,0.03897932066113041,0.6668473913056581,0.32302734575409386,0.7958383739153316,0.0,0.8881181889340358,0.3252906183617478,low,0
S0003,2025-02-18,7,mid,6,48.16155957182778,0,0,5,1,1,7.322797574862812,0.0,7.566228642588422,0.8066650530268165,0.8580232710072292,0.9976282974021565,-0.5170070294862643,0.0,0.04035082685969971,0.411191517994586,low,0
S0003,2025-02-19,8,mid,7,39.02431364233034,0,1,5,0,1,7.669806495686888,0.0,11.889249635196023,0.03893801668766561,0.8371196278306522,0.6195262000363033,0.12679070142528026,0.0,0.6246140481145316,0.8644332468683641,low,0
S0003,2025-02-20,8,mid,7,62.54775544846585,0,2,2,0,0,8.30309253838448,0.0,15.621752263090105,0.868410787941382,0.379127658375647,0.3714859436594342,0.23705411743637117,0.0,0.633072653499513,0.46928522732579037,low,0
S0003,2025-02-21,8,mid,5,15.710486352989026,0,3,3,0,1,6.8764439953114636,0.0,8.935187645703154,0.11006328420111522,0.9250471753430145,0.6316435150828916,-0.8912185029553776,0.0,0.6442567236508115,0.9742476541447561,low,0
S0003,2025-02-22,8,mid,6,37.51453865379262,0,2,4,1,1,2.3583524522420856,0.0,16.70885095238796,0.948744395149711,0.060604907714909784,0.6853953434460057,-0.9500675557598857,0.0,0.17143417671054273,0.4535789999228341,low,0
S0003,2025-02-23,8,mid,7,40.36832386927209,0,4,1,1,1,5.302220874569615,0.0,12.29582931509428,0.5928401805081102,0.35492466087701,0.05198935197770749,-0.9365124692540228,0.0,0.4233351441531975,0.08456537809723785,low,0
S0003,2025-02-24,8,mid,6,47.612666841319,0,2,5,0,0,2.9739409807797004,0.0,14.476053608083166,0.800073432076868,0.8845832929211878,0.12522055951683142,-0.598894044309467,0.0,0.2162270091277797,0.6912118093865404,low,0
S0003,2025-02-25,8,mid,7,59.07526457538372,0,2,4,0,0,4.588281138239319,0.0,7.760264960379283,0.07103488904400213,0.21079310155002862,0.22936577703767236,-0.061785577904842626,0.0,0.2685621674536426,0.10097810681776109,low,0
S0003,2025-02-26,9,mid,5,42.58502554129221,0,3,3,1,1,2.9701303873807166,0.0,7.716440845556574,0.12967897822423535,0.25646306101676597,0.3553197484738877,0.3479884162914608,0.0,0.06256484221945158,0.21050693966534295,low,0
S0003,2025-02-27,9,mid,5,48.32065249164407,0,0,2,0,0,6.702138428041227,0.0,14.501714106888006,0.15598086369893316,0.4784961162559619,0.7805560268872138,-0.3927521237123195,0.0,0.31168982851504146,0.0031409060481221163,low,0
S0003,2025-02-28,9,mid,6,43.98961223118077,0,2,2,0,1,2.7086828576692903,0.0,8.486510547185102,0.347062368499395,0.5472375204206431,0.9917728809792494,0.3284034261435713,0.0,0.19924595440831405,0.04496144159155113,low,0
S0003,2025-03-01,9,mid,6,34.60926433608219,0,2,5,1,0,4.895191098845061,0.0,15.112316548766474,0.4831808633136685,0.8382304210818006,0.36140377906718635,0.7195893496232912,0.0,0.40680480095172356,0.3282331056783394,low,0
S0003,2025-03-02,9,mid,7,42.26006918170696,0,0,5,0,0,5.0858644904288255,0.0,14.034028360306399,0.7362398101338331,0.5128970555188094,0.8696060824747774,-0.1944483335342002,0.0,0.9702353444148768,0.9323227582288776,low,0
S0003,2025-03-03,9,mid,5,54.61956619555379,0,0,4,0,1,4.938841960993066,0.0,13.519097601477121,0.4065567838081042,0.9031907788344291,0.6038509825402779,0.15322801425943555,0.0,0.5587659446243977,0.3711695160195314,low,0
S0003,2025-03-04,9,mid,5,53.007480213232995,0,2,3,0,0,3.9375714107848028,0.0,11.451629953564119,0.6727646144124667,0.2205042634356471,0.21820753455217223,0.7481435466103703,0.0,0.24966895274023015,0.2632473465180112,low,0
S0003,2025-03-05,10,mid,6,57.28980502489062,0,1,1,0,0,3.727420908643838,0.0,7.216198120186839,0.2370847085173401,0.9485029432181947,0.9446657321710952,0.2198831171921034,0.0,0.9245224687318999,0.7858126454683731,low,0
S0003,2025-03-06,10,mid,6,54.98816644778151,0,2,5,1,1,7.3433246235611005,0.0,8.903992140962588,0.17070836331248018,0.030463686308960125,0.20444837246427305,-0.3191768877714807,0.0,0.5105807574595599,0.6151291405411998,low,0
S0003,2025-03-07,10,mid,6,53.86732359554543,0,1,4,1,0,3.445219848282191,0.0,12.079974070997803,0.33600705899010874,0.4656825417622795,0.7733810477822497,0.8299317301559372,0.0,0.18913910002298462,0.9223674846701029,low,0
S0003,2025-03-08,10,mid,6,60.56000571839204,0,0,3,0,0,5.650028272513084,0.0,8.661271977340746,0.23693332490664865,0.6773931298888728,0.5657815548409963,0.8582894344233747,0.0,0.38732251797531403,0.06616518883444045,low,0
S0003,2025-03-09,10,mid,7,46.37844504880783,0,0,3,1,0,2.5341272920183395,0.0,6.9904605072316,0.041499167183079444,0.6370947008244425,0.5972924203534693,0.3067669969573612,0.0,0.19230989603362747,0.2956545416124853,low,0
S0003,2025-03-10,10,mid,7,61.60042489483483,0,1,1,0,1,6.982517316384177,0.0,13.115132964295446,0.6226895409497974,0.9901088460868658,0.31187943576372523,-0.32005627241350365,0.0,0.07893940294655555,0.44279813654373745,low,0
S0003,2025-03-11,10,mid,5,32.48621753572607,0,2,2,1,1,5.648114056443121,0.0,6.5569258305529985,0.15047227100599747,0.9680763814507335,0.44671452725852034,0.0030359207003327615,0.0,0.2466586158054065,0.4709602524347335,low,0
S0003,2025-03-12,11,mid,7,52.774073527645115,0,3,2,0,1,4.608642882246096,0.0,14.436170828403675,0.864962605115202,0.2494582042932323,0.7171205684721935,0.7122649980274869,0.0,0.3567687116232726,0.7574644454507177,low,0
S0003,2025-03-13,11,mid,4,34.370333439750056,0,0,1,1,1,5.290691605501269,0.0,11.849309267565209,0.863135537735739,0.8224946492902271,0.17334305297528085,-0.028365142174737068,0.0,0.11692353552539148,0.682153161561635,low,0
S0003,2025-03-14,11,mid,6,58.720614239496854,0,1,1,0,1,3.1752250949752208,0.0,10.56540318719883,0.8730193940297161,0.5231430206971652,0.6996899090587084,-0.17828581631900708,0.0,0.5605798090010486,0.9426591769666305,low,0
S0003,2025-03-15,11,mid,5,41.9343055286615,0,1,5,0,0,8.032788110507145,0.0,11.806354961177451,0.03244344604718696,0.6587176387270222,0.5322918759514544,-0.7934699822499032,0.0,0.17252387694636206,0.5679742973160805,low,0
S0003,2025-03-16,11,mid,6,43.44740951175251,0,2,2,0,1,4.138570599079418,0.0,9.561820344858498,0.05276525785960262,0.6920112559466547,0.4579289944340279,-0.5469567479277886,0.0,0.6139703063252326,0.2528581182501112,low,0
S0003,2025-03-17,11,mid,4,55.286543794558895,0,2,5,1,1,2.6313900979617597,0.0,10.591979051844634,0.834590952595272,0.35833465667167375,0.9128924447365754,0.1313763442820115,0.0,0.18267238423966814,0.1395988673598001,low,0
S0003,2025-03-18,11,mid,7,49.36335188415508,0,1,3,1,1,3.9333905331442587,0.0,10.677094413434569,0.4207612017659258,0.6016821640182961,0.937108944919677,-0.3763957260884627,0.0,0.24977216244651979,0.6541601542860984,low,0
S0003,2025-03-19,12,mid,4,55.907493519904264,0,2,4,0,0,6.220432339178445,0.0,10.470918882905302,0.6617777324716385,0.07680304831442153,0.35466620498508283,0.10132675888170306,0.0,0.4032077561332522,0.8336440104751723,low,0
S0003,2025-03-20,12,mid,6,56.97246923645228,0,1,1,0,1,5.415921861360772,0.0,14.926828172621315,0.5377829347413765,0.27809951506635644,0.21695624586387952,-0.4239893081519177,0.0,0.5563280072570793,0.029155186022088997,low,0
S0003,2025-03-21,12,mid,6,29.82693784321507,0,1,3,0,0,6.788099194649588,0.0,8.509867528208774,0.05021443169045525,0.46461316880897086,0.37961676445167025,-0.3668264801826977,0.0,0.2856995940447645,0.0913741048604092,low,0
S0003,2025-03-22,12,mid,5,44.11080299481238,0,1,2,0,1,5.468048908706296,0.0,9.254414145776652,0.5402965317903072,0.8446659090902243,0.4313017063410146,-0.24191902923392994,0.0,0.9150607325172224,0.2511692675484013,low,0
S0003,2025-03-23,12,mid,5,57.18970789793663,0,1,4,1,1,5.306245125182153,0.0,12.972124761110548,0.828488133895241,0.712845995860955,0.6966951114367486,-0.35130838460988856,0.0,0.23389693147220347,0.21088622768078813,low,0
S0003,2025-03-24,12,mid,6,48.019182630492764,0,1,3,0,0,4.643561039229526,0.0,5.9072567343462685,0.43098390192082203,0.30449253274895083,0.19809551672028958,-0.8686157670206816,0.0,0.8871193172236984,0.4198486976863176,low,0
S0003,2025-03-25,12,mid,6,44.93653578927165,0,1,1,1,1,6.885692343465459,0.0,13.33104693974288,0.3405448354798969,0.8049637303992545,0.05239129559486122,-0.6807501971356655,0.0,0.3356232729779117,0.07680744106928128,low,0
S0003,2025-03-26,13,mid,6,39.89304730245837,0,1,1,1,1,3.812193655959396,0.0,9.681335518473967,0.0393918336928194,0.5739498660690104,0.392895108893179,-0.942695144844691,0.0,0.5832523923125568,0.011302536589022472,low,0
S0003,2025-03-27,13,mid,5,55.0459290912649,0,0,4,1,0,4.759458819594929,0.0,10.048387885735062,0.06188570168047525,0.5353679411816512,0.5660716464481651,0.5029058889186873,0.0,0.13196531962396174,0.5131830837567788,low,0
S0003,2025-03-28,13,mid,4,41.91092468394232,0,0,1,1,1,4.778669262885341,0.0,7.310073318054376,0.33745427896422897,0.8706884554574393,0.08352491468001877,-0.5777481148839252,0.0,0.7524683375864943,0.051293848981215584,low,0
S0003,2025-03-29,13,mid,3,41.25177943378194,0,0,4,0,1,2.084784642008985,0.0,10.813113402286376,0.20858836774105072,0.29639200687528344,0.9108026709698133,0.09482968075945175,0.0,0.7339053770018694,0.3465587598165476,low,0
S0003,2025-03-30,13,mid,5,42.560967786745366,0,0,4,1,0,7.158226607987855,0.0,8.263296902990701,0.24651990563798298,0.9760326986002038,0.34481760774616976,-0.32537809169754484,0.0,0.3119119055367052,0.12211151592428793,low,0
S0003,2025-03-31,13,mid,6,36.9903240310402,0,2,4,1,1,5.257107846780131,0.0,8.878655184426913,0.5351523336803503,0.08202368521147085,0.034939246405988444,0.9795128268186692,0.0,0.030021332149071878,0.44452825305015964,low,0
S0004,2025-01-01,1,mid,6,63.29620201716087,0,1,5,1,1,1.6305986120283489,0.0,3.8059075301237426,0.618772077041005,0.6653652084189043,0.5007109258366713,0.28972244562995986,0.0,0.02353249441409877,0.4296228638968441,low,0
S0004,2025-01-02,1,mid,5,41.07570445542184,0,0,2,0,1,4.607986333056619,0.0,5.012121033245935,0.4922323151824083,0.1950089804386158,0.6520930618816506,0.5618387127721809,0.0,0.791463540889519,0.6024698307034551,low,0
S0004,2025-01-03,1,mid,5,45.19094719957565,0,0,2,0,0,4.093788264038575,0.0,12.684170543941413,0.6764837495206044,0.5942418273085972,0.603150120122947,0.36506491907544314,0.0,0.5753591731290986,0.42906236930266595,low,0
S0004,2025-01-04,1,mid,6,37.34139909913697,0,0,4,1,1,7.320987074788018,0.0,6.193582277273434,0.6522353531324407,0.25108010366516775,0.6504252488238643,-0.5753320514262175,0.0,0.12200741357688905,0.7013832855596901,low,0
S0004,2025-01-05,1,mid,6,32.65407554215761,0,1,2,0,1,4.628765064164158,0.0,9.034881346535698,0.027852240821074403,0.631375326048251,0.4263983568016225,0.09629040545604406,0.0,0.17464718589632955,0.2959320294366161,low,0
S0004,2025-01-06,1,mid,6,45.771447858831266,0,0,4,0,1,6.433597595979,0.0,3.6797137258015127,0.8398203522034884,0.1274856801402462,0.8002063476835791,0.7260180921344539,0.0,0.1506874870008338,0.851594319304219,low,0
S0004,2025-01-07,1,mid,4,53.74176917238323,0,2,5,0,1,6.305292814354157,0.0,6.586937630347798,0.633711599765529,0.5934613827047238,0.0162434432094537,0.45755610890129494,0.0,0.3235304124854915,0.6650559890066311,low,0
S0004,2025-01-08,2,mid,4,52.087186735179316,0,0,4,0,0,4.833212757742233,0.0,0.43656557187956935,0.3182620413857259,0.894265118256414,0.6449029052923559,-0.423496845665263,0.0,0.2987828710542516,0.8912000730636024,low,0
S0004,2025-01-09,2,mid,4,46.78030734679373,0,0,5,0,1,6.216815507598453,0.0,18.2979388433178,0.0850563854892411,0.5488728015425998,0.3799790789653946,0.21427056176715387,0.0,0.3887263478765467,0.24029912345036675,low,0
S0004,2025-01-10,2,mid,5,38.80927263482791,0,0,3,0,0,4.868970981882535,0.0,10.983583422252329,0.08764983619465327,0.06581176069057648,0.8913182063602987,-0.07237150054464014,0.0,0.3200273165623919,0.4764612712393995,low,0
S0004,2025-01-11,2,mid,5,24.932213122335188,0,2,1,0,1,5.433249950809238,0.0,6.922741949079168,0.693422128056309,0.7006114963944516,0.7534721106595967,0.7457188431313291,0.0,0.49995899196478844,0.7302491895295712,low,0
S0004,2025-01-12,2,mid,4,49.49473912832307,0,0,4,1,0,7.090502029746155,0.0,11.049308561818174,0.19624571670616564,0.1255497898984771,0.9634799474743275,-0.7839108812471858,0.0,0.47849107010718916,0.5855637287933019,low,0
S0004,2025-01-13,2,mid,5,45.85284233493352,0,0,3,1,0,1.90207894989305,0.0,10.773927943663542,0.6377741418455916,0.8200675020556494,0.041578959846593766,-0.0037401129039151826,0.0,0.6893104121026903,0.2523119270696871,low,0
S0004,2025-01-14,2,mid,6,29.542702133092668,0,3,3,0,0,3.601363584344676,0.0,13.487374859776917,0.9415768527339338,0.5297139661083676,0.7323884465975549,0.848215431822559,0.0,0.9751799759755083,0.8332043565966744,low,0
S0004,2025-01-15,3,mid,6,46.8648795396695,0,1,4,1,0,3.9612072563477465,0.0,8.97727636796176,0.5845431132594582,0.9693218122841789,0.37783921372718665,-0.875926472742437,0.0,0.33930526730956745,0.5059316543195584,low,0
S0004,2025-01-16,3,mid,6,35.20278775283193,0,2,5,0,0,5.616171321518281,0.0,9.90884353147004,0.0001865281706631139,0.6139794562733938,0.6164281773718701,-0.08511388826022359,0.0,0.39694797293429285,0.4553831354806076,low,0
S0004,2025-01-17,3,mid,7,39.16436527684073,0,0,1,0,1,9.889165505165012,0.0,8.373152986712007,0.5817366474211867,0.40146177908904324,0.3380844093662614,-0.7463519548991624,0.0,0.3917424505622782,0.16266081510548513,low,0
S0004,2025-01-18,3,mid,5,51.76441816494771,0,0,1,0,1,3.4613799510161307,0.0,9.216012821645597,0.11647784967333707,0.25426123144486457,0.2954679246267593,0.0599406820428412,0.0,0.6783918855030131,0.5927709408701848,low,0
S0004,2025-01-19,3,mid,5,42.10635574882171,0,3,5,0,0,7.404955495306016,0.0,10.951440954131426,0.08018675681211329,0.4768388777331244,0.6300931268616634,0.6573058122365785,0.0,0.7834695600492677,0.27706924971339963,low,0
S0004,2025-01-20,3,mid,6,36.86469650633764,0,0,3,0,1,6.364138980125262,0.0,10.378533710985902,0.6722506872941947,0.481277951219237,0.8096750362658893,0.9010656419088179,0.0,0.022066148682290843,0.9825212722560387,low,0
S0004,2025-01-21,3,mid,5,40.96924010934969,0,1,5,1,1,4.559027691665177,0.0,9.206155889883613,0.4593314408005428,0.7521286995435712,0.9055388379289011,0.6707450605684921,0.0,0.19688787177568357,0.4411505522306324,low,0
S0004,2025-01-22,4,mid,5,36.82704539119358,0,1,2,1,0,7.482294687757454,0.0,11.72106109000766,0.59856299321776,0.4141410682156662,0.9579458599261376,0.08222764975768948,0.0,0.6050895185405384,0.22048763941474925,low,0
S0004,2025-01-23,4,mid,7,64.35320336598404,0,0,5,0,0,5.28196539922412,0.0,14.765880784130788,0.2267726253196457,0.6665219766930349,0.08010572660960225,-0.11633259039609078,0.0,0.1633667583984202,0.18445905105988336,low,0
S0004,2025-01-24,4,mid,5,32.44864628026605,0,0,5,0,0,4.312235610374675,0.0,11.725099105327054,0.19416286904608226,0.474434893620735,0.007334150836180275,-0.9483812142736365,0.0,0.5532906396230001,0.520449404165286,low,0
S0004,2025-01-25,4,mid,5,41.77641449154758,0,4,4,0,1,4.090904562513112,0.0,9.344040167694892,0.16988707321905727,0.12694441375497267,0.12328377929894685,0.037123377331467866,0.0,0.2458474424934003,0.35813971652914445,low,0
S0004,2025-01-26,4,mid,6,23.943530581596754,0,0,4,0,0,4.682128529342438,0.0,8.744586908448412,0.7659715748551791,0.41367867898526034,0.6529729219079393,0.1592381944562733,0.0,0.02221848202558041,0.9885399870457067,low,0
S0004,2025-01-27,4,mid,6,45.56954440254898,0,0,5,0,0,6.241495110558848,0.0,13.120565694378257,0.5469288759854769,0.47508987286676807,0.9224342836561245,-0.8545301044426632,0.0,0.28060081323791597,0.34993785357071405,low,0
S0004,2025-01-28,4,mid,6,41.51706546418543,0,1,1,0,0,6.353295878598563,0.0,14.333462466839503,0.016675813489839153,0.19477349768722585,0.810468217215466,-0.45469870537503065,0.0,0.7315621195611339,0.3721202152416987,low,0
S0004,2025-01-29,5,mid,5,45.38506982495759,0,0,5,1,0,4.4996243335856745,0.0,6.790119530222254,0.5485884150546885,0.40273948474683074,0.5196116758030075,0.9930526175972383,0.0,0.13521731371285473,0.6754560453364256,low,0
S0004,2025-01-30,5,mid,4,42.16315306321847,0,0,5,1,1,4.511111340151273,0.0,6.9959245023083465,0.3543771829861353,0.3028298889787422,0.7308796233222077,0.4014510425685276,0.0,0.5890200909809116,0.9386648132933723,low,0
S0004,2025-01-31,5,mid,4,37.700590540979526,0,1,3,0,1,6.3578939755244654,0.0,7.56279295318774,0.025199094821069634,0.35483185554316266,0.7802126485356335,0.12778584211080468,0.0,0.26116243251086024,0.6949531193430477,low,0
S0004,2025-02-01,5,mid,7,48.131321400131554,0,2,4,0,1,8.619029837037214,0.0,5.577288163313771,0.5137078552153048,0.2881845259595295,0.006464357789710551,-0.007521556198372137,0.0,0.2856259885622431,0.7346083007105351,low,0
S0004,2025-02-02,5,mid,6,41.39894047361813,0,1,3,0,1,3.2211025015209036,0.0,9.0145510857684,0.25361277085970824,0.642086507352399,0.2755365671408512,-0.010957749759184177,0.0,0.12169530672667228,0.588093637605447,low,0
S0004,2025-02-03,5,mid,7,30.23052690354651,0,2,1,0,1,3.855611859413113,0.0,7.6299615937567715,0.19864457689740578,0.24685702759573291,0.3064154493510364,0.11026757350637695,0.0,0.5879916294638328,0.4264997472418611,low,0
S0004,2025-02-04,5,mid,5,47.000148511717484,0,0,2,1,1,6.219467135699664,0.0,14.977286562759168,0.01460899710888286,0.3603754923631707,0.6048394293625812,-0.22509740815492263,0.0,0.8634798949128131,0.30880227534961535,low,0
S0004,2025-02-05,6,mid,4,35.91503608106722,0,0,1,1,0,9.607277504209577,0.0,5.561667330580828,0.6630272037231474,0.6790666044956374,0.9317404033165082,0.9938988348233393,0.0,0.7201574609309402,0.2872212092051508,low,0
S0004,2025-02-06,6,mid,6,42.72523740046592,0,0,3,0,0,1.3735334279939093,0.0,6.824168228412402,0.9117258769127757,0.040288945734542114,0.5122147076770516,0.36095892504874794,0.0,0.9316979736811688,0.620371252123721,low,0
S0004,2025-02-07,6,mid,4,31.062066335299768,0,1,2,1,1,4.850088069981199,0.0,11.456647885906408,0.6320192084224364,0.7261112593446369,0.3669614070072005,-0.7055458511789661,0.0,0.20658101622178082,0.31326647658061035,low,0
S0004,2025-02-08,6,mid,4,61.6431238772454,0,0,1,1,0,5.843092167073123,0.0,10.800455188886206,0.8461242105302316,0.1828133885392259,0.9562918815133613,-0.24664711914107507,0.0,0.33924066117383633,0.062431327277780335,low,0
S0004,2025-02-09,6,mid,5,44.64992389993764,0,0,4,1,1,10.841505131771761,0.0,7.2614070467091105,0.9262052018843451,0.8713152472468535,0.785083657239757,-0.45260308464325805,0.0,0.9118186286860916,0.09750769246387525,low,0
S0004,2025-02-10,6,mid,5,53.83046127701029,0,0,3,1,0,4.279921462486034,0.0,7.815768706434037,0.8023960305536325,0.8614180460955174,0.13730003271557023,0.9047735047974492,0.0,0.32882261784860933,0.66231373873072,low,0
S0004,2025-02-11,6,mid,6,50.904220612514635,0,1,3,0,0,5.067935224702965,0.0,10.506767869996825,0.08196573464366219,0.646837228926381,0.6249797483760352,0.27670115484086355,0.0,0.3071456481042115,0.8596795850803329,low,0
S0004,2025-02-12,7,mid,6,54.783699377697715,0,1,5,0,0,3.2796146091550034,0.0,16.88430577464335,0.8287089838180064,0.8295627156830498,0.7093888218243862,-0.7891972452070755,0.0,0.8388538619040689,0.6710129805329098,low,0
S0004,2025-02-13,7,mid,5,59.06780855788038,0,2,2,1,1,3.971833894572281,0.0,9.374982537803334,0.34979606180759193,0.8624965074015853,0.23307281189083495,0.3903749324201313,0.0,0.6296283449385927,0.8634846083691153,low,0
S0004,2025-02-14,7,mid,5,46.308934879437956,0,0,4,1,0,4.260605888057827,0.0,8.90470533177801,0.4625935471051531,0.03326797116935842,0.12188808253227046,-0.16827732118410488,0.0,0.06312990920796646,0.39675505645552933,low,0
S0004,2025-02-15,7,mid,3,31.029310796895366,0,2,5,0,1,6.020455290339215,0.0,8.54562797092932,0.6487471138950182,0.4189697737795244,0.4580286165838686,-0.4867055856278084,0.0,0.7521143326969748,0.5128747423052678,low,0
S0004,2025-02-16,7,mid,6,28.277502254326812,0,3,1,0,1,7.2624601833180265,0.0,9.800403539674331,0.10540528595616694,0.5538234406337256,0.5129793498209074,-0.43721403565567396,0.0,0.8222281125770106,0.7528486558822063,low,0
S0004,2025-02-17,7,mid,6,48.681616950534575,0,1,1,1,1,0.6458699071142906,0.0,10.53542999165617,0.3748249243499977,0.6213306241557073,0.7187181132622024,-0.7787928022536783,0.0,0.035590230806476386,0.9943303026857149,low,0
S0004,2025-02-18,7,mid,7,40.51775383699851,0,0,5,0,0,5.3979930275838655,0.0,10.498327431813653,0.7731835012587582,0.671587742938926,0.03172249181603115,0.06993334681888808,0.0,0.03769772491485279,0.8080678171160226,low,0
S0004,2025-02-19,8,mid,6,26.41272628906329,0,0,2,0,1,5.576822297432123,0.0,8.311923926679302,0.34557958587081306,0.006982261880348117,0.4034809690269996,-0.5304911565500574,0.0,0.8188692705204715,0.3373306088457655,low,0
S0004,2025-02-20,8,mid,4,37.101525609507455,0,0,3,1,0,3.2024655509452025,0.0,3.991152937983512,0.9774962582088932,0.8078656456839812,0.7374099443119462,0.0740826294839485,0.0,0.8399977606043434,0.3393228356557111,low,0
S0004,2025-02-21,8,mid,7,33.00862765651729,0,3,1,1,1,5.3621254855421645,0.0,13.909834111948191,0.0778565196087696,0.9554481914380675,0.24696116699189252,0.719290690705213,0.0,0.16881000578456418,0.8539428821418529,low,0
S0004,2025-02-22,8,mid,6,41.743889478514966,0,5,4,0,1,2.222914892337578,0.0,5.19918668648887,0.5445553246546755,0.15987976336644139,0.6912466637859893,-0.664866921390987,0.0,0.31030848210454753,0.503345130606154,low,0
S0004,2025-02-23,8,mid,6,53.1079864559171,0,1,5,1,1,3.733044015126155,0.0,11.993162602706882,0.1859615075574177,0.9508186599164314,0.2098976295862307,-0.47816284069966386,0.0,0.969615938904338,0.7347085702650257,low,0
S0004,2025-02-24,8,mid,6,49.50738790043547,0,0,5,0,1,4.200201875737726,0.0,10.807884257742202,0.9812575773912768,0.381616499109135,0.775234538899056,-0.31481783437773636,0.0,0.6276688771588087,0.19201608474003673,low,0
S0004,2025-02-25,8,mid,7,49.80908092748896,0,0,1,0,1,6.078946747386744,0.0,10.650719331197088,0.6191680442430584,0.8248069479798307,0.6888105035899871,0.10387272212093301,0.0,0.24183819541535312,0.4259975194684281,low,0
S0004,2025-02-26,9,mid,6,47.145433449569644,0,2,3,1,0,4.740937184555132,0.0,5.844228731478093,0.47251544281958524,0.37822451524334477,0.5172934821522531,-0.17378520454571156,0.0,0.19934548947118313,0.41236648727468106,low,0
S0004,2025-02-27,9,mid,6,37.613678063581965,0,2,5,1,0,3.9276556667520204,0.0,9.207886714016796,0.9108262646863152,0.006047043183978418,0.4838602188643114,-0.7535050837348971,0.0,0.30767908947794853,0.9260595598182655,low,0
S0004,2025-02-28,9,mid,6,36.928600170206636,0,2,5,0,1,3.1448712942750827,0.0,13.207838372717323,0.5993729928719863,0.20126378813447243,0.8902366217957709,-0.7701873132761794,0.0,0.0038371455078008987,0.5020081977391821,low,0
S0004,2025-03-01,9,mid,7,62.59697192334311,0,0,5,0,0,1.9345988802201384,0.0,9.41115804583619,0.7439051873021519,0.9192080310537252,0.4237701199309234,-0.3157347997762101,0.0,0.9615507321375663,0.44485243282754083,low,0
S0004,2025-03-02,9,mid,3,43.37876024520141,0,3,3,0,0,4.213894485877198,0.0,13.00489547562568,0.7939351334518513,0.9409923225744371,0.623210373068007,0.48325457490377777,0.0,0.8050973120411349,0.8450396488966425,low,0
S0004,2025-03-03,9,mid,5,43.6993970644638,0,1,2,1,0,9.517654243816377,0.0,7.965079802454412,0.4802942587913558,0.6617038454813468,0.21912606467080087,-0.7743136256327572,0.0,0.59643395462566,0.48468951693630746,low,0
S0004,2025-03-04,9,mid,5,41.977035674613106,0,0,4,0,1,4.825129342445638,0.0,11.644958882663495,0.47510034069172047,0.8979552161850192,0.5250493402453846,0.4145578238113343,0.0,0.25217287749552997,0.44672646870264054,low,0
S0004,2025-03-05,10,mid,5,41.63613054588864,0,0,2,1,0,2.2341300993664377,0.0,6.457289645287584,0.38769515483900674,0.13836820088819002,0.7381682705368436,0.7139288295524779,0.0,0.938714635374035,0.49236230351962584,low,0
S0004,2025-03-06,10,mid,6,49.42624189233345,0,1,4,0,1,4.301121345566088,0.0,7.682293753731278,0.8157453806261209,0.5973123783307118,0.3936355202774421,-0.05312868124995718,0.0,0.8545473932021803,0.34000438605989214,low,0
S0004,2025-03-07,10,mid,6,49.281862478105765,0,0,3,1,0,5.62895894496681,0.0,15.514302123884907,0.635323346708321,0.19648696695621115,0.21174586205241952,-0.9170053489801873,0.0,0.3220675351957297,0.559744661333675,low,0
S0004,2025-03-08,10,mid,6,53.802850789837805,0,2,4,1,1,5.14178130564413,0.0,7.311905308703237,0.8216415697789553,0.10137984246986353,0.7918913237957292,0.6231440087030962,0.0,0.48227400008154353,0.05731031001048681,low,0
S0004,2025-03-09,10,mid,6,36.416446458805765,0,3,4,0,1,2.4510142350019546,0.0,11.138650913836688,0.666685651892513,0.6233795659599071,0.6024691704572664,-0.020428264023518494,0.0,0.5286566039892756,0.33444252711810407,low,0
S0004,2025-03-10,10,mid,4,45.901826374969,0,1,5,1,1,7.330247479640269,0.0,10.065643961713954,0.7499536818024078,0.8051168513161777,0.13684516658635681,-0.860561148332541,0.0,0.8934047290879871,0.38783426957109435,low,0
S0004,2025-03-11,10,mid,7,35.475647692096,0,2,2,0,1,5.058502959403751,0.0,9.189169716969506,0.740663581066626,0.48501798752404124,0.08540303016272166,0.9449227800558044,0.0,0.5180104313760979,0.6141862443190114,low,0
S0004,2025-03-12,11,mid,5,29.04363239110317,0,1,1,1,1,6.435586990247625,0.0,8.393734367999954,0.3779940386261531,0.9811815587938422,0.4662532815278354,0.5838712459275281,0.0,0.40230704138237194,0.4249535190624304,low,0
S0004,2025-03-13,11,mid,7,37.113853022373696,0,2,1,0,1,7.001325410316688,0.0,10.971095326044699,0.34619688668032766,0.6537867511244616,0.35019868102321905,0.23443916598891623,0.0,0.8848079470306509,0.23135764225940902,low,0
S0004,2025-03-14,11,mid,6,55.60592335982367,0,1,1,1,1,3.542695171359646,0.0,16.445448547446325,0.4820173397769325,0.757776560375158,0.28191835559725165,-0.36392077661096023,0.0,0.9246417911286366,0.056224294850972245,low,0
S0004,2025-03-15,11,mid,6,44.695972334695014,0,1,5,0,0,5.166379433443028,0.0,5.439472883324667,0.10236708458320931,0.7517707876829781,0.9062335194351386,0.4868703479123888,0.0,0.5328270374013943,0.8606678217888851,low,0
S0004,2025-03-16,11,mid,7,41.78086858869909,0,0,4,0,1,5.270143759723588,0.0,6.316793975186435,0.19195543899572576,0.7192344190441468,0.27155045517748566,-0.36756975487333987,0.0,0.8449708536401014,0.47632235220690433,low,0
S0004,2025-03-17,11,mid,5,61.78575953174088,0,0,4,0,1,1.9248304071016493,0.0,9.565286262755706,0.6166219781652751,0.040333852138451975,0.3261702541282535,-0.06288601081773071,0.0,0.14795833410940584,0.9846544775908396,low,0
S0004,2025-03-18,11,mid,5,41.94380888931687,0,0,5,0,1,5.796887726713364,0.0,11.311693292641122,0.3179046737732836,0.008777211947929464,0.3821329088259878,-0.39638126067461266,0.0,0.03739699040879729,0.5053652565059297,low,0
S0004,2025-03-19,12,mid,7,32.7167760491911,0,1,2,1,1,2.8027591496443756,0.0,14.26151286181319,0.9381811725247224,0.2755667763091785,0.33217252206173253,0.40161683600348064,0.0,0.7653162995253863,0.9294034838491538,low,0
S0004,2025-03-20,12,mid,6,39.10105243537109,0,1,3,1,0,2.988292870502072,0.0,4.872070914126864,0.23901453466594336,0.6288728969881755,0.640380746644241,0.7010084566571941,0.0,0.7408692683852178,0.5425733269659556,low,0
S0004,2025-03-21,12,mid,4,53.73771996048796,0,1,5,1,0,5.851071549714533,0.0,9.373274403374081,0.23038663938588944,0.28924390281966816,0.3693541300894323,0.32748547725077404,0.0,0.11823839247214052,0.9539452124937761,low,0
S0004,2025-03-22,12,mid,6,55.56184139626095,0,1,4,0,0,5.272275480262575,0.0,2.1379871209568417,0.00735304455442698,0.6917201141346888,0.6613426789447244,-0.9231982453473109,0.0,0.3682501073951331,0.9790318407916674,low,0
S0004,2025-03-23,12,mid,6,17.867573658365885,0,3,3,1,1,0.28533155080104233,0.0,8.455154408118569,0.9667061400184606,0.6971662542903504,0.0832230662080723,0.7259192466260369,0.0,0.4805599408362681,0.06875390642248747,low,0
S0004,2025-03-24,12,mid,3,58.196356622437186,0,1,5,1,0,3.9112728369818104,0.0,12.794022769549008,0.4016968927597765,0.5027501916096123,0.8394532342095508,0.30166644312296986,0.0,0.6150646298578113,0.1756720999559107,low,0
S0004,2025-03-25,12,mid,7,46.12066375178239,0,1,1,1,0,5.919561168100627,0.0,9.475538908108373,0.3430267125900244,0.9881240759546354,0.4852304557653562,-0.6416721634196982,0.0,0.8911400917935094,0.4603553731348269,low,0
S0004,2025-03-26,13,mid,5,54.82319482755443,0,0,5,0,0,4.298230452742001,0.0,6.172611534100108,0.9358261334028228,0.4570596592657763,0.2902551053725294,0.12387050703932667,0.0,0.11193457813478924,0.6095058910049832,low,0
S0004,2025-03-27,13,mid,7,48.2626978292838,0,1,1,0,0,7.1946003750874175,0.0,5.303055905183211,0.9269075621458641,0.9620584989413515,0.5089590404220475,-0.09435038943134644,0.0,0.2786943159285258,0.95887187319041,low,0
S0004,2025-03-28,13,mid,6,34.097915932005705,0,0,5,0,1,6.375799935991821,0.0,14.9221868230166,0.8205917893241481,0.3922670415235471,0.4475518551060619,0.46000344216172295,0.0,0.35775476329371425,0.06390094204837382,low,0
S0004,2025-03-29,13,mid,5,55.908226678555195,0,1,5,0,0,5.090982952661504,0.0,11.675009269635117,0.014196634471723701,0.25763199876352916,0.4499436742688596,0.3858178220495354,0.0,0.7331603781367996,0.9954215129254561,low,0
S0004,2025-03-30,13,mid,6,26.96137207437635,0,1,5,1,1,3.964827895067453,0.0,9.105221538055277,0.29542203631376496,0.09055946760092048,0.668003250743014,-0.7333463673148497,0.0,0.8518459258388879,0.817191050726641,low,0
S0004,2025-03-31,13,mid,5,43.22336743974938,0,2,4,0,0,5.050421735080164,0.0,5.370645316171389,0.2608492459620889,0.009087034951216322,0.6482975272988015,0.022187642944796027,0.0,0.4455178144931612,0.9669685146183153,low,0
S0005,2025-01-01,1,mid,5,58.034334415157375,0,1,2,0,1,4.816587951709748,0.0,7.336691465384378,0.3944793908388575,0.8670601823789473,0.24399530235247224,0.9334684550702161,0.0,0.9581381198044961,0.2476316430714387,low,0
S0005,2025-01-02,1,mid,5,42.08241367741463,0,2,3,1,1,3.8501000892262462,0.0,8.942665402671947,0.23031922468287758,0.1064117629028446,0.8217524169853904,-0.7220620162267508,0.0,0.7472975575598568,0.04791386791333374,low,0
S0005,2025-01-03,1,mid,5,46.67362453511703,0,0,4,1,0,2.358149387873398,0.0,3.628950948025512,0.57654498995114,0.9833407684142266,0.241601276435763,0.36256422106486763,0.0,0.7159846935417241,0.6073244167930659,low,0
S0005,2025-01-04,1,mid,5,38.900637055533394,0,0,5,1,0,6.017216746466884,0.0,8.709072040136073,0.030353805533004263,0.8438128636583061,0.4603290506427651,-0.564824120136711,0.0,0.133778144993968,0.9533071675823725,low,0
S0005,2025-01-05,1,mid,6,29.728321434103524,0,1,1,1,1,6.598786717240876,0.0,12.80702336915738,0.007391901444293025,0.5091354129215991,0.13931948237804637,0.7324540611573536,0.0,0.8715858828624066,0.41834580749375805,low,0
S0005,2025-01-06,1,mid,3,39.85513896642578,0,1,4,0,1,5.446847284493579,0.0,8.889657415318258,0.012596401271786961,0.6444850615205939,0.18286452675487241,-0.5351919075711737,0.0,0.6356319986400399,0.9929434657829072,low,0
S0005,2025-01-07,1,mid,4,52.08560314856645,0,0,3,1,1,6.874133750204063,0.0,8.232729332405796,0.29391676050493376,0.4463263599865612,0.7270185270141339,0.38584045844957715,0.0,0.9873684723122,0.22516102421593187,low,0
S0005,2025-01-08,2,mid,6,61.0409125347724,0,1,5,0,0,5.261031226008192,0.0,4.874444490307837,0.7222160986736462,0.17415669239539633,0.546881173787433,0.4289193677715635,0.0,0.4446276579139047,0.02708113367005105,low,0
S0005,2025-01-09,2,mid,3,40.4924789083485,0,1,4,0,1,4.501856310693919,0.0,4.981318296065277,0.13328425808217315,0.9277457330754073,0.867702097919239,0.41524117148107065,0.0,0.10621382758845621,0.775877254469693,low,0
S0005,2025-01-10,2,mid,5,51.80220360476691,0,0,4,0,0,8.18928128243263,0.0,9.991839414672661,0.26555759801241363,0.8067735696487673,0.2518067660508815,0.6474927759016009,0.0,0.0852683416116774,0.8661837088690295,low,0
S0005,2025-01-11,2,mid,3,44.92417112078958,0,0,3,1,1,3.999227819759132,0.0,11.315505308697213,0.10431308735188216,0.14551548278735915,0.8771275618985017,0.05637852351271233,0.0,0.4672609960075026,0.10671181910235428,low,0
S0005,2025-01-12,2,mid,5,48.611997437513985,0,2,2,0,0,4.421544643692574,0.0,5.593397305402023,0.8994125221673253,0.13353423316074942,0.386696449987462,0.6422848494406945,0.0,0.9694908994061782,0.4539261364217959,low,0
S0005,2025-01-13,2,mid,7,47.682749397895265,0,2,4,1,0,5.937150139907923,0.0,13.949638516554069,0.654220462029013,0.9981999076656176,0.07496004347001306,-0.553980352932534,0.0,0.40789593737154684,0.3477824030488872,low,0
S0005,2025-01-14,2,mid,5,48.588897599468524,0,1,4,0,0,4.749651143233671,0.0,12.540646311654742,0.03994797328609434,0.36229349000020483,0.8263903116005552,0.40299820293033206,0.0,0.4593436555939564,0.055101535158831094,low,0
S0005,2025-01-15,3,mid,3,20.019389825070604,0,2,5,0,0,4.863721772425287,0.0,10.69030352040959,0.4778673549131358,0.3552839742369226,0.6825117301162001,0.32446431665918607,0.0,0.7153223105291356,0.26814322961192083,low,0
S0005,2025-01-16,3,mid,4,41.254677406127165,0,1,5,0,1,4.990756622192955,0.0,11.112421556625058,0.8693523009923474,0.7368264557515041,0.5010402369846034,0.14552106591017355,0.0,0.13722714661687108,0.9376614606165921,low,0
S0005,2025-01-17,3,mid,4,24.80186667661766,0,1,3,1,0,9.928424881998442,0.0,10.980293432984526,0.6318801592468851,0.5270501564925637,0.582533777440736,0.36757640177974915,0.0,0.7531188471796741,0.7274523912861205,low,0
S0005,2025-01-18,3,mid,4,47.86792897544197,0,2,5,1,1,5.1914716677331265,0.0,8.220025331110197,0.8194956853860523,0.3267388905686336,0.34961439880772216,0.19269299499355186,0.0,0.274212889124147,0.02660836607768413,low,0
S0005,2025-01-19,3,mid,5,58.985910046261054,0,2,2,1,0,6.700158664835106,0.0,11.253042256718203,0.962732583861139,0.6283471175494444,0.18410132336095697,-0.7886993091021386,0.0,0.8128509715367578,0.5787564763599993,low,0
S0005,2025-01-20,3,mid,6,50.44220352340347,0,2,5,1,0,4.803703034071985,0.0,10.66275042443168,0.019167887524977778,0.43198937146344085,0.03301193590032725,0.9078735050528175,0.0,0.2099180457480515,0.7889270239488795,low,0
S0005,2025-01-21,3,mid,4,51.81469385409354,0,1,5,0,1,5.8413992620369575,0.0,8.266237669501868,0.500619532333931,0.9117851123817714,0.14661455715984228,0.29185578604607865,0.0,0.23287914615181504,0.1567604286516393,low,0
S0005,2025-01-22,4,mid,5,61.77377087805489,0,1,3,0,0,1.6693818426447256,0.0,9.125436067247513,0.8787465236769298,0.19666723239030726,0.9472999994200669,-0.5887570246013178,0.0,0.6136831877287435,0.22308633452897486,low,0
S0005,2025-01-23,4,mid,6,49.745373464655316,0,0,5,0,1,3.821775734437746,0.0,7.193211103712722,0.09301740926267499,0.14386796634332977,0.10466044034648114,-0.15411291251688453,0.0,0.7955783762575864,0.1413835542163402,low,0
S0005,2025-01-24,4,mid,5,36.021699335743705,0,0,5,1,1,4.692977072413607,0.0,9.276837249049995,0.16493402685273106,0.12461506318912474,0.36589929861780757,-0.5412129956912359,0.0,0.2183031118115123,0.054693174576267656,low,0
S0005,2025-01-25,4,mid,4,32.61436810965333,0,1,1,0,1,7.180969449815279,0.0,13.599626451342049,0.9799554473582784,0.9856007339528003,0.6866786117241295,-0.5127704160356115,0.0,0.798555838130599,0.1070291342110381,low,0
S0005,2025-01-26,4,mid,5,45.86970217575358,0,1,4,0,0,5.740423779883482,0.0,11.752942499305929,0.25283740069028926,0.06728461292151455,0.26799726688437797,0.8244164735630513,0.0,0.6331786748957723,0.7210546608978718,low,0
S0005,2025-01-27,4,mid,5,35.33843276629583,0,0,5,1,1,3.1913883730106827,0.0,9.71655305756654,0.8981464448201008,0.9354248244485341,0.9798035353809381,0.7371056615716753,0.0,0.17396088769622553,0.046196483201628835,low,0
S0005,2025-01-28,4,mid,5,46.57957602780954,0,0,1,0,1,4.6942317614781235,0.0,7.750669467147683,0.678887337188785,0.23679758545618013,0.0839625634467267,0.5400424569116573,0.0,0.6301750848870414,0.9884904844868048,low,0
S0005,2025-01-29,5,mid,4,43.198264434649204,0,2,5,0,1,3.501284621154445,0.0,9.335390207248786,0.34222552477890456,0.9813833342412801,0.6296835952592029,-0.1676781071876845,0.0,0.16653851349727,0.9861767972836948,low,0
S0005,2025-01-30,5,mid,4,53.31616786180403,0,0,1,1,1,6.751047214357225,0.0,12.085419687713081,0.24370821190434266,0.3058948132615199,0.48313464556549945,-0.873633806279547,0.0,0.6111415232112462,0.9837350336757578,low,0
S0005,2025-01-31,5,mid,6,37.850431499039416,0,1,3,0,0,7.690762495255441,0.0,9.67478562137565,0.43206728506661773,0.7963907226197089,0.5954148016201084,0.7731908830047967,0.0,0.4109425523501099,0.6043044198214789,low,0
S0005,2025-02-01,5,mid,3,63.31622284658387,0,0,4,1,1,4.309670589100407,0.0,11.467763605228983,0.21150674928176805,0.7360354004260655,0.32001611308739175,0.012089384823673166,0.0,0.1625110652974563,0.9597457214619692,low,0
S0005,2025-02-02,5,mid,6,39.87625759323306,0,0,3,1,1,2.6575676532454606,0.0,16.821823116031602,0.5180153489085197,0.007463140417219405,0.4226866196574257,0.4361363224017216,0.0,0.44269370196743585,0.7322192063122223,low,0
S0005,2025-02-03,5,mid,5,39.273183598407016,0,1,5,1,1,5.260653483489923,0.0,7.8471538112800685,0.5976324398689004,0.7389304553494722,0.029169892290743293,0.08247642886766027,0.0,0.052907433270664384,0.7011442199666534,low,0
S0005,2025-02-04,5,mid,5,64.01635770831969,0,1,2,0,1,4.548687238575496,0.0,14.167073088888285,0.718699265972796,0.5862354987807616,0.4923670487012489,-0.615368454431299,0.0,0.4639362634548909,0.24581858702257464,low,0
S0005,2025-02-05,6,mid,4,51.26613637263071,0,2,3,0,1,3.400740351665922,0.0,9.256858472491139,0.6229540441833817,0.4468741952004389,0.7779849715709368,-0.5590590380012603,0.0,0.16456605842933492,0.4063322309637678,low,0
S0005,2025-02-06,6,mid,5,49.006918370857065,0,1,2,1,0,2.5303085726618177,0.0,12.872664157065653,0.5858083942152443,0.10948236606899397,0.9658366688075836,-0.6504300242332681,0.0,0.6480303180552142,0.24545446253893044,low,0
S0005,2025-02-07,6,mid,5,52.31909906172367,0,3,2,0,0,2.238343277446092,0.0,8.619152947849491,0.5333083624587408,0.9959936491006997,0.8005361051267477,0.6912841832488428,0.0,0.6352649873590809,0.04155984827225856,low,0
S0005,2025-02-08,6,mid,4,42.29771680972712,0,1,2,1,0,4.411803052388733,0.0,10.812509547501865,0.15966634936715074,0.7900832499714378,0.6162907483541447,-0.910278884744566,0.0,0.6225469904622817,0.30891772284376606,low,0
S0005,2025-02-09,6,mid,6,38.7441936231196,0,1,2,0,1,3.897085383289844,0.0,10.072309679432042,0.08066976739117737,0.6723482676428648,0.6891814104275167,-0.31706118678311523,0.0,0.21560976524304476,0.813710270757308,low,0
S0005,2025-02-10,6,mid,5,30.21421332327011,0,1,5,0,0,9.776743985740877,0.0,13.552769935588518,0.6451500833009034,0.016969129315466458,0.9603667746221303,-0.910823814531712,0.0,0.14306195272340239,0.01401451752605698,low,0
S0005,2025-02-11,6,mid,5,46.11799158203388,0,2,5,0,0,6.712191708460014,0.0,11.725182302651323,0.6673318496676933,0.12558210271016068,0.7655433696892027,-0.5796160625623072,0.0,0.32344285510019677,0.8192342121024202,low,0
S0005,2025-02-12,7,mid,6,46.1485239956271,0,0,1,0,0,7.51869425614888,0.0,12.058743919995827,0.5849308939787217,0.26623150149881025,0.03134266885886672,-0.7611022320714285,0.0,0.6223029790740262,0.9344202168425138,low,0
S0005,2025-02-13,7,mid,5,36.664979602824616,0,2,2,1,1,4.744643855388813,0.0,10.240752969135322,0.44750288969950813,0.10189175397155281,0.015920267262798604,0.2323659304251946,0.0,0.9608294170801884,0.9028680234321501,low,0
S0005,2025-02-14,7,mid,4,47.88229130345295,0,0,1,1,1,4.061651601075985,0.0,13.702743446282419,0.41788399661760967,0.044509039276171336,0.289136718418761,-0.09742964564472012,0.0,0.11698304638525758,0.45326746075502133,low,0
S0005,2025-02-15,7,mid,5,56.05638510041112,0,0,5,0,0,6.291175424348387,0.0,10.058143713094076,0.5356889704560298,0.39419049459990796,0.8482031285528955,-0.014034579083821885,0.0,0.47190251056452304,0.4903124894098283,low,0
S0005,2025-02-16,7,mid,5,47.91563676681973,0,1,5,1,0,6.269807623169866,0.0,17.174664462974377,0.5574409671635999,0.9783308076772478,0.7731676917469589,-0.7874681904152083,0.0,0.7784284067813999,0.17053804889822588,low,0
S0005,2025-02-17,7,mid,3,42.394994105936675,0,2,4,0,0,2.605038627788714,0.0,13.615980196914434,0.2781121675538034,0.18443519058426494,0.49751642687443354,-0.44810234368562485,0.0,0.7310103491394832,0.07662240199220272,low,0
S0005,2025-02-18,7,mid,3,52.341807935351355,0,1,1,0,1,5.315509742320535,0.0,12.3660150527826,0.4626103032569784,0.8183005094393818,0.6833263626277299,-0.6328717715661343,0.0,0.8209192136130002,0.4288843893947102,low,0
S0005,2025-02-19,8,mid,4,36.41989111367219,0,0,4,1,1,4.874703555756357,0.0,10.723720745220188,0.9232860210139356,0.5448246756734317,0.26974246587376705,0.4047974421611973,0.0,0.6589018065748572,0.9891253191087334,low,0
S0005,2025-02-20,8,mid,5,33.13663572890145,0,0,5,1,0,7.196306055473476,0.0,8.860565684544738,0.8652945592010245,0.6028463803956364,0.7275364272301427,-0.7696884251942593,0.0,0.5881260654678548,0.6669657034871818,low,0
S0005,2025-02-21,8,mid,5,42.75678688167367,0,0,4,1,1,4.603031082969878,0.0,7.354310135370597,0.9331929170490183,0.6374024812092216,0.8018258998755151,-0.06725081099090291,0.0,0.3616660831950428,0.10840037271662273,low,0
S0005,2025-02-22,8,mid,5,48.92963752617827,0,0,2,1,1,6.038124447209851,0.0,7.067576089183793,0.17339606620611936,0.7247869749583861,0.5053536682378261,0.3599434201787526,0.0,0.2028731759142346,0.745628332520502,low,0
S0005,2025-02-23,8,mid,5,44.87419936497888,0,0,5,0,1,4.8397951300523605,0.0,7.890636836003141,0.2047194539499989,0.5665181655878301,0.6495429586036605,-0.39475363414249,0.0,0.45998166967810084,0.2793394852765595,low,0
S0005,2025-02-24,8,mid,3,40.97529307610337,0,1,4,1,1,3.783987714125353,0.0,6.956560819877758,0.5934964158218514,0.21011777594021452,0.11633172713326123,0.9402337728368644,0.0,0.021981814809622913,0.8026974053360216,low,0
S0005,2025-02-25,8,mid,4,54.678260240252044,0,0,2,1,0,4.957146892546872,0.0,9.914776413120507,0.9998492444864002,0.002184142857248772,0.6386726361204053,-0.7175126039468853,0.0,0.9206281367107758,0.09363289333362923,low,0
S0005,2025-02-26,9,mid,5,49.965816705499265,0,0,5,1,0,3.613378508821664,0.0,10.763024527895562,0.9478565672536607,0.2585572636402459,0.33721249040628576,-0.19547917263291592,0.0,0.05122429640431325,0.49651542223060485,low,0
S0005,2025-02-27,9,mid,4,35.3326708185555,0,0,5,0,0,5.303086416864938,0.0,4.7758281810204215,0.5657420260709014,0.015310586626905431,0.78057272582094,-0.276785363149221,0.0,0.4064185410021378,0.8093695444369458,low,0
S0005,2025-02-28,9,mid,4,43.68765326630679,0,0,4,1,1,5.097478308057536,0.0,3.327940532916143,0.49328082733856005,0.003959943012142753,0.5011627314574904,-0.23245508404518156,0.0,0.9720793354745572,0.15915908399382983,low,0
S0005,2025-03-01,9,mid,3,26.644535892116846,0,1,2,1,0,6.730489900687884,0.0,12.429870440057522,0.6067162019700039,0.16678733518367417,0.7974205539416643,0.44022266702989143,0.0,0.08613577154903629,0.46380982467437626,low,0
S0005,2025-03-02,9,mid,4,34.92750141544039,0,0,4,0,0,8.06896420358903,0.0,13.36712265610948,0.83629131310246,0.21546290727573003,0.12048182243846794,0.7030743437958513,0.0,0.1566128148926499,0.9747600813361953,low,0
S0005,2025-03-03,9,mid,5,57.299903684386834,0,1,4,0,0,6.174524826928353,0.0,9.383116439070257,0.06562608817781757,0.5494118320609646,0.5908662673951145,0.3054562475544482,0.0,0.25566622333181444,0.36456642751986446,low,0
S0005,2025-03-04,9,mid,4,49.34502646091306,0,2,3,1,0,2.760017139456767,0.0,9.47911290028705,0.10249632918921281,0.5354649496569541,0.08514363655608215,-0.39410966421983207,0.0,0.744596975963076,0.9644321795679808,low,0
S0005,2025-03-05,10,mid,3,55.35884661553584,0,2,3,1,1,5.095242039924991,0.0,9.47913416414607,0.16361648874255508,0.5656035277480433,0.5039130253806,-0.9729727153876349,0.0,0.36286581699510345,0.6010911673963028,low,0
S0005,2025-03-06,10,mid,6,43.75352261674957,0,0,1,1,0,6.129684717200245,0.0,14.907393418407445,0.647720054420612,0.029299443103418366,0.6181029655616969,0.019017746448403816,0.0,0.5457496797794357,0.3594238268308171,low,0
S0005,2025-03-07,10,mid,4,50.667717261841794,0,1,1,0,0,2.084751026758846,0.0,7.865021267826563,0.4215111825102905,0.09439747590385916,0.12570590651211566,-0.17113190606333717,0.0,0.7624445219391001,0.9003122395744909,low,0
S0005,2025-03-08,10,mid,4,48.04278391632531,0,2,4,1,0,8.196643615282067,0.0,12.200643440517597,0.007357829625414536,0.5182057321825209,0.03752865753180312,0.13846042418289595,0.0,0.9207708496360754,0.9684191305004078,low,0
S0005,2025-03-09,10,mid,2,65.42177910534731,0,2,4,0,1,0.05688018337147849,0.0,4.972624649690498,0.582144802814742,0.35677049034925123,0.16427044945592806,0.007438869179912544,0.0,0.8302028843457621,0.6640122280676023,low,0
S0005,2025-03-10,10,mid,5,43.11289871507414,0,1,5,0,0,6.2069060503741955,0.0,10.329323160371118,0.053697078599306836,0.1062457084695605,0.17367163695433985,0.3803421412086643,0.0,0.6455958727498087,0.892058860209694,low,0
S0005,2025-03-11,10,mid,5,62.463916378158544,0,1,2,1,1,7.614557194199512,0.0,12.56663315375639,0.6337540871903363,0.14050730310859327,0.44295101074793275,0.12287675586624869,0.0,0.8490437591785968,0.4436457487985723,low,0
S0005,2025-03-12,11,mid,4,53.098878169738725,0,2,1,1,0,4.1319763748659835,0.0,10.062065523599852,0.41373289758032983,0.29924841926016044,0.7481056678874892,-0.5834446496929084,0.0,0.20522008729407182,0.18951904323737678,low,0
S0005,2025-03-13,11,mid,4,37.513552974846824,0,4,4,0,1,2.6421530174033494,0.0,9.34099164294712,0.947565126324043,0.7668488978177731,0.26828720042777265,0.18160906703583168,0.0,0.721449157109572,0.941278928906798,low,0
S0005,2025-03-14,11,mid,5,55.37158898658243,0,2,1,1,0,5.765792912422176,0.0,12.066951858175162,0.7136520744937427,0.25240171494215125,0.656815231088449,-0.6035874695289607,0.0,0.14400322391982212,0.9994678942025802,low,0
S0005,2025-03-15,11,mid,3,64.62796243370614,0,0,4,1,1,6.253909496512265,0.0,9.168840699162725,0.19124212907612137,0.6154289150329266,0.4057144241809477,-0.9178352700888894,0.0,0.34728847430569776,0.2652285225026746,low,0
S0005,2025-03-16,11,mid,5,46.298319162880325,0,0,4,1,1,4.209620333937871,0.0,12.9101112209914,0.2613973165603949,0.9465985727783387,0.726303500368818,-0.5606357332483474,0.0,0.4490833926761134,0.7964517695378094,low,0
S0005,2025-03-17,11,mid,7,51.442915262612544,0,2,4,0,1,4.038704117023517,0.0,17.618144868348583,0.6225753978327817,0.010046981054831594,0.1948404916553641,-0.017339136175738235,0.0,0.9505035615891348,0.3836090403551584,low,0
S0005,2025-03-18,11,mid,6,39.10547600061282,0,1,1,0,1,6.918714719008995,0.0,9.585930173650702,0.4113302903312368,0.14522501991524905,0.524314938340121,0.9259159892972593,0.0,0.607685641050811,0.9833872204605726,low,0
S0005,2025-03-19,12,mid,3,54.48508543263531,0,1,3,1,0,5.785268231301936,0.0,11.360756570527656,0.5084790353080261,0.23290183864948166,0.8453299756887267,0.45432561948027694,0.0,0.9807611743888516,0.15569259775593292,low,0
S0005,2025-03-20,12,mid,4,38.40960725111355,0,1,5,0,0,6.852152467279478,0.0,12.711056925378859,0.08001826975767934,0.35946462185394357,0.8583694067196584,-0.5347922757024881,0.0,0.11550586615646619,0.32610605663879344,low,0
S0005,2025-03-21,12,mid,4,56.07456930668951,0,0,2,0,1,6.036203404059951,0.0,8.412396970565462,0.9673281113534697,0.26859893291459747,0.4948259516005463,-0.8277677789872524,0.0,0.5591366564629684,0.5027834418466806,low,0
S0005,2025-03-22,12,mid,4,33.69821270515317,0,0,5,0,1,2.9429500286416554,0.0,7.373476463058514,0.025896070249485148,0.2852117446533321,0.5539699498782749,-0.9967976249019423,0.0,0.2832190838096674,0.8814103323232501,low,0
S0005,2025-03-23,12,mid,6,59.67638337860758,0,1,4,1,1,6.099366372580519,0.0,15.404290297799463,0.38646256432793524,0.4202496018075419,0.5621108826232295,-0.9882705442256774,0.0,0.07850986845360985,0.8812580677630116,low,0
S0005,2025-03-24,12,mid,5,40.53679484765655,0,1,4,1,1,9.244052092601372,0.0,10.119526966564539,0.9125993455913904,0.8737946904198807,0.501820375540511,-0.12470739468479586,0.0,0.3396926184795871,0.7190194431628911,low,0
S0005,2025-03-25,12,mid,4,36.5961029366041,0,0,3,0,0,5.871329132914004,0.0,11.860239995339008,0.2723153971810828,0.11750184021237331,0.2519982216440717,0.8415129021094674,0.0,0.5815888378497553,0.5334802087447829,low,0
S0005,2025-03-26,13,mid,3,57.2975513055798,0,2,3,1,1,5.34319754613591,0.0,10.7296528676832,0.19535896084860838,0.08674863550138157,0.6054444853053423,-0.8858104789802321,0.0,0.6728258885580842,0.5304242203272427,low,0
S0005,2025-03-27,13,mid,5,62.39323140242075,0,1,5,1,1,6.401532014410971,0.0,12.199180347616451,0.9726887432610853,0.28584144866340944,0.07111070821343679,-0.30868612891628144,0.0,0.7432944752240767,0.4381116510332952,low,0
S0005,2025-03-28,13,mid,5,58.12915039716137,0,2,1,1,0,3.407346709340965,0.0,10.503439734027367,0.44980399070442867,0.7563560547436343,0.7941345617322724,-0.01080589447248248,0.0,0.8947475708313011,0.26766843719429756,low,0
S0005,2025-03-29,13,mid,5,43.03219051123017,0,3,2,1,1,2.0260798379274694,0.0,4.272971489326093,0.5855612934974469,0.5211737249135375,0.14977713168090268,-0.8688418547067274,0.0,0.7294154487265405,0.5597174359283135,low,0
S0005,2025-03-30,13,mid,6,39.81663990125914,0,1,5,1,1,7.382171709546954,0.0,7.544184920019764,0.1519801824740512,0.13031798809129091,0.34562703703615894,0.615404738088114,0.0,0.24634824724230187,0.06325340889867959,low,0
S0005,2025-03-31,13,mid,3,52.24136559314498,0,1,1,0,0,4.180397512412934,0.0,12.350076131572093,0.6941316539762369,0.01612464637221489,0.37265712989414723,-0.2965803640823834,0.0,0.5434844285830145,0.0727362617771965,low,0
S0006,2025-01-01,1,mid,4,58.10760527363354,0,0,2,1,1,2.566206579319666,0.0,14.09012954061502,0.8088585390335653,0.294701369885528,0.5712129177515172,0.490795478283079,0.0,0.3789559098125076,0.30276760761742505,low,0
S0006,2025-01-02,1,mid,6,43.308773143571834,0,2,5,1,0,6.528956440611581,0.0,7.058591395234307,0.8237444619122997,0.8570290283305779,0.4151071768549326,-0.8213201954162663,0.0,0.4377814772996199,0.23073459020705378,low,0
S0006,2025-01-03,1,mid,5,37.53151741007915,0,0,3,1,0,5.156255006989571,0.0,8.548681724278003,0.7865834708315065,0.01728804476336321,0.5496846136565783,0.7155282915720589,0.0,0.47410207584226693,0.004106202897448452,low,0
S0006,2025-01-04,1,mid,4,43.24234396074688,0,0,5,1,0,7.168396488087085,0.0,10.630909120665986,0.47710981769392613,0.9945642566845248,0.6791716995379928,-0.8518501855791045,0.0,0.9928321316819754,0.40789423678019043,low,0
S0006,2025-01-05,1,mid,5,27.53104308654445,0,0,4,0,0,5.512341211388557,0.0,13.579933017781379,0.9992072989434408,0.28684664564719997,0.28045506476005533,-0.6805010795321116,0.0,0.16406358826533518,0.2851865960100478,low,0
S0006,2025-01-06,1,mid,4,52.708022199879714,0,0,4,1,1,5.252263031692031,0.0,8.35278673613856,0.806778142506314,0.15691727203722716,0.015022541980566295,-0.37457340971708386,0.0,0.5881437067295981,0.13828317340474772,low,0
S0006,2025-01-07,1,mid,6,23.663641583411792,0,1,4,1,0,5.33514021160198,0.0,13.486778792517,0.8258882264268146,0.3035039091479522,0.3984787621092144,-0.3661739723629114,0.0,0.46738733544792543,0.28557961623863637,low,0
S0006,2025-01-08,2,mid,4,46.1410149222652,0,0,1,1,0,8.715857121855366,0.0,13.478840765275844,0.36522792625688194,0.5354133355114677,0.7883995309449126,0.6362083366434967,0.0,0.9579120757156483,0.8242679859228745,low,0
S0006,2025-01-09,2,mid,3,47.58710133473833,0,0,1,0,1,5.078678253554926,0.0,14.179505911502417,0.05471417483363994,0.5354705745913382,0.9357492615245504,0.19522638186492092,0.0,0.8094274884628149,0.8001526483917506,low,0
S0006,2025-01-10,2,mid,4,52.70103566558457,0,0,2,1,1,4.33529105296207,0.0,13.131537984421236,0.32319424985737744,0.9351585723766211,0.363322572086224,-0.2194241826737271,0.0,0.10609177961290917,0.6704466652825093,low,0
S0006,2025-01-11,2,mid,5,28.568597349237738,0,2,1,1,0,4.007814752680184,0.0,12.641399083134703,0.5075090944693315,0.40125258320372803,0.8550783859696881,-0.13616293770834242,0.0,0.3860991888374843,0.6898236928976375,low,0
S0006,2025-01-12,2,mid,4,47.30496621211714,0,3,2,1,1,5.405328328926923,0.0,10.72060728569187,0.23392282077938487,0.20063209014657346,0.7151367768111756,-0.3700958761624811,0.0,0.3063987983619578,0.15229024706765526,low,0
S0006,2025-01-13,2,mid,4,28.940427524846086,0,1,2,1,0,2.331678481990018,0.0,9.148817486640167,0.19110562269114495,0.7687641807211604,0.2655875983073599,0.534466788318446,0.0,0.20588731076659939,0.3216863687013094,low,0
S0006,2025-01-14,2,mid,5,44.46757429910797,0,1,5,0,1,9.242047203064887,0.0,9.315398261493367,0.5106829844471824,0.47704822517935463,0.8348994283643915,0.5117727591356327,0.0,0.4834022365230042,0.1116359293960616,low,0
S0006,2025-01-15,3,mid,5,42.621793823939015,0,1,5,0,1,5.2141149059845935,0.0,8.96455935658592,0.26251029048316565,0.05234717843131309,0.23097931052806364,0.6038279056722531,0.0,0.8514891816465466,0.48306624519330266,low,0
S0006,2025-01-16,3,mid,5,44.39962458311435,0,0,3,0,0,7.73699540260992,0.0,8.062012044618838,0.6723268099936413,0.5312010468195962,0.09887334266265135,0.624359174585503,0.0,0.8660231906806247,0.1721686885526491,low,0
S0006,2025-01-17,3,mid,7,51.37477471949104,0,1,2,1,1,4.691252930552142,0.0,7.417265408219925,0.12875443736805547,0.9476236585206671,0.47517086602262826,-0.36548165128626486,0.0,0.7663040711189001,0.49794859258226387,low,0
S0006,2025-01-18,3,mid,5,39.17113278623965,0,2,1,0,1,4.253263149993831,0.0,8.499406548712013,0.8824951050681364,0.020121721853074037,0.752727137825976,-0.05245341497115419,0.0,0.44677215883960686,0.0070965324948871755,low,0
S0006,2025-01-19,3,mid,4,55.98983357441965,0,1,3,0,0,8.480528867425837,0.0,7.866667556340834,0.9028293070359646,0.850429487678928,0.41432701402020766,-0.7752279013554786,0.0,0.07563036383454946,0.5770640452257026,low,0
S0006,2025-01-20,3,mid,5,48.99706539441223,0,0,5,0,1,6.023557957300988,0.0,11.856177514313398,0.03881294781180211,0.1941287704459722,0.5366075092637743,0.8696440808876025,0.0,0.8349567750521169,0.8425345083518017,low,0
S0006,2025-01-21,3,mid,4,27.419448085628023,0,1,5,1,0,3.42638668620723,0.0,7.646511782831395,0.08337905376875954,0.9285077519437785,0.579737114939772,0.33407371425070775,0.0,0.9115768872630525,0.3456201689007895,low,0
S0006,2025-01-22,4,mid,4,46.10723434186497,0,0,1,0,0,3.1548554552825916,0.0,14.661876726738562,0.34610850016440764,0.8358884081262424,0.10127612383100637,0.35178524566042135,0.0,0.24872539379062464,0.015498241826190307,low,0
S0006,2025-01-23,4,mid,5,33.61904262258002,0,1,1,0,1,6.500502891947862,0.0,7.4508901072468205,0.30973324894601206,0.8587520256091838,0.7004548654243579,-0.1963730827966097,0.0,0.07630245417407955,0.732700183870807,low,0
S0006,2025-01-24,4,mid,5,31.60008930425115,0,2,4,1,0,4.170350583454941,0.0,11.930515522156334,0.5908158748955077,0.5057728338692109,0.017988131572387656,0.8655425598121895,0.0,0.07832705514921845,0.6882189194077358,low,0
S0006,2025-01-25,4,mid,5,51.17240866775373,0,0,3,1,0,6.541537612870277,0.0,10.146607549915458,0.48379689658279634,0.49044909673594994,0.11974678850053189,0.6053124883044396,0.0,0.2469654124670625,0.8996124893723151,low,0
S0006,2025-01-26,4,mid,7,47.30537127828305,0,1,3,1,1,5.282582054814206,0.0,9.74267045448305,0.5217432257909146,0.013409453872123112,0.019446258419546614,0.9459232699040832,0.0,0.22145089137324503,0.8056082888143147,low,0
S0006,2025-01-27,4,mid,5,55.23874662130004,0,0,4,0,0,9.376997972191983,0.0,9.298884964874624,0.01835838399922396,0.6539942214202483,0.6185851490721154,-0.38030576649344017,0.0,0.08579428489948948,0.09093544991304114,low,0
S0006,2025-01-28,4,mid,5,50.01791167777641,0,0,4,1,0,6.821727628538406,0.0,8.547181113409534,0.6542299779998744,0.27542990363947284,0.967739954659086,-0.35691633520425725,0.0,0.9982340258287203,0.9961636931702632,low,0
S0006,2025-01-29,5,mid,4,35.24539972323987,0,1,2,1,0,8.239626468484644,0.0,8.145480512958207,0.9182850353799578,0.4080404616028166,0.19127737103739706,0.034235861713838966,0.0,0.9080836870598544,0.8043744141377006,low,0
S0006,2025-01-30,5,mid,5,40.856102080347675,0,2,4,1,1,3.429593413092836,0.0,10.473452915931736,0.7656523367051831,0.06979948489474974,0.47870172056933225,-0.6553015717100734,0.0,0.752335177977885,0.9115912278061266,low,0
S0006,2025-01-31,5,mid,6,70.9751712584445,0,1,3,0,0,7.976789355382857,0.0,13.334866454526127,0.12628347258456896,0.9457764972463472,0.13257407748448236,0.5493458743635966,0.0,0.2648163217783188,0.9335931437012516,low,0
S0006,2025-02-01,5,mid,5,53.262314899624684,0,0,5,0,0,7.093845479311771,0.0,6.088826106924801,0.2392588627514639,0.2805278218554009,0.8204690163608535,0.16863946352541803,0.0,0.5085274317735725,0.31845196680580434,low,0
S0006,2025-02-02,5,mid,4,55.054027748299845,0,1,2,1,0,7.144393431876974,0.0,13.036673270361499,0.05196609813118025,0.8597478056850669,0.45825331476504794,-0.4751678366075711,0.0,0.2417645074796816,0.48301411284395046,low,0
S0006,2025-02-03,5,mid,4,53.73183140778606,0,1,2,0,1,3.8156280760723744,0.0,16.175475864468666,0.39777335153103965,0.324705334258264,0.9814475954291293,-0.7305054697381852,0.0,0.3148050589205683,0.4854976402826635,low,0
S0006,2025-02-04,5,mid,2,25.245923830893915,0,0,2,1,0,5.599032929021698,0.0,8.649350756684793,0.7575483931333713,0.8097704038972623,0.8866154889893555,-0.47392764492213946,0.0,0.22455946926889636,0.4655056665274797,high,1
S0006,2025-02-05,6,mid,5,35.93183953401571,0,2,1,0,0,3.846796446514058,0.0,7.786124331024952,0.40663652688497043,0.3831644685591258,0.794662892397889,-0.08736635889807531,0.0,0.1707682600033369,0.2672098954860741,low,0
S0006,2025-02-06,6,mid,3,45.30536494995351,0,1,1,0,1,5.053144566883694,0.0,9.199021629472636,0.9733942914360433,0.43868470289979355,0.5407575018873564,0.9359395935399111,0.0,0.2551822287742307,0.8584702525982629,low,0
S0006,2025-02-07,6,mid,7,59.85588608007781,0,0,3,1,0,3.8183437781850476,0.0,9.775062222767346,0.5438779211611176,0.3385540274370513,0.47343493359404876,0.22634072148623408,0.0,0.8688010958178203,0.6619015764719286,low,0
S0006,2025-02-08,6,mid,6,42.3567851125982,0,1,2,1,0,10.525050481579171,0.0,5.3391627112737865,0.16912486264417803,0.3224498097106496,0.4402217262561652,0.666419375915603,0.0,0.9294075660702069,0.6284228289176729,low,0
S0006,2025-02-09,6,mid,3,38.78651036795003,0,4,1,1,1,4.359799047299832,0.0,2.784791350269371,0.35499511581394183,0.3207121649842939,0.9639160120731884,0.2831593624867885,0.0,0.02343295536738821,0.4301759084443132,low,0
S0006,2025-02-10,6,mid,4,52.160457490404944,0,0,1,0,0,4.178875850154921,0.0,10.435731850220364,0.10456286475434151,0.8810040848147078,0.5274959445582615,0.64967431879148,0.0,0.856612336224926,0.9276745414995192,low,0
S0006,2025-02-11,6,mid,5,51.226631939451465,0,0,1,0,0,7.188799594166281,0.0,15.346013760996163,0.895792872894706,0.6531871891578125,0.3490524244615514,0.9324514514116409,0.0,0.8016194859820336,0.6304176183813543,low,0
S0006,2025-02-12,7,mid,4,30.48603297687091,0,1,2,0,0,6.933088501041224,0.0,7.971000545667249,0.03121356033874756,0.9668655502933936,0.5265949425897893,-0.39343794786910946,0.0,0.3625832125946771,0.06640535346049736,low,0
S0006,2025-02-13,7,mid,4,64.74396744480029,0,1,1,1,0,2.357945833162811,0.0,8.679741159242118,0.8134068935646797,0.7428312764656902,0.6615910659592654,-0.5273268194624976,0.0,0.09785700271645004,0.5761593298259662,low,0
S0006,2025-02-14,7,mid,3,47.29823154904325,0,0,5,1,0,6.698285211864382,0.0,6.176442678077892,0.5336169313092108,0.9440412782809274,0.3962772624917006,0.38772668465678906,0.0,0.4893227474751214,0.5125762159242117,low,0
S0006,2025-02-15,7,mid,4,28.01430289377067,0,1,3,0,0,5.4478381995071885,0.0,8.40688914814695,0.17608263303171623,0.7167185857676419,0.7059904029619934,-0.5316018804238196,0.0,0.2696343992192042,0.6547707136020883,low,0
S0006,2025-02-16,7,mid,3,40.54950306366988,0,1,1,0,0,7.206435144107316,0.0,14.325827205857802,0.09949622618063814,0.6041739381725918,0.12096066223849233,-0.8426046496092019,0.0,0.5273108956423933,0.402785534046495,low,0
S0006,2025-02-17,7,mid,4,46.76150451887692,0,1,2,0,0,8.71463240149032,0.0,13.736948692710918,0.2828859097863652,0.8948692007055198,0.024206044422529827,-0.30279506111430865,0.0,0.721800421549856,0.08008950967116124,low,0
S0006,2025-02-18,7,mid,5,32.553715328417745,0,2,1,0,1,2.793631237533813,0.0,12.461660508663691,0.06560076494502953,0.6906153123866363,0.5724077259677651,-0.19096095108352995,0.0,0.36361144919006383,0.2168142759291083,low,0
S0006,2025-02-19,8,mid,5,33.034420713833136,0,1,4,0,0,7.171796765754583,0.0,6.616585387788338,0.8639548220095106,0.2988631887868677,0.1929840079390286,-0.7676388514918218,0.0,0.6162540405708125,0.4438559911405694,low,0
S0006,2025-02-20,8,mid,5,34.17215051730833,0,0,5,1,0,4.398039375213556,0.0,8.10568891755045,0.6637343606939384,0.665784401468871,0.28622430723999437,-0.07979474688462407,0.0,0.19344722801193748,0.21037208152983577,low,0
S0006,2025-02-21,8,mid,4,38.022810961017555,0,0,5,0,1,4.46274565622682,0.0,14.501261313064445,0.7536101314779872,0.9556394617234216,0.772089523881285,0.6847426676366439,0.0,0.7606065813900618,0.1682110924335416,low,0
S0006,2025-02-22,8,mid,4,49.694088561957045,0,2,3,0,0,2.218211737482458,0.0,8.55297527436179,0.25709608939511175,0.4794549781497657,0.36727770128070925,0.8276290452498885,0.0,0.36829546765570953,0.3734445911454355,low,0
S0006,2025-02-23,8,mid,6,41.19186967854281,0,2,5,0,1,8.390959258767623,0.0,12.112226313784474,0.8538659935252035,0.14016543338273035,0.5441831489768018,-0.9839837186524343,0.0,0.09509364771072948,0.05421174420599306,low,0
S0006,2025-02-24,8,mid,4,47.11280724441552,0,1,2,0,1,5.202066975965592,0.0,11.408736690695175,0.807477935651909,0.10935590310947885,0.3972912929459057,-0.3263045971056946,0.0,0.5694823881365918,0.8611135200614256,low,0
S0006,2025-02-25,8,mid,4,49.86171241465874,0,1,2,0,0,6.757232821203829,0.0,7.982835083949244,0.22523990233524627,0.681460115425272,0.25361562763856416,0.7674667776627737,0.0,0.5614779437366768,0.18593364087438458,low,0
S0006,2025-02-26,9,mid,4,29.572744905178716,0,2,4,1,1,6.598136245032775,0.0,12.096906401245366,0.32460879809694465,0.7211592682138772,0.6577887800361861,0.9182245839925878,0.0,0.9310902905080148,0.789379325603577,low,0
S0006,2025-02-27,9,mid,4,54.4676656790658,0,1,5,0,0,5.002219889374587,0.0,5.366698455255268,0.8404427505460201,0.7012933420883841,0.7890406042020471,-0.29804875214781723,0.0,0.40465374164855017,0.3936818859906128,low,0
S0006,2025-02-28,9,mid,5,45.25385277972272,0,0,1,1,0,6.406130293482203,0.0,8.416944416749121,0.7039366670345154,0.9456735370508046,0.408927235756672,0.3239396789012683,0.0,0.4648547808132707,0.6305886973085435,low,0
S0006,2025-03-01,9,mid,3,42.83085009573462,0,1,2,1,1,5.157703608034349,0.0,9.14774004115225,0.34958519578439207,0.29267144575942416,0.39258775036111127,-0.31595467150403667,0.0,0.8322391067084416,0.27479781076790055,low,0
S0006,2025-03-02,9,mid,4,47.55625785549718,0,3,4,0,1,5.9063272081211515,0.0,10.699538571384576,0.7054966519346239,0.671779270254866,0.3943411463506643,-0.9974311489463972,0.0,0.12015925873562194,0.5345545447560391,low,0
S0006,2025-03-03,9,mid,4,62.62127663079091,0,2,1,0,0,6.075536380736968,0.0,10.919168446220242,0.11755724912093657,0.9902225346150739,0.2094067139499336,-0.976440247426716,0.0,0.9974229390535542,0.28107388544511314,low,0
S0006,2025-03-04,9,mid,4,50.18793017451721,0,2,1,0,1,5.840534420959198,0.0,10.898955770190238,0.8057468921781201,0.6025113635747287,0.29582271858186315,0.7764183864282981,0.0,0.8406036227731919,0.47287932221054507,low,0
S0006,2025-03-05,10,mid,5,41.259815826429005,0,0,5,1,0,7.198974050666163,0.0,9.433865200780499,0.5658630735596195,0.15723566509423348,0.6906227420813416,0.026868994251640244,0.0,0.6506065232521034,0.889687412571665,low,0
S0006,2025-03-06,10,mid,5,43.656189318199374,0,1,1,1,1,6.890146535738182,0.0,10.410248829812897,0.9743494565240307,0.04626191733999996,0.35577408420066015,-0.5742114906800131,0.0,0.7559658489312481,0.640193868537032,low,0
S0006,2025-03-07,10,mid,4,34.556034381310965,0,2,3,1,0,6.177270919592545,0.0,12.185035639208628,0.7533129318792571,0.716325343476028,0.6693854236698692,-0.04601616924365004,0.0,0.642278163507115,0.03836155478797465,low,0
S0006,2025-03-08,10,mid,6,50.664250279877656,0,1,1,0,1,6.521953548183653,0.0,11.539911731685667,0.415163586604104,0.7648788300884687,0.17461091698226194,-0.35547921236103064,0.0,0.9743049631104774,0.9863281735601263,low,0
S0006,2025-03-09,10,mid,5,45.217521840159606,0,1,1,0,1,5.098656331589687,0.0,12.167340955662938,0.6149030145669361,0.48242360159472886,0.09365745260747449,0.5361787568373331,0.0,0.7472246450885869,0.311703321492812,low,0
S0006,2025-03-10,10,mid,5,40.02645628585907,0,0,1,0,0,5.417197197984394,0.0,12.904869999437144,0.12684392689259716,0.461925204205735,0.8447917378659114,0.7951243869063203,0.0,0.2646495049987615,0.7112658247104531,low,0
S0006,2025-03-11,10,mid,6,50.607693490151675,0,1,4,1,0,3.6382612478044702,0.0,4.365463001404487,0.27946944122964856,0.5818652665047078,0.05534978921809519,-0.7108405795208306,0.0,0.6952584007554335,0.14214085359791773,low,0
S0006,2025-03-12,11,mid,4,46.57151870790948,0,1,5,1,1,4.779664148336441,0.0,8.124250719655345,0.7075354377454437,0.462687831687827,0.8064959461052452,-0.6407093682717366,0.0,0.9595942050277405,0.3851626277725405,low,0
S0006,2025-03-13,11,mid,5,41.46021506678923,0,1,3,1,1,5.36021093493083,0.0,7.806026179154174,0.16393172095320274,0.735953560515178,0.3012312947939082,-0.07321798239070754,0.0,0.5994305420276217,0.17127341066623958,low,0
S0006,2025-03-14,11,mid,4,55.63773983785577,0,1,1,1,0,5.0993206676331635,0.0,12.990104122718565,0.5650325249759498,0.6696839724632725,0.9613824701437153,0.20533992188901018,0.0,0.5594752594563462,0.014534135265990678,low,0
S0006,2025-03-15,11,mid,5,37.133747431968665,0,4,3,0,0,5.064508458121914,0.0,15.449818490666418,0.7087656323456546,0.24894352479687276,0.3244382286350662,-0.3315693254797707,0.0,0.0257424097472162,0.34104787283062354,low,0
S0006,2025-03-16,11,mid,5,45.21729490989723,0,1,4,0,1,0.7217717511382977,0.0,9.562187691660096,0.9242184348426601,0.024390993110096737,0.5814248948690871,0.09786504899867521,0.0,0.21932040121138208,0.42888743135021057,low,0
S0006,2025-03-17,11,mid,6,53.651565501202626,0,0,1,1,0,3.565215672681137,0.0,8.966240392796099,0.10699126117462332,0.7194599676699719,0.8545686640326409,-0.48609540098306026,0.0,0.02090951233523497,0.2230900184453558,low,0
S0006,2025-03-18,11,mid,3,41.24064280086421,0,1,1,0,0,5.382072484125516,0.0,8.120904068958916,0.9532371787812328,0.5409862355280837,0.7152670825092443,0.11346461551843556,0.0,0.8547406185919787,0.9295830945975689,low,0
S0006,2025-03-19,12,mid,4,31.991570263770022,0,1,4,1,0,5.674964149452798,0.0,9.210076579366252,0.15828625605909807,0.45566082155309195,0.6056992404598757,0.38372781632168884,0.0,0.38306936972650674,0.8690990687247285,low,0
S0006,2025-03-20,12,mid,3,64.52917382489511,0,0,2,1,0,4.088310252339426,0.0,11.724761547414394,0.8664274028987562,0.033323199439508455,0.9127873853865254,-0.763275544297404,0.0,0.6457591779380326,0.2500824689139418,low,0
S0006,2025-03-21,12,mid,5,57.564388673790305,0,0,2,1,0,3.9791155864668983,0.0,8.868646378919657,0.19668855823121312,0.0553323871633461,0.19813074182357704,-0.9815982047492411,0.0,0.6272584006359783,0.3163754073876829,low,0
S0006,2025-03-22,12,mid,3,31.294409579329905,0,0,3,0,0,7.058451658491785,0.0,5.2310176841007685,0.8712646852701572,0.015447427733077945,0.43573435684330764,-0.5514531635161894,0.0,0.38863229039883895,0.41598960797524165,low,0
S0006,2025-03-23,12,mid,4,47.340913614577644,0,1,5,1,0,4.046897153561517,0.0,6.0862316685985824,0.3166024348274129,0.400155272865399,0.15049549807258555,0.007140148807109892,0.0,0.8016425898313673,0.44153401037889695,low,0
S0006,2025-03-24,12,mid,6,44.677231058973824,0,1,5,1,0,2.147963765759096,0.0,11.181619654494229,0.26911975263801036,0.8031330889362459,0.04414556208745546,0.9841843740576401,0.0,0.13035167971479178,0.7960685253969374,low,0
S0006,2025-03-25,12,mid,4,20.121779424376687,0,1,3,0,0,6.93121069757222,0.0,14.775177556766653,0.7689801952286295,0.44676983446825214,0.4728256248963024,0.28715244547964036,0.0,0.1080774936663883,0.4362444483643173,low,0
S0006,2025-03-26,13,mid,3,33.67448658733705,0,1,5,0,1,5.786229312116068,0.0,8.786335247324812,0.7692505592415867,0.5967229901062171,0.33720203516895275,-0.4749827914669118,0.0,0.12188921208035897,0.5097570669008714,low,0
S0006,2025-03-27,13,mid,3,55.93122975881957,0,1,2,1,0,4.090059374079244,0.0,8.882880824782358,0.9043811346655234,0.9688164414833766,0.9918928573196418,0.579523547469269,0.0,0.6635020694052571,0.3457302521929979,low,0
S0006,2025-03-28,13,mid,6,51.86602273869781,0,4,4,0,1,4.816063067593907,0.0,6.754256893860601,0.5983060756960188,0.030970603422510123,0.2748956582570877,-0.934400251446208,0.0,0.42033538919549895,0.8951000290662443,low,0
S0006,2025-03-29,13,mid,3,45.56741683296819,0,3,5,0,0,2.9196025780890538,0.0,12.096447010841429,0.43867169680304885,0.7820018255939414,0.783952518097841,-0.09347645494828072,0.0,0.7921899382752451,0.8386217961980568,low,0
S0006,2025-03-30,13,mid,3,51.78728069279419,0,0,2,1,0,5.223883885398135,0.0,11.215538550671106,0.2595504332730826,0.2923910238477404,0.7053066425359272,0.4708731877843726,0.0,0.3034962317890152,0.3453439779263302,low,0
S0006,2025-03-31,13,mid,4,43.58622030565889,0,1,3,1,0,6.8341250247452106,0.0,11.386313136264814,0.39882152692405737,0.5221264934321769,0.4015417380052825,-0.3990224827347222,0.0,0.8032634006271282,0.2720025737309897,low,0
S0007,2025-01-01,1,mid,5,54.75712537982666,0,2,4,0,1,6.229824308314711,0.0,11.586123764091193,0.05948016310838955,0.6109075221583965,0.37820678387307793,0.5877913103890335,0.0,0.8744145541964785,0.8510037667972491,low,0
S0007,2025-01-02,1,mid,5,53.777102835235326,0,2,1,1,1,3.1482201922177,0.0,9.658999932755695,0.7075228189780428,0.031174909111921223,0.8701966904922421,-0.7226949417733926,0.0,0.127311878746725,0.17567229796858452,low,0
S0007,2025-01-03,1,mid,6,45.75673540613386,0,1,4,0,0,6.712732573084748,0.0,8.771159845606913,0.12262804997800658,0.4334636997331237,0.39672760046838584,0.8761077071078593,0.0,0.15313480060440388,0.009846825012010951,low,0
S0007,2025-01-04,1,mid,6,39.490176109344304,0,0,2,0,1,4.3089442534546,0.0,10.518347867074738,0.3312083023285216,0.28249872662096454,0.5551597297901548,0.4608325300394711,0.0,0.5328764346967474,0.9310259929750676,low,0
S0007,2025-01-05,1,mid,5,49.571309460952804,0,3,3,0,0,9.19746470810085,0.0,5.843771824545612,0.9760783324725189,0.5323043638481663,0.9053218283760898,-0.8339224843796271,0.0,0.19105186870868285,0.4407549434413178,low,0
S0007,2025-01-06,1,mid,7,48.36934330144052,0,2,4,1,0,4.841222720444185,0.0,11.527416379395625,0.19747358368568302,0.626658639091341,0.6847731582791985,-0.74911643109896,0.0,0.7864830342959059,0.018060219759960527,low,0
S0007,2025-01-07,1,mid,3,42.88702382961575,0,1,3,1,1,1.33287157202582,0.0,10.781415247212642,0.628905144923615,0.11793867487423348,0.6549411045673216,-0.43340694400459556,0.0,0.00024293443451273156,0.12693605767417637,low,0
S0007,2025-01-08,2,mid,6,37.94120985939785,0,2,5,0,1,8.071442581606211,0.0,12.792171132103507,0.4041484317770563,0.8753712633272331,0.41549339669591434,-0.1944477313033337,0.0,0.036207261487384956,0.5511413361947338,low,0
S0007,2025-01-09,2,mid,5,48.45148373728624,0,0,3,0,0,5.455534002809744,0.0,5.053072486326091,0.8238017499205379,0.10314676087836105,0.9430207096457361,0.5901457623623281,0.0,0.18125025555155194,0.7120079611981627,low,0
S0007,2025-01-10,2,mid,4,28.31655111891274,0,2,1,0,0,2.036838456897264,0.0,5.981590675126731,0.05226866756159654,0.6855386205626233,0.4362144171200454,-0.6104123947121465,0.0,0.8160335023020684,0.8025607481516279,low,0
S0007,2025-01-11,2,mid,4,43.71736519516169,0,1,1,0,0,3.4679095951992003,0.0,8.616198848505078,0.24099625799591795,0.9361255715401346,0.5201602230243957,-0.2703638073842862,0.0,0.8733914579092193,0.39499027054903246,low,0
S0007,2025-01-12,2,mid,4,38.80877051750068,0,1,5,0,1,3.6034763024972154,0.0,10.37252705423384,0.19128915669651436,0.40740527161134876,0.9369492539086954,-0.2454960285686092,0.0,0.6640741211998341,0.25508722242139814,low,0
S0007,2025-01-13,2,mid,5,40.170160739271594,0,0,5,0,1,3.422606981581467,0.0,14.120217827050762,0.10612541856490243,0.68864505226439,0.9786540813379649,0.45320887466373794,0.0,0.9287293692773355,0.8043047129555168,low,0
S0007,2025-01-14,2,mid,5,38.30079355561516,0,0,2,0,0,3.2279195060432455,0.0,9.002261860450375,0.589331644947728,0.5251408517696297,0.20299355919119721,-0.09626191069544432,0.0,0.7969475040156458,0.5904261031078913,low,0
S0007,2025-01-15,3,mid,6,35.93351454845707,0,2,2,0,0,7.370039275904823,0.0,6.189073819349334,0.7304137528817927,0.4532616833817231,0.6843286504552667,-0.2801719275692731,0.0,0.6678062199866169,0.040595985302373405,low,0
S0007,2025-01-16,3,mid,7,40.14902060698981,0,2,4,0,1,4.167579572320823,0.0,11.81044303090461,0.9810294891150761,0.6137079695437473,0.793537402228831,-0.8288008943544634,0.0,0.18345788475886504,0.7584036730342032,low,0
S0007,2025-01-17,3,mid,7,29.204945829127272,0,1,3,0,0,6.180009522208943,0.0,17.6211732930443,0.7422010091211325,0.5097355100039371,0.4224457900308791,-0.2038256435275383,0.0,0.026446902597667465,0.33555720169665715,low,0
S0007,2025-01-18,3,mid,6,27.59632174385515,0,2,5,1,0,0.8816009804627116,0.0,4.822420965175573,0.7845365186848953,0.09329785547674352,0.5208740366348857,0.6727684712624513,0.0,0.8301925630695713,0.956132856342369,low,0
S0007,2025-01-19,3,mid,5,51.621648077773685,0,0,2,0,1,3.0980932338110567,0.0,12.08779630282255,0.04033016105151299,0.20113654259037728,0.1786288767542995,-0.32450400653030553,0.0,0.4184494971754581,0.5085388914977079,low,0
S0007,2025-01-20,3,mid,4,43.22508116225717,0,0,2,0,1,4.640086596393439,0.0,11.956979607484696,0.07866205831425865,0.17187370253924683,0.05922330539660747,-0.7892061303417199,0.0,0.18465124589369764,0.34109431658740175,low,0
S0007,2025-01-21,3,mid,7,48.6903172976413,0,0,5,1,1,8.325110162228045,0.0,9.277118251432245,0.6194450738181533,0.8030756423377449,0.43180510078591205,0.5716169684887,0.0,0.46245681706514796,0.9409657878427938,low,0
S0007,2025-01-22,4,mid,3,34.101564149795244,0,2,3,1,0,6.040760830134957,0.0,9.784897614477522,0.8341386605235851,0.48970403185785505,0.7625711127915529,0.6667552488633277,0.0,0.3480269631887193,0.8921529168699609,low,0
S0007,2025-01-23,4,mid,8,21.924684816675168,0,2,5,0,1,4.382645180650434,0.0,14.634954386147099,0.7898646210355388,0.6183463070454575,0.11309973942382245,-0.6873371232143228,0.0,0.4370337254497708,0.3968893930890396,low,0
S0007,2025-01-24,4,mid,6,60.50630593257668,0,1,3,1,0,4.088057564038914,0.0,7.085856168837802,0.3239792747100996,0.5871328015842009,0.06668230036302458,0.6593373605301902,0.0,0.5623783803844021,0.6708266807759353,low,0
S0007,2025-01-25,4,mid,4,55.26419454871977,0,2,3,0,1,1.2733712033920113,0.0,13.053189628329438,0.2754579101381702,0.8072109964254175,0.36699326708194735,-0.36599806053139217,0.0,0.8499875931690104,0.8462873364864602,low,0
S0007,2025-01-26,4,mid,7,40.49645542792504,0,1,2,0,1,3.172413296832957,0.0,3.612018846492332,0.9806482195640496,0.3502723706693276,0.4521829393601079,-0.7329688972943609,0.0,0.04795773243698764,0.7754095145924946,low,0
S0007,2025-01-27,4,mid,7,49.10674585419801,0,0,5,1,1,6.49998299652364,0.0,10.719321460193893,0.41908775367096596,0.7833168902193614,0.26833979127465746,0.3959435818472272,0.0,0.001579421077911869,0.8715072134906348,low,0
S0007,2025-01-28,4,mid,3,44.05486059632232,0,0,4,1,0,2.8019215509362816,0.0,15.389995605025051,0.2700584661015557,0.20683711061660848,0.6540230776587604,-0.1675659379353711,0.0,0.17965928902991202,0.689109081486824,low,0
S0007,2025-01-29,5,mid,7,47.00698694288878,0,0,2,0,0,5.693395257003328,0.0,7.9446520610718085,0.4415472888798304,0.9449847855558431,0.1416113506178993,0.28566678163147596,0.0,0.38198004546294595,0.9568146705908778,low,0
S0007,2025-01-30,5,mid,6,44.14926825174868,0,1,3,0,1,4.394971224680127,0.0,8.106072939434897,0.6113570130983824,0.9640541301314893,0.09557444766260115,-0.9549015569398271,0.0,0.05574959847032801,0.05240568646119881,low,0
S0007,2025-01-31,5,mid,6,49.807458275562915,0,1,2,0,0,5.28752928621717,0.0,9.745868701411439,0.932133915398283,0.7205864193706374,0.76576332104754,-0.8170340841407058,0.0,0.5138758347782336,0.2315829912889994,low,0
S0007,2025-02-01,5,mid,6,40.10158057993594,0,0,5,0,1,5.032249575800945,0.0,10.42991891500001,0.17014274017715791,0.31610488794089564,0.42449283267653515,-0.38135155128355414,0.0,0.2806355798765158,0.9722297092163575,low,0
S0007,2025-02-02,5,mid,6,37.970885619604324,0,0,5,1,1,4.749451658548924,0.0,13.012725000735763,0.8571929535868057,0.048395881945765606,0.14851742425711745,-0.17206460303189175,0.0,0.4833920666821264,0.26350715352085685,low,0
S0007,2025-02-03,5,mid,4,40.63484113623733,0,2,2,1,1,5.572800752363067,0.0,15.680425174264084,0.39167559653554895,0.6219144212838782,0.9686386653002755,-0.810184180467844,0.0,0.3900160607475607,0.40660585304609564,low,0
S0007,2025-02-04,5,mid,4,47.5159246876863,0,0,4,0,1,6.7068836047943865,0.0,13.706981936151232,0.8169576873942622,0.12757646891669294,0.8593328197237516,0.18966542777500806,0.0,0.33532900745893546,0.8158552557456904,low,0
S0007,2025-02-05,6,mid,6,48.83251792472864,0,0,5,0,0,2.9103273721938576,0.0,15.351767785605308,0.40561939025544236,0.6795518365726839,0.06709373262987872,0.18741156590286923,0.0,0.7720317859723548,0.8282127578865942,low,0
S0007,2025-02-06,6,mid,6,48.31918447707887,0,1,2,1,0,2.979199893440605,0.0,8.113431737548025,0.9526421308008614,0.4439882143420303,0.17470859204878564,-0.6026986946377217,0.0,0.280709742464594,0.9993162681897128,low,0
S0007,2025-02-07,6,mid,5,33.05957858539777,0,1,4,1,1,5.825330046363644,0.0,10.863092821035153,0.22152715190236705,0.46354783925892185,0.4703240479372064,0.7471506115194684,0.0,0.7627990528758054,0.5130772183680499,low,0
S0007,2025-02-08,6,mid,6,49.4644919881673,0,0,4,1,0,2.5153794442475976,0.0,4.897587925456503,0.0013555244979488457,0.4970893093507971,0.7528089945110099,0.6465373062295443,0.0,0.8793969933058844,0.4877188683153695,low,0
S0007,2025-02-09,6,mid,5,47.11580792076755,0,1,1,0,0,4.500611655066413,0.0,8.894650373901918,0.9503797514820932,0.9583276864813868,0.0977072753867585,-0.9700029992457266,0.0,0.16110002325642225,0.9960127833822483,low,0
S0007,2025-02-10,6,mid,6,31.63997107565072,0,1,2,1,0,2.4834608589202873,0.0,7.573292944885055,0.43049358343151,0.46724134440883713,0.24008470193664389,0.7891957467019437,0.0,0.542547862300646,0.9784443921535696,low,0
S0007,2025-02-11,6,mid,6,58.381154117717024,0,3,5,1,0,9.213320943328872,0.0,15.508912456939733,0.4963989216770842,0.30600097358316747,0.927206464790831,0.17717219469850853,0.0,0.4077392161915949,0.6511769607436182,low,0
S0007,2025-02-12,7,mid,4,44.98828823808786,0,1,4,0,1,1.0709279237941507,0.0,5.5565628261348525,0.03561215027284148,0.4979763025873932,0.5541697216110001,0.117681741909333,0.0,0.7070311693228843,0.17748183499101178,low,0
S0007,2025-02-13,7,mid,6,39.02521141975597,0,1,4,0,1,10.172115833799044,0.0,9.975692757975452,0.14840169648621537,0.39884141194697065,0.9044014365169524,0.9977985740923441,0.0,0.9872144548311412,0.8816745102868724,low,0
S0007,2025-02-14,7,mid,7,35.94815092850894,0,1,5,0,1,4.116088596818671,0.0,10.066244588338973,0.7907029037461137,0.011897832245155615,0.29315594225330177,-0.9881518690919953,0.0,0.3762014132951982,0.0631605281641393,low,0
S0007,2025-02-15,7,mid,5,53.06933550030064,0,1,1,0,1,5.759521529435505,0.0,10.69654265950658,0.8635465316714287,0.6740584527536958,0.2146379629044286,0.2754057020838576,0.0,0.5060830957405109,0.7172192310104201,low,0
S0007,2025-02-16,7,mid,6,52.109890175268625,0,1,4,0,1,4.9769698238467095,0.0,13.091979424724679,0.31325074048882195,0.7536661379095813,0.22006625478469177,-0.2229377039879159,0.0,0.8657272371067937,0.7244223402693151,low,0
S0007,2025-02-17,7,mid,4,40.44801095183841,0,0,4,0,0,5.734628335968955,0.0,8.751917276047395,0.5102470998031456,0.9774250416894216,0.28167935447452497,-0.03865977538984655,0.0,0.44799545466886814,0.12077952243257872,low,0
S0007,2025-02-18,7,mid,4,39.12823702642379,0,0,2,0,0,5.176817624153128,0.0,8.940508123028275,0.7606613420236065,0.4807234564689732,0.9315649800079184,0.4157613904730706,0.0,0.7479236513114172,0.19693348744087025,low,0
S0007,2025-02-19,8,mid,6,49.87608667038712,0,0,3,1,1,2.8441882776968264,0.0,8.077945019507197,0.49187595946082374,0.019610532474253595,0.6713680088967957,0.046316299635283276,0.0,0.8986389283011033,0.16439268432841414,low,0
S0007,2025-02-20,8,mid,6,50.95931347039166,0,0,1,0,0,3.280772972243092,0.0,7.328293568226957,0.5562363940257727,0.4114109317604655,0.9477328040063053,-0.7472597161059897,0.0,0.9736921348501988,0.23063864021426395,low,0
S0007,2025-02-21,8,mid,5,56.633760551635504,0,0,4,1,1,4.539184179181062,0.0,6.3748590069192295,0.45227451228913895,0.016108218549336972,0.11704507270632614,-0.6301479624543651,0.0,0.11358731737867489,0.3415260754213638,low,0
S0007,2025-02-22,8,mid,6,50.409484207279256,0,1,4,1,1,5.042185495701174,0.0,6.606798293492237,0.12654531119637724,0.4766204563105404,0.7636152989616567,-0.483471284225673,0.0,0.4807861681797273,0.9920159693968357,low,0
S0007,2025-02-23,8,mid,6,49.806085933473476,0,1,2,1,1,4.140730042944982,0.0,6.096672200825964,0.8457448783257632,0.3462660507879305,0.6546211935154629,0.4186285896069668,0.0,0.5861823540883414,0.3572419681701362,low,0
S0007,2025-02-24,8,mid,4,53.98117324122347,0,0,2,1,0,6.370095252523371,0.0,3.1242079697831793,0.8419306744792533,0.5834220151830017,0.06155667759999928,0.3108313936057101,0.0,0.008265297945858396,0.779960460540393,low,0
S0007,2025-02-25,8,mid,4,55.825146354225076,0,0,5,0,0,7.233362550135045,0.0,10.696283913785612,0.24192772811923657,0.8762923485239374,0.019043409274291823,0.46490925826745944,0.0,0.933113221168653,0.6571976616400622,low,0
S0007,2025-02-26,9,mid,5,44.22505700107012,0,2,1,1,1,5.245455802027072,0.0,9.955901592612994,0.4200722952521643,0.6079577026836093,0.10476253645144007,-0.09154435238626157,0.0,0.2387658940039733,0.835564798571235,low,0
S0007,2025-02-27,9,mid,6,50.080509984345426,0,2,4,0,0,6.307666446124758,0.0,9.295703945683549,0.1339748667497812,0.6715118072810374,0.004359579956580428,0.8493022108103616,0.0,0.1125041332380915,0.09488423014757463,low,0
S0007,2025-02-28,9,mid,4,30.12640083274257,0,0,1,0,1,0.8358939964757441,0.0,12.016521876756457,0.007272807694009287,0.060912226871527086,0.42883901529739066,-0.20134770721697937,0.0,0.1847139095698832,0.3954800280316568,low,0
S0007,2025-03-01,9,mid,6,42.03811800382737,0,0,4,0,0,6.570370164620752,0.0,4.6669571128893965,0.07509364580531397,0.9433572987098816,0.3650836732844007,0.825168435849646,0.0,0.7805218027570218,0.7554372725155811,low,0
S0007,2025-03-02,9,mid,7,58.53453647621203,0,2,2,1,1,4.502909260974447,0.0,10.692826232220066,0.9746784108071161,0.6038739118261901,0.7349829716298955,-0.7790327440638702,0.0,0.8621040734514801,0.8391923428715384,low,0
S0007,2025-03-03,9,mid,6,66.76093210235965,0,1,1,0,1,4.887970656332658,0.0,10.759025460033376,0.22742172872352928,0.17132454445437495,0.6676017135832351,0.21889059465455762,0.0,0.6435521229874175,0.08800602751145226,low,0
S0007,2025-03-04,9,mid,5,53.638716595520066,0,0,4,1,0,6.532776953144799,0.0,8.75831517317543,0.7815231295330671,0.9308076723447618,0.24575031218588783,0.15391830024195818,0.0,0.27454458474044463,0.8240944904843742,low,0
S0007,2025-03-05,10,mid,6,44.07125498606947,0,0,4,1,1,2.1366821680054686,0.0,10.931630739792812,0.3408830154923571,0.7849556152865075,0.19203365236149617,0.2766835011621793,0.0,0.6545661912235982,0.9540939149023007,low,0
S0007,2025-03-06,10,mid,6,50.99146086888705,0,1,3,0,0,6.933852227724131,0.0,14.805115298887262,0.39397782891724353,0.26531310699584143,0.1682308432036831,0.38769077254453266,0.0,0.645398674312485,0.6873724657578066,low,0
S0007,2025-03-07,10,mid,4,37.56941900068987,0,2,4,1,0,6.117447673888971,0.0,9.530567871630524,0.8179847710772054,0.5876944695313122,0.25218198181926943,-0.5925652134446668,0.0,0.3403848376775491,0.4765679435800185,low,0
S0007,2025-03-08,10,mid,6,26.138712960489737,0,0,1,1,0,3.8120674388891693,0.0,10.247253774837935,0.04122781399906039,0.2507983351119627,0.6897016423646233,0.7042954956000234,0.0,0.5591858799798484,0.5321327395823524,low,0
S0007,2025-03-09,10,mid,4,41.716638811903124,0,0,1,1,1,3.6000693279189333,0.0,9.32859084684711,0.05227637227220572,0.25345712967301626,0.07424685933054576,-0.7924505827305186,0.0,0.8129284053939371,0.0388736970166893,low,0
S0007,2025-03-10,10,mid,4,53.7913832403954,0,2,2,0,0,7.782846707072487,0.0,10.103510695694974,0.36808563766621427,0.1250782268163254,0.04149930438571148,-0.436980758455249,0.0,0.24423370036407854,0.5603519740199618,low,0
S0007,2025-03-11,10,mid,6,40.83122782942011,0,1,5,1,1,1.325822725704275,0.0,4.848452542578774,0.41705320370292065,0.6637983920426683,0.48982806054672245,0.0348651196259262,0.0,0.4323559921467647,0.9916994610185625,low,0
S0007,2025-03-12,11,mid,5,49.62962360705782,0,0,1,0,1,5.251274477344642,0.0,10.788410459409008,0.29563833177963617,0.5810464912839151,0.9442295793642561,0.6236262138915571,0.0,0.7418327137286597,0.7369963117270224,low,0
S0007,2025-03-13,11,mid,6,40.79038382931539,0,0,4,0,0,4.0612036751290495,0.0,14.594927398447112,0.5171503622838772,0.36999888595997743,0.7407798671606725,0.5683743584641592,0.0,0.7632851902031591,0.7226117248344496,low,0
S0007,2025-03-14,11,mid,5,33.98516243023043,0,1,1,0,1,6.503974952241602,0.0,14.21543317675608,0.8540163336687865,0.8024598153373704,0.041374382467259885,-0.24222581933478948,0.0,0.034716152183894566,0.10207492476609792,low,0
S0007,2025-03-15,11,mid,6,47.64590624581416,0,0,4,1,0,7.372922074660648,0.0,4.32572832445028,0.792003126130196,0.3243136638755806,0.7161645381776112,-0.7291623003643439,0.0,0.29129374720550527,0.1447106361365199,low,0
S0007,2025-03-16,11,mid,5,51.36670153695832,0,2,3,1,0,7.040097186553236,0.0,16.06471563965201,0.4021311550288764,0.6438939417732101,0.5506132979851436,-0.49883684681161444,0.0,0.39772897562272236,0.4281135697472417,low,0
S0007,2025-03-17,11,mid,6,50.67045325485233,0,3,4,0,1,1.5126547952069278,0.0,10.47046904829458,0.7766068397963906,0.5522222801738466,0.6609738206496758,-0.35419786284419796,0.0,0.481273951827605,0.6173542509880671,low,0
S0007,2025-03-18,11,mid,4,40.93025633626629,0,2,3,1,0,3.5336404832852235,0.0,10.041087878699619,0.8341352384103843,0.7845056022962172,0.18535397572184953,0.26865871451475876,0.0,0.8183152116542717,0.6408541364156,low,0
S0007,2025-03-19,12,mid,7,31.981874065479623,0,0,1,0,1,6.617325530994575,0.0,9.417460788211406,0.6379304895796655,0.7691698695235875,0.36856246902771383,0.920023761638251,0.0,0.820461290158315,0.8539484630145436,low,0
S0007,2025-03-20,12,mid,5,37.250834662727335,0,0,5,1,1,6.185732365486232,0.0,13.951291820791353,0.6013596072783542,0.546049931882766,0.5903131723250685,0.8693039054144411,0.0,0.00856921081074069,0.04779970965774927,low,0
S0007,2025-03-21,12,mid,5,40.76201043057469,0,0,2,0,1,4.768917062069679,0.0,13.807698720760682,0.5545968855459897,0.8431779206528405,0.48098024604632805,-0.5879525528358314,0.0,0.8284445385543855,0.5377724912756434,low,0
S0007,2025-03-22,12,mid,6,32.91394436375194,0,1,4,1,1,6.5089513995414,0.0,9.87626888008284,0.07608472676550726,0.5011197008253482,0.6869524413854383,0.5838130768444738,0.0,0.5830186474441363,0.908917744121454,low,0
S0007,2025-03-23,12,mid,5,44.33438451455543,0,0,3,0,1,5.365988899290521,0.0,7.497185970796103,0.5321179724587827,0.26637764143002385,0.8994530845538352,0.8547328189231069,0.0,0.40261143834016266,0.8903025571135202,low,0
S0007,2025-03-24,12,mid,7,37.96083674584455,0,1,4,0,1,5.753769406597866,0.0,6.874559895986206,0.3386432714478632,0.12648025669130947,0.4144809792543599,-0.9703822777347497,0.0,0.8410449825125603,0.5134979613418572,low,0
S0007,2025-03-25,12,mid,5,39.56433159753417,0,1,5,0,1,4.688357888852367,0.0,9.803537385935156,0.6335352936161702,0.24853574392709288,0.3041552544854651,0.5416290433286424,0.0,0.3272211831614539,0.24219589201314218,low,0
S0007,2025-03-26,13,mid,6,39.03396645091645,0,0,5,0,0,7.043270427655216,0.0,14.309104102731261,0.8107206729451748,0.04475143392623815,0.2964407247793972,-0.4397317624492405,0.0,0.14601690559210823,0.28917825385644313,low,0
S0007,2025-03-27,13,mid,6,25.534747136411358,0,1,5,1,0,5.073935041098216,0.0,10.365275830928288,0.27786690014389415,0.996672608552792,0.8932666362670775,0.02676129256058779,0.0,0.8253212848418338,0.8158205232629668,low,0
S0007,2025-03-28,13,mid,7,61.06573858074689,0,1,2,0,0,8.566541620791675,0.0,16.81760932569907,0.5650737914801053,0.9487049182391808,0.9022456230962314,0.7514340731178788,0.0,0.8014168109086272,0.9434281072652854,low,0
S0007,2025-03-29,13,mid,5,40.360520305155916,0,2,5,1,1,4.922552733947533,0.0,14.769630670728802,0.8806684625501484,0.3972421314668352,0.2687007357542682,-0.3048003710826981,0.0,0.7127717935169045,0.555005672334486,low,0
S0007,2025-03-30,13,mid,6,53.26647446537073,0,2,5,0,1,5.612269106205511,0.0,9.306821389477305,0.6162242516069529,0.42872514175148146,0.18233518357821954,0.8846018758024135,0.0,0.7550682041316251,0.20802456273324887,low,0
S0007,2025-03-31,13,mid,7,39.4471950309467,0,2,5,1,0,7.804243496842333,0.0,7.520018218662371,0.17418418806801672,0.5902311974063588,0.6952741329444169,-0.3122928489148413,0.0,0.6938806887083223,0.8842073518293186,low,0
S0008,2025-01-01,1,mid,3,54.01206780492308,0,1,2,1,0,3.8860029422741955,0.0,12.634145879389344,0.7053626908966819,0.513215741779552,0.5858976033527569,-0.6407825223453942,0.0,0.7350231981781705,0.1886205190426311,low,0
S0008,2025-01-02,1,mid,3,35.06879176179619,0,1,4,0,1,7.777329040204965,0.0,10.427133737531399,0.7913527236523344,0.5813665572045749,0.7807854833654764,-0.616453083412658,0.0,0.05006452709329434,0.8736338226347001,low,0
S0008,2025-01-03,1,mid,2,43.159131329840804,0,1,2,0,1,3.990610620508907,0.0,10.3832036588329,0.8791102238929648,0.8127568532971595,0.6648000438670849,-0.3217383690305946,0.0,0.07050495556825731,0.5800384879009225,low,0
S0008,2025-01-04,1,mid,2,47.69850035508713,0,1,3,1,0,5.155167442269141,0.0,6.7441961806433515,0.39573686336671865,0.1803559682816519,0.8415157240621232,-0.9779431030017276,0.0,0.31212827687810596,0.012595038169426753,low,0
S0008,2025-01-05,1,mid,2,39.32738285342418,0,0,4,0,1,7.3240154085424205,0.0,12.347118310876489,0.11039423424993378,0.4678024120373392,0.07087170065487358,0.1963648910840048,0.0,0.26440429792964537,0.5276244568387078,low,0
S0008,2025-01-06,1,mid,3,45.33216563013148,0,1,1,0,1,6.953088950307617,0.0,16.169353991967967,0.059512442563974366,0.2733288766658907,0.9246626882915957,-0.2915079936215115,0.0,0.661653200467251,0.9994963504187216,low,0
S0008,2025-01-07,1,mid,3,29.093387976791462,0,1,2,0,1,5.071554243993856,0.0,9.48544266571308,0.5626325958673883,0.13471573086972577,0.1509159827135298,0.5853549755892535,0.0,0.8875624584126831,0.28301696588376957,low,0
S0008,2025-01-08,2,mid,1,36.54996149752279,0,0,2,0,0,5.736370072824016,0.0,12.513611253003369,0.34171187934168834,0.6836995457246208,0.01968321538141371,0.4712853200227305,0.0,0.4870160405162395,0.8131821472844613,low,0
S0008,2025-01-09,2,mid,3,53.93592040631461,0,0,5,1,1,4.549013153330728,0.0,10.886535074771016,0.918193158461703,0.8151802319698891,0.9788560151782346,0.7605035465633743,0.0,0.27993732969190666,0.10595591134404769,low,0
S0008,2025-01-10,2,mid,2,38.72579265573627,0,3,1,1,0,5.273814850814287,0.0,1.5186956778099994,0.6376640461485906,0.29606384071258585,0.71042471638678,-0.6613362851861169,0.0,0.8319900531103473,0.5718483288904456,low,0
S0008,2025-01-11,2,mid,1,48.94205840961252,0,0,5,1,0,5.070996414811884,0.0,11.125500772972183,0.9500691552734062,0.17944523758085307,0.025420685179524893,-0.9211809294192201,0.0,0.5875124794267791,0.06164188343682353,low,0
S0008,2025-01-12,2,mid,3,39.49634472268496,0,0,4,1,0,5.476930280647589,0.0,15.354647197097055,0.3954890761835702,0.32233845808094364,0.6103938666440536,0.8782173966204811,0.0,0.6717448404774834,0.0747459036363155,low,0
S0008,2025-01-13,2,mid,3,44.01663657807501,0,0,5,0,0,4.105807097421611,0.0,8.305923652726236,0.22569467439043023,0.02093202949207351,0.6041156249809495,0.3414061482917876,0.0,0.6025258901252534,0.07132298941281434,low,0
S0008,2025-01-14,2,mid,3,38.08985812703712,0,0,4,0,0,6.219760094380838,0.0,9.880220609879908,0.11567522364811655,0.946264493003082,0.7333615147320935,0.27499760586832633,0.0,0.6452777553235629,0.8267276483962821,low,0
S0008,2025-01-15,3,mid,3,35.19211991586441,0,2,1,0,1,0.4737064184897122,0.0,11.91187436504197,0.34027498223403085,0.6208326327741929,0.8909953746442648,-0.007648147797769456,0.0,0.8247231640769201,0.4021563818439675,low,0
S0008,2025-01-16,3,mid,2,39.748414693017395,0,0,2,0,0,3.6771447233643353,0.0,8.568328353899913,0.9529103135635096,0.4054039608509241,0.337219909910226,-0.9715956876584706,0.0,0.1534175794108874,0.4211358562424995,low,0
S0008,2025-01-17,3,mid,3,37.3332820080837,0,1,5,1,1,5.757004297835041,0.0,8.231828215448672,0.39688797822491895,0.26292424763214706,0.37549862202072015,-0.004486872786207297,0.0,0.34311551641700944,0.24190577259175783,low,0
S0008,2025-01-18,3,mid,2,44.456635202512956,0,1,2,0,0,7.1297523884546194,0.0,8.619057275001857,0.022604439359226625,0.24384272996610534,0.15257422430237877,0.7183780774431388,0.0,0.4675438496937657,0.4042200438932162,low,0
S0008,2025-01-19,3,mid,3,44.51414197218816,0,2,2,0,1,4.500393691329362,0.0,5.989644396748961,0.07150302433163536,0.3896574222881154,0.7416030197372087,-0.22711329813836523,0.0,0.3302941754681341,0.5953557225103119,low,0
S0008,2025-01-20,3,mid,1,41.36437955447432,0,1,3,0,0,6.717030859551201,0.0,8.078304722214803,0.9182581679413063,0.6030038404299115,0.8030562178911789,0.5833901984034933,0.0,0.19315775112097988,0.6679244735960846,low,0
S0008,2025-01-21,3,mid,3,35.90754541557941,0,0,3,0,0,2.3740629401054543,0.0,11.181925677593206,0.28733033322764945,0.16189561005235842,0.24929535000461134,-0.5502264395489365,0.0,0.5194487863912376,0.5626887557907294,low,0
S0008,2025-01-22,4,mid,4,49.91993486836496,0,1,3,0,0,3.120405777613737,0.0,10.740033689598272,0.056274988111240765,0.4119939894921726,0.5789165325927175,-0.21460177328211727,0.0,0.577735770160842,0.515084376171785,low,0
S0008,2025-01-23,4,mid,4,58.40543978648547,0,1,2,0,1,5.026360521773379,0.0,7.693845218444904,0.3289197782107244,0.5083116942766945,0.023975447376531678,-0.37394929059683735,0.0,0.819868147527005,0.5539417338546375,low,0
S0008,2025-01-24,4,mid,1,40.932247837061105,0,0,3,0,1,3.885611114122555,0.0,9.036208992219773,0.6598208426933947,0.31907497232072624,0.7671793284036615,-0.5861676253077661,0.0,0.9002348574321095,0.5229815151058326,low,0
S0008,2025-01-25,4,mid,2,35.7501356134203,0,0,5,1,1,6.247003281841045,0.0,10.781124005528383,0.5021620107636534,0.9658387750583302,0.9416348520733687,0.7301250599687208,0.0,0.49997726496241857,0.14090394368798353,low,0
S0008,2025-01-26,4,mid,3,33.09691210533735,0,1,2,0,1,3.5974208584169,0.0,7.37255552606112,0.16970523915524494,0.7184601783231668,0.7700890312540819,-0.07534300508143477,0.0,0.7140870226850174,0.7359353919374455,low,0
S0008,2025-01-27,4,mid,2,50.430322792896526,0,0,4,1,1,6.446717694545894,0.0,8.529796005012628,0.31357513206403076,0.8387045245338596,0.4285646126017921,0.4531715316529066,0.0,0.5100602285441437,0.6219626241309765,low,0
S0008,2025-01-28,4,mid,4,39.598996409901325,0,1,1,0,1,2.504849098956584,0.0,13.954609153257566,0.6703196339815428,0.6424265730085773,0.9310192758797043,0.6828328720507,0.0,0.6474469237512481,0.3415071106840436,low,0
S0008,2025-01-29,5,mid,3,59.27623037307576,0,1,1,0,1,6.085462329088765,0.0,10.519046688542915,0.001931914291505188,0.7257710469577774,0.6570651825329454,0.4646083844389317,0.0,0.35540540676233556,0.8204964446578551,low,0
S0008,2025-01-30,5,mid,2,27.66186407753336,0,1,5,0,1,4.655917281469055,0.0,14.314507603437105,0.5375231002030485,0.9951594102001212,0.399109299557426,0.23080150941847966,0.0,0.36524420161537186,0.39278564632870494,low,0
S0008,2025-01-31,5,mid,3,46.66493127115125,0,2,3,1,1,5.943203932015105,0.0,14.399478714956018,0.038118245188491606,0.4880970158728273,0.7120293570544514,0.7379027892016126,0.0,0.9340364906590105,0.32744056295406665,low,0
S0008,2025-02-01,5,mid,2,39.69615980945567,0,2,1,1,0,6.362079192089044,0.0,12.478329510081611,0.625211533857515,0.9863821716288922,0.5335897301104087,-0.7737884869965603,0.0,0.8282735648159884,0.251853362345709,low,0
S0008,2025-02-02,5,mid,3,61.33229516519941,0,1,4,0,1,6.374757116950441,0.0,11.259083173964967,0.47541623710401426,0.9944500885455845,0.9799861072871093,0.7643334489420663,0.0,0.5748694951580708,0.39800643750381504,low,0
S0008,2025-02-03,5,mid,3,35.38609824105694,0,2,5,0,1,6.641845758219419,0.0,7.265470093969384,0.8110153749320693,0.8589863910321168,0.9915942356641667,-0.41192057992000186,0.0,0.7102433419272591,0.11539985828082822,low,0
S0008,2025-02-04,5,mid,4,42.037508012357605,0,0,3,0,1,8.427851600853987,0.0,10.600785614609523,0.838500990443146,0.949586767564585,0.8693528479227959,-0.03337710260541216,0.0,0.3359703073805115,0.15449323620603816,low,0
S0008,2025-02-05,6,mid,1,32.456754409520045,0,2,1,0,1,4.580316523462263,0.0,9.776983168066957,0.28812512885469177,0.7684479004596177,0.20527194080380173,0.4243763873482289,0.0,0.5797798425694158,0.17185686975046488,low,0
S0008,2025-02-06,6,mid,2,27.7899568882902,0,1,2,1,0,5.4952087525587245,0.0,13.819876197601271,0.9643892566572602,0.21722409915108143,0.7141319936021527,-0.26011173589106407,0.0,0.2789661944201939,0.18038747596771287,low,0
S0008,2025-02-07,6,mid,1,47.684245549159414,0,0,2,0,1,6.563642421930912,0.0,11.980286381591137,0.9689228737187425,0.5732766887532035,0.22024387740286056,0.724419281506478,0.0,0.7427307294540901,0.4143083123341731,low,0
S0008,2025-02-08,6,mid,0,37.586966310627474,0,1,3,1,0,3.0002094155037997,0.0,16.58080784683021,0.9384682123658125,0.12251914253709384,0.21202785050222894,-0.9409160627770135,0.0,0.43393524963137375,0.2778328995646543,low,0
S0008,2025-02-09,6,mid,3,54.86083891477711,0,1,3,1,1,7.70857504669,0.0,13.199395255969801,0.7764033220221032,0.3113392429294165,0.5677769564318782,0.9631580595291889,0.0,0.8981441706651572,0.9526654280983665,low,0
S0008,2025-02-10,6,mid,4,39.8770142692927,0,1,5,1,0,4.69809409650679,0.0,7.450686650228054,0.13479782841947707,0.9136695974427194,0.4702839362632367,0.13830196130914296,0.0,0.9281060894780875,0.5302632256383486,low,0
S0008,2025-02-11,6,mid,4,39.32839821252282,0,1,2,0,0,2.6890964123646808,0.0,12.175243133342523,0.5880862458546977,0.570689661576848,0.4842661981097255,0.09995797276772844,0.0,0.49179063262366807,0.5654563660741082,low,0
S0008,2025-02-12,7,mid,2,48.27072374877845,0,1,3,1,0,6.308047721125741,0.0,11.430816905626141,0.4700959584515161,0.3897753196222874,0.39270853214421697,0.23207705667991418,0.0,0.12423670555580901,0.5794941827902612,low,0
S0008,2025-02-13,7,mid,2,64.16318820427338,0,2,1,0,1,4.9558963974862795,0.0,11.984793889851845,0.9061090806470379,0.835023588371694,0.14741278363398336,0.41633984367114163,0.0,0.43546552507197844,0.2502463252629369,low,0
S0008,2025-02-14,7,mid,4,53.543769651072104,0,0,3,0,0,7.510210833166168,0.0,12.060127613045697,0.759486569188307,0.8860739670955251,0.7290337428294941,0.8556201232953926,0.0,0.33265659982089146,0.5032094167515431,low,0
S0008,2025-02-15,7,mid,2,42.59699194851752,0,0,2,0,1,5.278204339683317,0.0,11.987901392639646,0.012062517822400753,0.03429167831054236,0.7023384341018618,-0.441829727697433,0.0,0.5793797273479487,0.20227718109066894,low,0
S0008,2025-02-16,7,mid,3,27.369454236285748,0,4,5,0,1,3.187569335905578,0.0,10.425939741622017,0.9219556301327502,0.14077045777121333,0.22489680573040727,0.11626831625642997,0.0,0.7640930002129815,0.619351305936299,low,0
S0008,2025-02-17,7,mid,2,58.60168130828013,0,2,2,1,0,5.950632271789705,0.0,8.613688133246033,0.9147539013379598,0.536923261420117,0.7277640405129441,-0.757070458185745,0.0,0.6085346432772384,0.702791021377846,low,0
S0008,2025-02-18,7,mid,1,42.08253298723899,0,5,4,1,0,3.2789068549027425,0.0,8.038968838755826,0.44215411378658276,0.05684057071238846,0.9784944646717908,0.17686711283284962,0.0,0.5569520916641753,0.6557962798997199,low,0
S0008,2025-02-19,8,mid,2,44.967256209441764,0,2,3,1,0,2.327883940243042,0.0,13.211698925442601,0.3480301527082529,0.48680707698324344,0.9785783948593739,0.9308844414774209,0.0,0.4162609993600751,0.2654992172182822,low,0
S0008,2025-02-20,8,mid,1,35.84038246300022,0,1,5,0,0,4.821013185292264,0.0,5.569198198190097,0.34110271380245805,0.5415954627983429,0.6751894155116239,0.2666243488732212,0.0,0.46249021040559335,0.5560524242799609,low,0
S0008,2025-02-21,8,mid,1,51.92672034252731,0,4,2,0,1,5.649516479067083,0.0,11.741703061106843,0.07296833292568772,0.8211261044851798,0.4930351215402048,0.6935660543376585,0.0,0.6007397744503934,0.6818330320328587,low,0
S0008,2025-02-22,8,mid,2,67.09855665748464,0,0,4,0,1,6.0374038860272865,0.0,12.851643195980538,0.06519976670615046,0.3074325325478372,0.2879786079325004,0.8300648469421685,0.0,0.8677820443927635,0.37014791835041694,low,0
S0008,2025-02-23,8,mid,2,57.1323983826474,0,0,5,1,1,2.1171956252491535,0.0,8.675923625455445,0.23179027761657967,0.9013999412292332,0.8339166004610369,0.10706177071436662,0.0,0.6161108004157211,0.474325570550291,low,0
S0008,2025-02-24,8,mid,3,43.03074277424765,0,0,4,0,0,7.097020480071693,0.0,9.541037891399899,0.46183443456060835,0.021192246227852762,0.22749089086906238,-0.04875877138348206,0.0,0.42439629274853574,0.8603701372804806,low,0
S0008,2025-02-25,8,mid,4,49.21815710762582,0,1,2,0,1,0.3231435995138048,0.0,8.153941699715698,0.3759599096406637,0.6400487969300563,0.4947943549418734,0.6982644959770212,0.0,0.8747019843267121,0.17056037800651846,low,0
S0008,2025-02-26,9,mid,3,35.44361815305757,0,0,4,1,1,4.838976964994851,0.0,7.439677239795871,0.7436286786007467,0.9858068210084251,0.6671903446425609,-0.5103208983809588,0.0,0.7165536397789996,0.59792942681983,low,0
S0008,2025-02-27,9,mid,3,41.06897162560454,0,2,5,0,1,5.366025856622964,0.0,7.025418876686103,0.9063542110956462,0.7840617798284788,0.622515868412716,-0.36988700678480124,0.0,0.54188017327622,0.09124484130425536,low,0
S0008,2025-02-28,9,mid,4,54.256767577138696,0,1,5,0,1,6.895023817151134,0.0,12.02408493342586,0.1937389330248106,0.26175286903702366,0.5125909252672963,-0.3387983800599963,0.0,0.860511486587445,0.47376015373872027,low,0
S0008,2025-03-01,9,mid,3,58.342291941726906,0,1,1,0,0,2.2511002161211566,0.0,7.539314452082632,0.5060362702274808,0.33641054718326924,0.7261821349464612,0.019864990815297023,0.0,0.12976223349626437,0.7500613241443472,low,0
S0008,2025-03-02,9,mid,2,49.868223125111015,0,4,3,0,0,3.1494574307558825,0.0,6.753642148676423,0.5144796421310306,0.7134573604340441,0.9262081744006837,-0.8231248253289951,0.0,0.9543693622282359,0.9213229670968134,low,0
S0008,2025-03-03,9,mid,2,40.041156838270936,0,3,1,0,1,9.646533968909456,0.0,8.886829855598844,0.8301829666176939,0.36046302914925554,0.4304219080879669,-0.18096303944257208,0.0,0.37473102253575985,0.9255293216468949,low,0
S0008,2025-03-04,9,mid,2,35.628488421656776,0,0,3,0,1,5.391472095539999,0.0,12.920111607487513,0.3540196380320112,0.820909634070616,0.7825120082058294,0.08836430846260157,0.0,0.15436176989590034,0.25098648552318137,low,0
S0008,2025-03-05,10,mid,3,51.18959206980479,0,0,2,1,0,5.936303959368507,0.0,10.771713252029567,0.23568711433070944,0.9082585546770661,0.30948157919486696,0.9528264447681123,0.0,0.2812600203804746,0.9534358247578352,low,0
S0008,2025-03-06,10,mid,3,42.8604457081245,0,1,4,0,0,4.265236450701959,0.0,14.140347788726496,0.8005151245984834,0.25379764255599213,0.42247875056141004,0.5730978727300207,0.0,0.9738777670436397,0.05962552438726887,low,0
S0008,2025-03-07,10,mid,2,54.22702318524627,0,1,4,1,0,5.527511169645152,0.0,8.323601283812978,0.16641428431093985,0.786367385961698,0.2500567585101532,-0.1659025433581982,0.0,0.3504702023179279,0.8588139146748568,low,0
S0008,2025-03-08,10,mid,3,34.64038071393361,0,0,2,1,1,11.417537213416058,0.0,7.569454590821295,0.20125036455116962,0.28467439194681765,0.7651531608485469,-0.05930548257373247,0.0,0.31735408360025663,0.6226260273619194,low,0
S0008,2025-03-09,10,mid,4,51.827912861211274,0,0,3,0,0,7.322415343516057,0.0,8.690301845711002,0.3662530059984742,0.6015485063797061,0.606316947374532,-0.2699493919223539,0.0,0.9044739272812876,0.5032283453861176,low,0
S0008,2025-03-10,10,mid,3,44.929590914693,0,1,5,1,1,5.816600963809129,0.0,12.75001142703168,0.4344232593632048,0.34643284897091586,0.019248963848893963,0.6504298915036861,0.0,0.1427218539685381,0.3095419918620881,low,0
S0008,2025-03-11,10,mid,1,49.2054380256579,0,2,4,1,1,5.073239852716446,0.0,15.058279463016982,0.6477090747902298,0.5026398049755353,0.49181132232245595,-0.6564217810444664,0.0,0.27871371514114895,0.1588526919439558,low,0
S0008,2025-03-12,11,mid,2,37.88693320001123,0,1,1,0,0,3.633533914444624,0.0,12.225426224433306,0.28866630267546045,0.937987865459497,0.8256714459794781,0.39559406612504766,0.0,0.08223322151060053,0.4182640809025757,low,0
S0008,2025-03-13,11,mid,1,47.50631674341464,0,1,5,0,1,4.051936928173827,0.0,12.744770440353493,0.8386571544924571,0.10357656610301502,0.8377290986226563,-0.6944991366647668,0.0,0.08292715250972604,0.6417754044410112,low,0
S0008,2025-03-14,11,mid,3,44.384178127672094,0,0,3,0,1,0.9107419923974636,0.0,8.263047340180286,0.6937412986983286,0.7595618339139083,0.8529839690301366,0.9457132094206857,0.0,0.26665619213250447,0.7160934824899615,low,0
S0008,2025-03-15,11,mid,4,35.351066998136154,0,2,3,0,0,1.728642061999556,0.0,9.192593345226271,0.3703201754505222,0.020236232639950447,0.5239931674646672,0.010115600540817393,0.0,0.5252504648304882,0.9740312249720638,low,0
S0008,2025-03-16,11,mid,1,26.098935273462462,0,0,2,1,1,7.136487499157017,0.0,11.158861624697783,0.6826448822931314,0.20836078907485733,0.461770366396279,0.8206926926173106,0.0,0.3267410624773712,0.49873036509193147,low,0
S0008,2025-03-17,11,mid,2,53.43694416352654,0,1,1,0,1,2.0466855529638934,0.0,13.173403022625756,0.2464779095767362,0.009005664264475244,0.23547141701087715,-0.7245433969657178,0.0,0.6121662207231456,0.1665455885938013,low,0
S0008,2025-03-18,11,mid,5,52.81497239460632,0,0,3,1,0,3.5613391758104234,0.0,10.156836947336352,0.7665572943667532,0.7192114476337886,0.881712671465297,0.27912419606792116,0.0,0.06719757075237376,0.2531521254896174,low,0
S0008,2025-03-19,12,mid,2,49.245368323683316,0,2,5,1,0,8.33350625708734,0.0,10.921663132887069,0.70593661771162,0.5341898918086192,0.6789030208597069,0.7471192045452255,0.0,0.4322712877881686,0.41276307274879365,low,0
S0008,2025-03-20,12,mid,3,59.67783305371242,0,0,5,1,0,5.177666197801555,0.0,8.353543925859345,0.8534806665264896,0.39815494458477496,0.3023836061124269,0.5914133701896751,0.0,0.3357865835028362,0.0031742981845032103,low,0
S0008,2025-03-21,12,mid,3,49.98467322614065,0,2,1,1,0,4.624545952840232,0.0,12.521820138350149,0.953072768622137,0.8654294050826861,0.29650157102393904,-0.681433925301083,0.0,0.4353893961280134,0.4018987079559666,low,0
S0008,2025-03-22,12,mid,4,61.41428627722314,0,2,2,0,1,1.2728879194143858,0.0,12.364352300361361,0.008831843422734464,0.19038327106097186,0.9409461932706544,0.04229781101018082,0.0,0.9972272046291317,0.5248167503647412,low,0
S0008,2025-03-23,12,mid,0,54.07847752007328,0,0,2,1,1,2.2632740384217307,0.0,9.464900725915653,0.22487509180569587,0.27154476866843913,0.44925989193083915,0.30562673362848614,0.0,0.8561461502862873,0.2871318371871433,low,0
S0008,2025-03-24,12,mid,2,33.343264895482974,0,1,4,0,0,3.946750106038872,0.0,9.337299247236679,0.8956512304019185,0.8026758125262868,0.13952678055966927,0.5535365427001457,0.0,0.62584666605061,0.4091437879176223,low,0
S0008,2025-03-25,12,mid,3,40.814642666605124,0,2,2,1,1,2.1746397480518747,0.0,10.934454011008876,0.9488458384670612,0.3355409421865355,0.32522119137463423,0.8467693359814474,0.0,0.41734792030414136,0.9628623341857422,low,0
S0008,2025-03-26,13,mid,3,48.16125816359724,0,0,1,0,0,5.499218916419424,0.0,2.6778879556747484,0.9290763602568237,0.8742965602221743,0.13452549228918453,-0.6544206962350736,0.0,0.35764054958891134,0.2907438658906739,low,0
S0008,2025-03-27,13,mid,3,47.307117490749626,0,3,4,1,1,8.26025992974882,0.0,11.111020801986538,0.2198829897073491,0.3683103820867317,0.3640274692145663,0.9188791914823298,0.0,0.44394496032671893,0.7550939672981465,low,0
S0008,2025-03-28,13,mid,2,53.95796218235928,0,2,2,1,1,5.886581853214851,0.0,10.54631809617198,0.8269490250841108,0.8444263331200869,0.5691415704542683,-0.2352708041665783,0.0,0.9345580725432818,0.43211717561589447,low,0
S0008,2025-03-29,13,mid,0,61.60991904140623,0,1,2,0,0,8.693863631900241,0.0,10.32585525717726,0.4226869355081603,0.651489153529613,0.2590392101205147,-0.8604859753759797,0.0,0.4134732641219685,0.46177815578049,low,0
S0008,2025-03-30,13,mid,3,35.700658460973415,0,0,3,1,0,8.5165353623412,0.0,8.384395863083146,0.5674858777835963,0.9507127499973624,0.597795832722833,-0.9702620513089606,0.0,0.352877350504334,0.1430606822047077,low,0
S0008,2025-03-31,13,mid,1,39.5072966387973,0,1,4,1,1,5.428857860824895,0.0,9.484040513775467,0.8094732096154345,0.967859924081416,0.4778906609457496,0.45479458769190306,0.0,0.37071065703778405,0.18436823801969382,low,0
S0009,2025-01-01,1,mid,3,39.07336699344994,0,1,3,0,1,5.286200415286198,0.0,7.005120825036792,0.28721257112736154,0.9401760633010566,0.7620716534397257,0.9450289643194854,0.0,0.037556069740189546,0.2851331751807087,low,0
S0009,2025-01-02,1,mid,4,33.777450212070974,0,0,5,1,1,6.383437379816538,0.0,8.628477558570912,0.16554079482308726,0.731353971777378,0.524449394472252,0.9618131165802593,0.0,0.5528303560923995,0.025015151890854126,low,0
S0009,2025-01-03,1,mid,2,48.09039927673898,0,2,3,1,0,0.03730179502747255,0.0,9.443968268029353,0.6113173870530814,0.044477188803159984,0.7521228382486274,-0.8417414210506327,0.0,0.6564715175301649,0.018457225539944222,low,0
S0009,2025-01-04,1,mid,3,48.86334699115845,0,1,2,1,1,8.967408270957502,0.0,12.271530463306068,0.15407573247308348,0.6465350987807326,0.18265161874377223,0.5010479613934979,0.0,0.33908761326268,0.7098954333814536,low,0
S0009,2025-01-05,1,mid,3,39.44726911986828,0,1,3,1,0,3.3273173940028897,0.0,10.956566753817821,0.9483093804303666,0.22481289951018457,0.9996356254254438,-0.008532409395079155,0.0,0.7714299889929364,0.0021840945055572325,low,0
S0009,2025-01-06,1,mid,3,50.486998998606694,0,2,4,1,1,5.006120233477145,0.0,11.753868857460223,0.9169787490185026,0.7067652818616311,0.7224334230224131,-0.8299127573878577,0.0,0.21999112689693068,0.008814833294472635,low,0
S0009,2025-01-07,1,mid,3,57.884336225033884,0,1,5,1,0,2.911520505764233,0.0,11.77006989279859,0.6714580313003613,0.25243119410203996,0.018558336523525565,0.39841735507475406,0.0,0.6447936024607496,0.41080926237434146,low,0
S0009,2025-01-08,2,mid,4,45.380438101897994,0,2,3,1,1,5.960127235808208,0.0,14.14958354598803,0.6443657004925674,0.757509822818506,0.11797899943702572,0.6664189138205248,0.0,0.705619804180144,0.5773417251963703,low,0
S0009,2025-01-09,2,mid,4,51.461296760241716,0,0,4,1,1,4.4800732659613125,0.0,6.9037876086339285,0.10675633049441313,0.8166205040921365,0.6551721431779193,0.014407873535636773,0.0,0.3430154765005966,0.1842494744944334,low,0
S0009,2025-01-10,2,mid,4,50.41664024515938,0,1,5,0,1,4.799701219101344,0.0,8.589360464404812,0.799073419486196,0.52269726463837,0.550038740998604,-0.805670636068069,0.0,0.13233055612009137,0.6769996053657859,low,0
S0009,2025-01-11,2,mid,3,63.513401194910784,0,1,5,1,0,8.532914493075124,0.0,11.442043792661185,0.13443108283573402,0.8140669059512669,0.6061095998529731,0.8990748742273036,0.0,0.3395289191306933,0.10814594233719865,low,0
S0009,2025-01-12,2,mid,3,45.13615614380827,0,1,5,1,1,4.806459295723119,0.0,13.61297878932115,0.7269538687331,0.9993299214930856,0.9902656397289281,0.4886736856434002,0.0,0.7395864896782488,0.24761888719890568,low,0
S0009,2025-01-13,2,mid,3,56.63654023036604,0,1,2,0,0,7.909652348293301,0.0,5.090790942380545,0.5136526718213296,0.694541974037274,0.05548394206791063,-0.43091877945588775,0.0,0.8192305768401023,0.07989368779136086,low,0
S0009,2025-01-14,2,mid,3,55.48116759269155,0,1,1,1,1,6.193295809469029,0.0,13.20068385594177,0.538194371684403,0.7921691362279645,0.4947572395858043,-0.400052183690935,0.0,0.16037423516667204,0.6475855888018073,low,0
S0009,2025-01-15,3,mid,3,32.22950365403953,0,1,2,0,1,3.590029704723869,0.0,10.171275954327221,0.08148997730927654,0.6430129801847662,0.46512359914777957,0.9419543831782939,0.0,0.6785314107300647,0.010073661993231453,low,0
S0009,2025-01-16,3,mid,1,39.283296727233,0,0,2,0,1,3.4877187196959225,0.0,7.490857527967949,0.032018053319450956,0.29671745157904095,0.5846220089133536,-0.15831322322666352,0.0,0.9692554637196809,0.056080169263670876,low,0
S0009,2025-01-17,3,mid,5,47.71600367622495,0,1,5,1,0,2.7753450606588386,0.0,6.496727752300236,0.33949391505994275,0.6801585467588787,0.058133791026828585,0.8582327053826513,0.0,0.22252104417744645,0.9996732052420922,low,0
S0009,2025-01-18,3,mid,4,38.839287846636765,0,0,4,0,0,4.369142396050661,0.0,6.539920586687659,0.8310363132726856,0.661000298820853,0.3947875091707139,0.48834199436563797,0.0,0.8970473882101909,0.926158330525868,low,0
S0009,2025-01-19,3,mid,2,40.81406392027732,0,1,4,1,1,6.125708960914261,0.0,9.586776818836219,0.246617422690674,0.6683607021173941,0.7401493936975908,-0.10374260106968092,0.0,0.937525986759583,0.7366567352187905,low,0
S0009,2025-01-20,3,mid,6,31.00657834151229,0,2,5,1,1,6.197083520430217,0.0,10.83962361353428,0.13072651656727463,0.5713639696691571,0.25372919945711747,0.6027444997509184,0.0,0.07023730586948107,0.6889557901711698,low,0
S0009,2025-01-21,3,mid,4,33.04869548685011,0,3,3,0,0,5.5280580027919894,0.0,6.856570544865309,0.31478562371695795,0.05234876680960243,0.9486561577065649,0.2829807381285756,0.0,0.876918931870847,0.6760560050132531,low,0
S0009,2025-01-22,4,mid,4,22.747040972232245,0,2,2,0,0,2.2162513029621564,0.0,10.297286725549323,0.8920301154097809,0.03106165642303349,0.8953962676434433,-0.8989595466553306,0.0,0.6658493646001281,0.07167937967533466,low,0
S0009,2025-01-23,4,mid,3,57.163576184010864,0,0,3,1,0,3.3886200139957774,0.0,9.521674887945991,0.0941696982472372,0.26732954836267686,0.6304582972424243,0.05982121712189836,0.0,0.0689873082586806,0.9684312758924698,low,0
S0009,2025-01-24,4,mid,3,50.15894491619539,0,0,1,1,0,2.185902938002109,0.0,4.881810758205696,0.16683823442083467,0.023085480551770177,0.13338123663774282,0.3092429915941102,0.0,0.8022888163636875,0.9882034927269742,low,0
S0009,2025-01-25,4,mid,5,28.162943746340165,0,1,1,0,0,5.236031928215812,0.0,3.701285072259073,0.5323477279546288,0.26766675976944265,0.9115968865602742,-0.2634744202561736,0.0,0.0455501559653525,0.30022711154138637,low,0
S0009,2025-01-26,4,mid,1,53.22432311772618,0,0,5,0,0,7.9562424521989685,0.0,5.552809639012693,0.7184414747355413,0.39202953480359126,0.9049295169818152,0.12000797845783673,0.0,0.450390076405931,0.6466727531599051,low,0
S0009,2025-01-27,4,mid,3,42.27573099069129,0,1,4,1,1,4.733550494903452,0.0,8.765550864271113,0.9693172032693367,0.3186751537328657,0.40988413087527065,0.2681541224171311,0.0,0.02411183932639782,0.897763577519188,low,0
S0009,2025-01-28,4,mid,1,61.19054030929845,0,2,4,0,1,5.104914773778888,0.0,12.33948592226515,0.7538034837685449,0.43930327232799693,0.746082156572893,-0.5903969501216662,0.0,0.3710647348035314,0.6342279988136148,low,0
S0009,2025-01-29,5,mid,3,56.42207392885558,0,2,3,0,1,6.311736358292496,0.0,15.569181094974658,0.16222957109649694,0.3099299092291664,0.8999832768786541,0.37634887344452683,0.0,0.9859743176855195,0.7670125299807694,low,0
S0009,2025-01-30,5,mid,3,65.25091083491952,0,0,1,0,1,1.8150340554435895,0.0,13.958265363444617,0.41566100150044916,0.832040739218776,0.3098397715276783,0.8860976212752403,0.0,0.17963382637214076,0.6627224233681778,low,0
S0009,2025-01-31,5,mid,2,53.10863732760524,0,0,4,0,1,0.6111922252476454,0.0,9.934799521214819,0.580332190257909,0.2254573867376587,0.06489921723172476,0.2518660736974139,0.0,0.41684923949340247,0.6224855387062297,low,0
S0009,2025-02-01,5,mid,3,33.79308417616252,0,1,5,0,0,5.077618000909603,0.0,10.390717251548617,0.0307865688607466,0.7238027766305233,0.9054686921374157,0.5911604995886532,0.0,0.5838332726254226,0.6713035130935163,low,0
S0009,2025-02-02,5,mid,2,54.48948222807097,0,2,4,0,1,4.2343650380265,0.0,8.181748503341025,0.8352455477380024,0.3270915060016386,0.4880601562696629,0.8822806702916806,0.0,0.2271490888369463,0.3896260173580104,low,0
S0009,2025-02-03,5,mid,5,50.92113900284919,0,3,4,1,1,5.870423056579205,0.0,7.775505250261825,0.6611305868257168,0.04397164162145484,0.8365937791309511,-0.5025134674176355,0.0,0.4322270754910422,0.6679337354557424,low,0
S0009,2025-02-04,5,mid,2,24.982598325237383,0,0,2,0,1,2.842997320843775,0.0,12.77880629236776,0.29671130852868477,0.8419750254062712,0.010363722347177085,0.27294141710019404,0.0,0.39388463494161696,0.298380513561469,high,1
S0009,2025-02-05,6,mid,4,49.677186169762415,0,1,5,0,1,4.790200724419755,0.0,13.1566057230233,0.2794424222358942,0.23096634821603157,0.8742518766843361,-0.6579782911635432,0.0,0.42586856088314373,0.187173114926947,low,0
S0009,2025-02-06,6,mid,3,60.41972347838634,0,0,1,0,0,5.094334146526758,0.0,10.858124777541063,0.001087019804932532,0.9006565507683997,0.5702379645770481,-0.2680071834201283,0.0,0.8291951410159383,0.39983245935020506,low,0
S0009,2025-02-07,6,mid,1,50.6902600552743,0,0,4,0,1,2.884970659413137,0.0,11.870026902024485,0.9326819023605022,0.2644928733474785,0.14989429532815812,-0.8200654422780782,0.0,0.5633837406661656,0.1137624624806518,low,0
S0009,2025-02-08,6,mid,3,37.343888429698126,0,0,4,0,0,3.413665882247304,0.0,12.618278368702292,0.24531049798597993,0.9657915301069676,0.008236241591960125,0.7594410661204316,0.0,0.19972851912240497,0.9472843230897678,low,0
S0009,2025-02-09,6,mid,3,25.49587798342593,0,2,5,0,1,2.824502649292664,0.0,9.628322910294397,0.6643442914647144,0.21405245622743418,0.43285110679567096,-0.6046581262514621,0.0,0.5484835857491245,0.1160534593845689,low,0
S0009,2025-02-10,6,mid,3,46.76762103250264,0,0,5,1,1,5.9880800384248,0.0,14.058826143312096,0.454960317393011,0.35617853432842106,0.9470875469755554,0.2058176228493711,0.0,0.5790725276859945,0.23190112176891486,low,0
S0009,2025-02-11,6,mid,3,26.449213365132604,0,0,3,0,1,6.0005410436,0.0,10.668959616507172,0.33982702467344894,0.5028940779404192,0.46311803395045037,-0.6847773018742638,0.0,0.5903120104907617,0.743001918520948,low,0
S0009,2025-02-12,7,mid,5,45.82987193654243,0,2,4,1,0,5.513566514649446,0.0,9.314582368571378,0.3927609189247192,0.004373982283009337,0.273871819705371,0.1952579863911199,0.0,0.799265965959968,0.13338861709325955,low,0
S0009,2025-02-13,7,mid,4,59.929526227538275,0,1,3,1,0,6.634934253396745,0.0,7.2596242611033315,0.4196722921572683,0.9813771043261948,0.349485182308101,0.8434548410621319,0.0,0.9329625485670795,0.24185294706474614,low,0
S0009,2025-02-14,7,mid,3,58.69094582762851,0,2,5,1,1,4.387790146723115,0.0,12.903491180516612,0.3134133648536701,0.38058719489776704,0.018548195724407468,0.44940855029711635,0.0,0.3497724568950783,0.3133238035767917,low,0
S0009,2025-02-15,7,mid,2,65.21153917896245,0,1,5,1,1,7.3344354666087455,0.0,14.765341528720334,0.7878647195855439,0.25388401096106816,0.763631915547134,0.37596804304733955,0.0,0.3228144977138433,0.545488148056962,low,0
S0009,2025-02-16,7,mid,3,33.44292425083085,0,2,5,1,0,6.991691850420597,0.0,9.913477207962654,0.8453372225064139,0.296945095953572,0.7914883823447575,-0.8010181326752548,0.0,0.8227639354673701,0.6754556180232505,low,0
S0009,2025-02-17,7,mid,4,39.12802054126113,0,1,4,0,0,2.9287918879092114,0.0,12.643176676172299,0.9419049728383291,0.530088496914424,0.8313240712852497,-0.269908613047773,0.0,0.10021134905052453,0.6737116477208488,low,0
S0009,2025-02-18,7,mid,3,42.60444141062901,0,0,4,0,0,6.685464338421852,0.0,10.881071010551244,0.4262314582647643,0.33227907039199667,0.9007258101239835,-0.8022539422473944,0.0,0.1171072315052778,0.29934677648467733,low,0
S0009,2025-02-19,8,mid,4,49.013814461513185,0,2,3,0,0,3.9081279992934674,0.0,12.29698727546878,0.27754665929802425,0.5223833054267352,0.4307611583617351,0.29623168856939075,0.0,0.36429075467357896,0.23055064907036682,low,0
S0009,2025-02-20,8,mid,6,32.462864124198624,0,0,4,1,0,1.9673354238810994,0.0,7.78307100440643,0.9314103277930599,0.6833362812802138,0.2624603114006834,0.29006266910390033,0.0,0.8485724095820462,0.40163020833276863,low,0
S0009,2025-02-21,8,mid,3,47.94274451204463,0,2,5,0,0,5.747750780486879,0.0,14.23570730112958,0.11516391190452557,0.4178115829015002,0.26305151401193727,-0.8579978409892195,0.0,0.542204388719315,0.8891856998408761,low,0
S0009,2025-02-22,8,mid,2,53.054578635708914,0,3,1,1,0,5.466604213128755,0.0,14.36381661720659,0.5470281464244477,0.053340163005183516,0.3985996627184558,-0.458532535156535,0.0,0.9993351228311154,0.30835507063231027,low,0
S0009,2025-02-23,8,mid,4,52.43715820399812,0,0,2,1,1,4.086130321730514,0.0,7.098156669116129,0.33522318021357167,0.04204479607594469,0.5982377598518965,0.709640105984376,0.0,0.3815743878255178,0.740035944984177,low,0
S0009,2025-02-24,8,mid,2,59.552426408204646,0,0,5,0,1,8.064760765175244,0.0,11.261610117712207,0.11057918706865943,0.8383378205933852,0.5555089783954832,0.3799380242834498,0.0,0.9714018486086462,0.08368098824769732,low,0
S0009,2025-02-25,8,mid,5,41.76485053215543,0,2,2,0,1,1.2586288317638132,0.0,8.932348300420298,0.6128005721361308,0.043002165444571916,0.12176637759956543,0.7303816222127903,0.0,0.5663116215191045,0.7120545336912272,low,0
S0009,2025-02-26,9,mid,3,57.16844356740022,0,2,5,1,1,2.749797478983225,0.0,6.2421218910491385,0.3373928312487664,0.12283997885710418,0.08464260721225136,-0.9070079206173913,0.0,0.11095626103433676,0.343707092135618,low,0
S0009,2025-02-27,9,mid,2,48.774517087590766,0,3,3,0,1,3.968038021301841,0.0,11.250619187770122,0.6471595611269574,0.9174258528045012,0.6798367597577203,0.6220433785844537,0.0,0.1089716293039158,0.25073182600205446,low,0
S0009,2025-02-28,9,mid,4,50.73767109901901,0,2,5,1,0,4.3930244810031285,0.0,15.983034849159548,0.8997596153682574,0.33615966498509886,0.2943217442312359,0.7455926501588857,0.0,0.7969876547589855,0.5149798106483447,low,0
S0009,2025-03-01,9,mid,3,40.82453933745413,0,1,1,0,0,4.038446876990793,0.0,13.599940653843834,0.7886864292314241,0.35144167347068345,0.1671000877656339,-0.9332135902682852,0.0,0.38571671276102004,0.9035593036972819,low,0
S0009,2025-03-02,9,mid,3,38.469694245419454,0,1,2,1,0,6.757303350760376,0.0,8.293160463158712,0.07003462363178126,0.7911826673889345,0.6018513226178042,0.14598728822718576,0.0,0.4583770391386607,0.2770455962834224,low,0
S0009,2025-03-03,9,mid,1,28.101639754408946,0,1,3,1,0,7.078626457551554,0.0,12.260908508532228,0.8359844490934748,0.12271044393018116,0.8224510909700663,0.009284875318112729,0.0,0.8855238387531971,0.8865866010603435,low,0
S0009,2025-03-04,9,mid,3,42.24354146491293,0,1,2,0,0,7.105094621469497,0.0,4.471189281256973,0.07396318727095597,0.17499682875058398,0.88969372532756,0.21737505576560157,0.0,0.9502840501704856,0.9987500343913169,low,0
S0009,2025-03-05,10,mid,2,35.757315974049284,0,4,2,1,0,5.472620125189846,0.0,10.307706534023529,0.07703199998411392,0.028483810549271515,0.8841472129857219,0.49629053820628233,0.0,0.9922485791555753,0.39679288146565317,low,0
S0009,2025-03-06,10,mid,2,41.89731308385299,0,0,3,1,1,3.887959955683728,0.0,8.600354661385026,0.2367980345961188,0.5025296267016556,0.27117778571120343,0.8952050032154444,0.0,0.46386522142884756,0.058796016544637064,low,0
S0009,2025-03-07,10,mid,3,56.97441376549668,0,1,5,1,1,4.725098886088046,0.0,10.738845438917496,0.33485695099898116,0.4642664202859397,0.9271748377359889,0.8027737136213142,0.0,0.08987828010063803,0.13192982575381085,low,0
S0009,2025-03-08,10,mid,3,44.88820884522118,0,0,2,0,1,3.608701748931166,0.0,10.457975140150383,0.25588288604477516,0.1968117494603071,0.015893393140003598,0.07380254104084383,0.0,0.5610528395238791,0.3839392230372589,low,0
S0009,2025-03-09,10,mid,4,32.14879141686968,0,0,5,0,0,3.5382501469729792,0.0,8.908692935880548,0.8646591138898917,0.4934442792827386,0.5721468777864003,0.13886536618970924,0.0,0.41049311454134174,0.19252991543813947,low,0
S0009,2025-03-10,10,mid,3,48.70309127725609,0,0,2,0,1,8.290770650207998,0.0,7.700638031614854,0.9041685495477267,0.8052480869634384,0.2744520502048119,0.7578664369046115,0.0,0.8333913141046041,0.9291362337217682,low,0
S0009,2025-03-11,10,mid,5,42.62412086271434,0,1,4,0,1,5.174212438611942,0.0,6.976647184246947,0.8579952227273586,0.7367502209132274,0.2156090630821904,-0.20140148794842827,0.0,0.5078942095312776,0.8102058495033355,low,0
S0009,2025-03-12,11,mid,5,45.92379149392068,0,0,5,0,0,3.4491864832922605,0.0,16.17881565990605,0.6621730123235727,0.7066836957051236,0.893029958085968,0.9117233607494761,0.0,0.5143209323909114,0.7984945335265625,low,0
S0009,2025-03-13,11,mid,3,34.10964224465602,0,0,5,0,0,6.990335330317212,0.0,12.81210224276104,0.6665384552976888,0.870810424775618,0.8701054583441044,0.15787311881400656,0.0,0.4298563691112123,0.6415702955650998,low,0
S0009,2025-03-14,11,mid,5,44.13782901992547,0,0,2,1,1,2.955872606785352,0.0,7.109682085594029,0.6672186105934589,0.8958542570085304,0.5779497408478429,0.05480457434011665,0.0,0.16038413384367134,0.7154569553598166,low,0
S0009,2025-03-15,11,mid,5,36.93487707658891,0,1,2,0,1,7.355041987649087,0.0,7.969050621129453,0.5704579152878609,0.09242291690507021,0.430185866778513,0.1732666259460327,0.0,0.9095173164450526,0.18848804993863866,low,0
S0009,2025-03-16,11,mid,3,47.60185019725786,0,0,2,1,1,5.995003137269446,0.0,12.111343510948284,0.8707263066521955,0.6340303926050336,0.8436522565284976,-0.4777463052770883,0.0,0.09770321110107494,0.6159320070866687,low,0
S0009,2025-03-17,11,mid,2,28.068398715266923,0,1,3,1,0,3.857098790691497,0.0,12.898513917842964,0.9735265518372518,0.28793774817141504,0.8893047238282185,0.7614971541483788,0.0,0.7576576166029725,0.5634704738128519,low,0
S0009,2025-03-18,11,mid,4,34.6267128623028,0,0,1,0,0,5.091258659975728,0.0,9.490540083468403,0.6296726518598873,0.9869137142182123,0.39804317410409573,-0.3361874302050065,0.0,0.6244249271843925,0.825608672507594,low,0
S0009,2025-03-19,12,mid,5,34.622951779655246,0,2,5,1,0,9.008930127879484,0.0,7.585073022249674,0.5997041365107446,0.35003890138595295,0.44406449142053117,-0.8713526055334286,0.0,0.7956990326714872,0.24080351215461904,low,0
S0009,2025-03-20,12,mid,2,17.008081531040247,0,2,3,1,0,3.408564672958777,0.0,15.239471894783865,0.7017310407557849,0.7563317864801591,0.7799622023887793,-0.044245388693884724,0.0,0.429882758124848,0.01102808426890034,low,0
S0009,2025-03-21,12,mid,4,52.01823040543344,0,0,2,1,1,1.9226578541348118,0.0,11.204299710833133,0.7343836413549505,0.6862499358575073,0.31811074240831694,-0.6463966670718713,0.0,0.10240034979600121,0.737315273813097,low,0
S0009,2025-03-22,12,mid,2,39.58303526243554,0,2,1,0,1,2.604084075318676,0.0,8.72028624150828,0.7922223472439286,0.41607023555328004,0.09343186684249927,-0.031314195455750315,0.0,0.09083818106141417,0.12893730541981718,low,0
S0009,2025-03-23,12,mid,4,40.95361479959054,0,2,5,1,1,4.092110212123939,0.0,12.750793702184179,0.08795300836872899,0.7049703338072059,0.3601316877738744,-0.9090707455901483,0.0,0.15782698129979855,0.1372148119640243,low,0
S0009,2025-03-24,12,mid,4,46.97038404292065,0,2,1,0,1,6.590581521941331,0.0,6.6195107800982615,0.873243945741321,0.3728703306808605,0.8415384676913369,-0.13783590703301907,0.0,0.401335943099426,0.028324357547027668,low,0
S0009,2025-03-25,12,mid,4,51.03390993179987,0,1,4,0,1,2.219046013118821,0.0,4.205849005171936,0.9678002467430077,0.7239226711930654,0.4117877392077567,-0.9618014403165702,0.0,0.03409569785327027,0.6848036956458562,low,0
S0009,2025-03-26,13,mid,4,53.20478619583097,0,1,2,1,1,7.212343503584661,0.0,6.063221220023894,0.08003256976593665,0.242329811453739,0.7736793464792507,0.05737170735763941,0.0,0.9279690617870447,0.4287514083413543,low,0
S0009,2025-03-27,13,mid,3,55.70912943374587,0,2,2,1,1,6.073614938449808,0.0,6.251305264227985,0.07268231558981486,0.8367107205834616,0.17454588350349654,-0.858370597228471,0.0,0.4002190955388112,0.5769221385996435,low,0
S0009,2025-03-28,13,mid,3,44.05730929235099,0,2,3,1,0,4.862277511587472,0.0,9.550870533927986,0.7862823072902253,0.7524420064480531,0.20884041642279205,-0.6064197328164012,0.0,0.6425799158045408,0.4580826896757305,low,0
S0009,2025-03-29,13,mid,5,52.07040422541269,0,2,2,0,0,5.577754318278526,0.0,11.526476729403775,0.5097424500426206,0.4035894707651476,0.4043746995708203,-0.5473914276975309,0.0,0.017325971755697056,0.5749105882071062,low,0
S0009,2025-03-30,13,mid,3,38.72953093667722,0,0,3,0,0,1.3112766755586271,0.0,7.648448246035849,0.977241565000449,0.8634431335103334,0.3230435846186024,-0.07243880527815438,0.0,0.41507812900779906,0.14909567867143392,low,0
S0009,2025-03-31,13,mid,3,50.058102656436596,0,1,2,1,0,4.759111256503018,0.0,10.132218469880174,0.5862386720298944,0.5537765625992482,0.34664043196319283,-0.5969717491517832,0.0,0.807555550999301,0.05386211445509648,low,0
S0010,2025-01-01,1,mid,4,56.790307525919474,0,1,3,0,1,5.701002993644209,0.0,13.151198607623318,0.18651101250405977,0.17720937982123952,0.8730356015261367,0.48546172752663863,0.0,0.6593990799053714,0.4068641075392998,low,0
S0010,2025-01-02,1,mid,2,54.6467423968642,0,2,5,1,0,5.354046257987566,0.0,11.10884438770005,0.8955831899911814,0.2364737173663065,0.34542020017679864,0.5058601320097231,0.0,0.4245612382065571,0.8373274338245179,low,0
S0010,2025-01-03,1,mid,2,51.99559361361074,0,1,2,0,1,4.139144602398568,0.0,16.0254190329451,0.6133904280636049,0.2725311690402068,0.2741738575114666,-0.7728909123130123,0.0,0.11405029770539876,0.34767174146891133,low,0
S0010,2025-01-04,1,mid,3,58.906435959499575,0,0,3,0,0,2.560356506478313,0.0,16.685534759314685,0.7745503274736916,0.20908484215873002,0.4531567443050265,-0.6875117714961665,0.0,0.9575272278108466,0.7787381569251641,low,0
S0010,2025-01-05,1,mid,3,56.009553806240085,0,2,3,1,0,5.447298410584419,0.0,3.923331415118426,0.7826550110555796,0.8385349076537366,0.5837322501601249,-0.19392902213062957,0.0,0.9465024214032101,0.24652129583936833,low,0
S0010,2025-01-06,1,mid,3,57.394011334213005,0,1,4,0,1,2.2670273587292673,0.0,5.816750304223284,0.8794173102643961,0.0392435760405464,0.987982644420261,0.32875082170312453,0.0,0.6811376990723905,0.037997837304742155,low,0
S0010,2025-01-07,1,mid,2,69.60752928708379,0,0,4,0,1,9.911792873989691,0.0,11.316196849586033,0.43738324249298977,0.8230955802956337,0.9238272063646527,0.2782894762462913,0.0,0.8207824491729039,0.059003333999100294,low,0
S0010,2025-01-08,2,mid,3,44.610090636139745,0,2,5,1,0,5.364341255424203,0.0,12.675632903710824,0.3518268970868115,0.2325946369638504,0.6168857832608161,0.018004367073476413,0.0,0.9915977755299852,0.9832159866537458,low,0
S0010,2025-01-09,2,mid,2,65.40133885996919,0,1,1,1,0,3.0600384851287887,0.0,8.514057985599628,0.4667153224039021,0.10028647247890565,0.3361084892211431,-0.24157618752873122,0.0,0.46561869483796214,0.46662075133884684,low,0
S0010,2025-01-10,2,mid,3,40.44561750327263,0,0,5,0,0,4.566345899555714,0.0,9.121726243682636,0.47309453809937474,0.9686138153459295,0.7718097762699956,0.7964583863256602,0.0,0.3337148484757929,0.9920384737785946,low,0
S0010,2025-01-11,2,mid,4,51.76994097375054,0,2,4,0,0,7.903411761553647,0.0,8.529104769218256,0.09976300403813354,0.7768313694482886,0.3714169119932321,-0.9212196742206267,0.0,0.3632461785621772,0.6106427509216448,low,0
S0010,2025-01-12,2,mid,1,57.19493022566629,0,1,1,0,1,4.464477727908816,0.0,2.6942032840262033,0.9898674840378934,0.2139228704997177,0.4178561865221314,-0.4163536248520654,0.0,0.7651115104398498,0.7640126256657207,low,0
S0010,2025-01-13,2,mid,2,42.68725734637424,0,0,3,1,1,6.71007013639514,0.0,10.821997786789538,0.20982658309056135,0.9818772963526058,0.7019535339703258,-0.007756611717110395,0.0,0.4309205643509977,0.9543646155515045,low,0
S0010,2025-01-14,2,mid,2,34.91394682290766,0,0,3,1,0,3.384080432880915,0.0,4.593152931984322,0.6694807463859314,0.017151680696614102,0.8201536586856478,0.759596114623839,0.0,0.857200334324534,0.37505438688553616,low,0
S0010,2025-01-15,3,mid,2,44.76919494262722,0,1,2,0,1,2.3590637379594566,0.0,11.157408325374096,0.7900741269632747,0.7837029887609752,0.1126071490393118,0.8241289057527783,0.0,0.19462964720322462,0.6129773415893603,low,0
S0010,2025-01-16,3,mid,2,48.52352110314054,0,0,2,0,0,5.851082588551562,0.0,7.2039195590643965,0.32357760403951186,0.3412020723921535,0.6619177301579263,-0.06600116093355957,0.0,0.8120332930259939,0.15591850966282705,low,0
S0010,2025-01-17,3,mid,3,34.08470890963841,0,1,2,1,0,0.027700643059527685,0.0,9.769153725101317,0.48324869404462456,0.7902157615519442,0.4772776325332353,0.566555362564739,0.0,0.43169744564093293,0.25200567121138284,low,0
S0010,2025-01-18,3,mid,2,42.70466937665178,0,1,1,0,0,6.547115412413627,0.0,8.5128821602753,0.050144023071810206,0.3966087993343448,0.3700035405750314,-0.4303992515008983,0.0,0.911754332001477,0.7509283935167222,low,0
S0010,2025-01-19,3,mid,3,41.98266946041364,0,2,2,0,1,5.7065562508925645,0.0,5.054908598516958,0.4517325848760416,0.015774389771445962,0.8239850584517123,0.7576019161718528,0.0,0.6818729434967669,0.5410678586568224,low,0
S0010,2025-01-20,3,mid,2,48.81171772553241,0,1,1,0,0,5.536262159528221,0.0,4.958862080524861,0.532873679161507,0.637626434946264,0.30385358086822245,0.08105850217787136,0.0,0.1897867774345764,0.18687221440345547,low,0
S0010,2025-01-21,3,mid,4,52.29201236855766,0,0,4,1,0,4.463257412082063,0.0,11.069888848304807,0.9720420941766236,0.14278485013956466,0.10112518818165828,-0.7755769215054542,0.0,0.5731279232725647,0.7809744007180524,low,0
S0010,2025-01-22,4,mid,3,44.527296207705696,0,1,5,1,0,1.6971114992716192,0.0,16.06110722145375,0.5564191311121495,0.5176104774128251,0.8587752852284649,0.3036002067621342,0.0,0.18875847793410394,0.06301677887537083,low,0
S0010,2025-01-23,4,mid,2,44.567204121118664,0,0,4,1,1,3.8735805319147594,0.0,7.894128105114635,0.8328490415914426,0.6144100093171658,0.9132456194883161,-0.5360630956844283,0.0,0.12113857384890148,0.006087530975590005,low,0
S0010,2025-01-24,4,mid,3,45.01803506356414,0,1,2,1,0,9.980447553559452,0.0,6.450892465263619,0.7912042535880711,0.5597584929292907,0.3582994135195824,-0.8283154447588355,0.0,0.7299156295125776,0.8711381501621551,low,0
S0010,2025-01-25,4,mid,3,56.60258474608265,0,1,2,1,0,5.311308394199464,0.0,6.694954360213957,0.6054003719533442,0.7055026606631373,0.680213370933668,-0.41533337743323506,0.0,0.33031100539684655,0.6815145354423379,low,0
S0010,2025-01-26,4,mid,1,38.89586854101866,0,1,2,0,1,4.758767350345055,0.0,9.913013737615906,0.4578352625580686,0.02533765294796686,0.5703494280087611,0.013566763164628126,0.0,0.8400084989239989,0.5817806109257212,low,0
S0010,2025-01-27,4,mid,3,24.72210669686705,0,1,4,1,0,6.111484356085785,0.0,16.162277324307926,0.7654985004052995,0.8400771596877241,0.8067147680447275,-0.9669211014202468,0.0,0.18680789819049848,0.654905302117831,low,0
S0010,2025-01-28,4,mid,3,44.702335116635986,0,2,3,1,1,2.1792538911029213,0.0,7.679187503205162,0.29699489113941646,0.3604118063512781,0.9888376327800935,0.5659155319345601,0.0,0.07140120108690695,0.8724131764867018,low,0
S0010,2025-01-29,5,mid,3,47.829465707424085,0,0,3,0,0,5.816087486392358,0.0,9.329964525487515,0.8284997121442692,0.9805579409092934,0.3242575870163631,-0.5284936399904332,0.0,0.33086689704572814,0.9546497959887352,low,0
S0010,2025-01-30,5,mid,3,26.130129262173938,0,1,5,0,1,3.0858378454667665,0.0,12.594018791780705,0.089249751636584,0.07868365694189783,0.4261515484507238,0.8916888181254301,0.0,0.2177290342470246,0.25674160134154933,low,0
S0010,2025-01-31,5,mid,3,36.53766337803492,0,3,1,0,0,6.937615628126734,0.0,5.746991795902899,0.5812363448544654,0.7850922039249904,0.29383695562196055,0.5118546899944745,0.0,0.38250173068573434,0.4111609658463491,low,0
S0010,2025-02-01,5,mid,4,51.629400690638796,0,2,1,0,1,4.882106932962092,0.0,10.14110309202551,0.12175199764767841,0.594473854912619,0.3448891741731833,-0.9301882818537814,0.0,0.5416415078330531,0.3878450996858469,low,0
S0010,2025-02-02,5,mid,3,47.65318870448219,0,1,5,1,1,6.256660091483593,0.0,11.07148520843215,0.6386990948831726,0.38765990055879906,0.4257616149303052,-0.8493571356651903,0.0,0.03145719524602608,0.6954756041890774,low,0
S0010,2025-02-03,5,mid,4,24.402184307899113,0,1,3,1,1,7.350315652588282,0.0,8.77337989478773,0.4511640036875959,0.6036445245059878,0.8955201203808261,0.7324672457178449,0.0,0.8904222037791651,0.27000499646501397,low,0
S0010,2025-02-04,5,mid,3,42.45100384511155,0,1,4,0,0,5.762432429219655,0.0,11.9356698475687,0.6428840149912529,0.5651226709830504,0.7229705244429748,-0.16069231465797906,0.0,0.0965765807056641,0.0399861287978408,low,0
S0010,2025-02-05,6,mid,5,39.779572342590065,0,0,3,1,1,8.55082915030938,0.0,10.923205806485264,0.2153305275287315,0.721909573992304,0.8106657734835124,-0.17620504327577757,0.0,0.7464192328441049,0.4040299503284599,low,0
S0010,2025-02-06,6,mid,4,52.51623961046357,0,1,5,1,1,6.288417677688256,0.0,7.04275577649391,0.9170455901544761,0.39460495166124054,0.17984444683554124,-0.4298010012340119,0.0,0.4550517048081386,0.2906503293653684,low,0
S0010,2025-02-07,6,mid,3,36.27096324673502,0,0,2,0,1,8.123550969043372,0.0,7.888110189361057,0.8760328715212651,0.4350909266995243,0.5353809553820612,0.8635659865525065,0.0,0.10749863710942908,0.8622992169741239,low,0
S0010,2025-02-08,6,mid,2,32.644424246318366,0,0,2,1,0,3.8052378779097142,0.0,10.33125414083836,0.3369268749640384,0.7531997019142294,0.2943481665153781,0.5266161543602597,0.0,0.7454670382070553,0.24582713263321632,low,0
S0010,2025-02-09,6,mid,3,53.51409936762654,0,1,1,1,1,2.8526143076050716,0.0,11.374953817376324,0.6827569247335199,0.42720302728183457,0.591528797355373,0.4681280700462158,0.0,0.5149473515144448,0.8139839745733086,low,0
S0010,2025-02-10,6,mid,3,59.77720295302075,0,0,4,1,1,6.976601088698985,0.0,7.252233729188779,0.10870897962815118,0.7520593684503682,0.04570482463858749,-0.5959643253552152,0.0,0.7919649919646029,0.7427766411078949,low,0
S0010,2025-02-11,6,mid,2,44.661263342420185,0,1,2,0,0,3.3030849554140183,0.0,10.153128785014738,0.837289859058485,0.6130139610519718,0.17244913357306846,-0.9585173143875985,0.0,0.03158101214642062,0.5073654720648297,low,0
S0010,2025-02-12,7,mid,2,48.56379992679823,0,0,2,1,1,3.6579703086750928,0.0,6.712482510988126,0.6284954300890621,0.17265653583239893,0.2586402366373216,-0.06387827440907112,0.0,0.23305009852461556,0.5886436697160616,low,0
S0010,2025-02-13,7,mid,3,47.38498925673054,0,2,2,0,0,7.082103955111608,0.0,18.632912558833873,0.09477089159201957,0.32158826422404896,0.01943515518230199,-0.7785886223869782,0.0,0.8118582229097778,0.8294134972483189,low,0
S0010,2025-02-14,7,mid,3,53.47130877356365,0,2,5,1,1,3.221016519023106,0.0,8.665929918541382,0.6205591954189986,0.41986959087030684,0.6132833468418987,0.5233498107883672,0.0,0.5457030160329485,0.6276303549017879,low,0
S0010,2025-02-15,7,mid,2,48.72519667091671,0,0,1,0,0,4.122300019043657,0.0,6.582815477150946,0.46783801312471496,0.41938983796838936,0.1782748083220408,0.8488601835685246,0.0,0.7623187616939758,0.48135583210785227,low,0
S0010,2025-02-16,7,mid,3,48.05085404706753,0,0,4,0,0,8.130820779652506,0.0,7.2893421743150935,0.6950393764974039,0.4301182736076906,0.6910736066045696,0.04219235916025088,0.0,0.9769314167973153,0.16246021383683307,low,0
S0010,2025-02-17,7,mid,2,70.19518819872356,0,0,1,0,0,1.9986452652828008,0.0,5.74539733826116,0.2442044731879488,0.4307053316984052,0.4733458809276183,0.488443345618615,0.0,0.7650685743770371,0.15855596829166207,low,0
S0010,2025-02-18,7,mid,3,47.06958901084286,0,0,3,1,0,6.398424877343973,0.0,5.177076068430409,0.29778707322929887,0.05549072107106068,0.0025275498319089484,-0.7976978841631428,0.0,0.7922507001640182,0.9614313123833371,low,0
S0010,2025-02-19,8,mid,3,17.77545859008061,0,0,1,1,1,3.279400315616771,0.0,8.663570817521443,0.7931708199940416,0.6004556872751452,0.10040114337560113,0.8935429628720419,0.0,0.07804952839989199,0.6253564016336411,low,0
S0010,2025-02-20,8,mid,4,24.314364789958297,0,0,2,0,0,7.966786792046858,0.0,1.9413661973622816,0.2398116705688813,0.8918679837510811,0.9711744051399582,0.5725937701721087,0.0,0.542773502159804,0.9567968245086307,low,0
S0010,2025-02-21,8,mid,2,32.92685334278285,0,1,3,0,0,5.154157222762987,0.0,13.167082746649449,0.33421529337075984,0.20788835410499706,0.8003248594064892,0.2490360307286943,0.0,0.4680654604262312,0.21748435386297804,low,0
S0010,2025-02-22,8,mid,3,43.97943609371152,0,1,4,1,0,5.472313444154165,0.0,15.20932841429888,0.8286061336487837,0.4255057328396886,0.06179381074002077,0.11364742176494169,0.0,0.17129055466767318,0.9655176323529227,low,0
S0010,2025-02-23,8,mid,5,58.09708824363341,0,2,4,1,1,5.619229607929278,0.0,11.155371921724859,0.9627405860568448,0.07188612285220364,0.26832606896433864,-0.839584584372548,0.0,0.7510791939024363,0.14083368915038363,low,0
S0010,2025-02-24,8,mid,3,35.91771299708896,0,1,4,0,1,7.06187513607265,0.0,9.380403890350182,0.3952256507224664,0.3333971277696335,0.33853507702272934,-0.6067984063702194,0.0,0.8606888505739895,0.14663081502758157,low,0
S0010,2025-02-25,8,mid,2,49.938546089339525,0,3,4,0,1,0.1137093895385366,0.0,9.988413163624415,0.613072309882715,0.055965557262007026,0.5064611187670799,0.7417811400533334,0.0,0.2134615161389688,0.4263898947694251,low,0
S0010,2025-02-26,9,mid,2,51.722776969106796,0,0,3,1,1,4.262511378286872,0.0,7.631512615805933,0.5649999711819157,0.8814747766962716,0.7911141182014395,0.10666734484554086,0.0,0.07387041790746762,0.2859062903949786,low,0
S0010,2025-02-27,9,mid,4,30.092606202844642,0,0,5,1,1,6.876182737879417,0.0,11.946109233112153,0.6816756483590735,0.20658911217259224,0.11048382006601865,0.658981346009818,0.0,0.6955044360155284,0.5750615588163682,low,0
S0010,2025-02-28,9,mid,3,32.65325952187467,0,0,5,1,1,2.9629534743535544,0.0,9.546927955089144,0.1199401838575358,0.7258936605836355,0.5697194065334856,0.06748396155532999,0.0,0.45243449511754996,0.9765431063445639,low,0
S0010,2025-03-01,9,mid,2,48.70058088367979,0,1,5,0,0,7.792311596973381,0.0,12.529928884918327,0.16085349814928585,0.6326593759295397,0.05246049291199406,-0.4134678285143396,0.0,0.9211584939341166,0.17173116290186918,low,0
S0010,2025-03-02,9,mid,2,37.80587787173198,0,1,4,1,0,4.289939185713001,0.0,7.851920127366805,0.7784206115357039,0.5432109871388043,0.8323331406335831,-0.7768092139024032,0.0,0.9205541713797227,0.9349117945152088,low,0
S0010,2025-03-03,9,mid,2,47.817405484662885,0,1,3,1,1,5.527948618872316,0.0,6.148438339424083,0.6373048264283244,0.7394179136658656,0.1810503604721475,0.9180141735288689,0.0,0.6387392562892379,0.8470469188705548,low,0
S0010,2025-03-04,9,mid,0,55.926185912568265,0,4,2,0,1,1.8242182706137031,0.0,8.687044173839883,0.8844179748446377,0.11255450736551575,0.6797405578563708,-0.4794336056699531,0.0,0.4755774097184664,0.29941278024663276,low,0
S0010,2025-03-05,10,mid,1,36.45191627395988,0,1,2,1,0,4.455691244721523,0.0,13.70002654135239,0.6411194650519794,0.9535722238351587,0.8396244958615607,-0.1479983789951811,0.0,0.644716837814743,0.17707092191593976,low,0
S0010,2025-03-06,10,mid,3,45.433719566833496,0,2,3,0,1,4.300453390566993,0.0,7.069924485883413,0.7050200348688117,0.38495088392854715,0.24609413609544406,0.15481889658763448,0.0,0.4178218528371196,0.16580623603029232,low,0
S0010,2025-03-07,10,mid,3,37.05428621627151,0,1,3,0,1,1.4899381789226593,0.0,10.152273641456606,0.5295784165142504,0.8826144276638545,0.9444379623549934,-0.7988860912539011,0.0,0.2718459339842023,0.9791339175177249,low,0
S0010,2025-03-08,10,mid,3,34.0420810093309,0,0,4,1,0,6.757468346006381,0.0,8.345498782031019,0.35824165003698405,0.0990194228951583,0.7580763972920734,0.19289249779768936,0.0,0.2743824436707504,0.25299974051184704,low,0
S0010,2025-03-09,10,mid,2,47.301406512671754,0,1,5,0,0,3.6974250700336366,0.0,7.09561420644302,0.2008707356916577,0.7742605684324513,0.7125779432472608,0.2699030315219635,0.0,0.38721785707920475,0.909040941314236,low,0
S0010,2025-03-10,10,mid,3,29.750150598559404,0,0,1,1,1,0.8862274731568505,0.0,10.805531577241267,0.5424458060772068,0.9588009542588478,0.20601740429137605,0.3096627167880073,0.0,0.04339669415605185,0.06641640448143493,low,0
S0010,2025-03-11,10,mid,2,46.23957932505896,0,0,2,0,1,6.414199774978729,0.0,9.472006591681915,0.8477582981307762,0.3766398517971957,0.5739143089462625,-0.9456519274121571,0.0,0.2632214028671347,0.7102728485692497,low,0
S0010,2025-03-12,11,mid,1,58.57940155650853,0,1,5,0,1,3.4514601551918904,0.0,9.329000284589668,0.1122727583289096,0.7267405652293196,0.9443322357482916,0.221496989908619,0.0,0.715850015526811,0.7619697445971535,low,0
S0010,2025-03-13,11,mid,2,43.533682259563975,0,1,3,1,0,4.329713722443615,0.0,9.59399729823067,0.395669914096316,0.188598931271592,0.5616325332843798,0.38561678769820107,0.0,0.5321198602047065,0.43423669661139574,low,0
S0010,2025-03-14,11,mid,4,41.40714695693583,0,0,5,0,0,6.083125603076705,0.0,10.188370209501375,0.18683449993441936,0.3512783724511417,0.5727552332848548,0.735927539872304,0.0,0.9293485246909917,0.33603633082759854,low,0
S0010,2025-03-15,11,mid,2,37.95928278252921,0,2,3,0,1,5.241580465002221,0.0,7.7499319553028485,0.5586814439372337,0.8499757671095955,0.9959910509461052,0.01631461312029514,0.0,0.34520403103978425,0.185901711556267,low,0
S0010,2025-03-16,11,mid,3,43.0533630497532,0,2,3,1,1,4.5793910100159145,0.0,10.610531081244751,0.8553361303023147,0.6751438544438484,0.17023303243833054,-0.6204728837079783,0.0,0.9265006190442213,0.032215360450372876,low,0
S0010,2025-03-17,11,mid,1,41.128489441501756,0,2,4,0,1,6.053805657366746,0.0,5.004990294757487,0.2505084358858347,0.31120535932830795,0.8500398549931936,0.20637764680903747,0.0,0.14568252732936837,0.7264715434958315,low,0
S0010,2025-03-18,11,mid,2,31.071487434316992,0,1,4,1,1,7.109784825103494,0.0,12.832126444447255,0.674236561628199,0.3360783877422381,0.16977693975812214,0.16152218390450623,0.0,0.4836804457578665,0.7288341471223034,low,0
S0010,2025-03-19,12,mid,1,37.93733652095891,0,0,4,0,1,2.401352796434421,0.0,8.906935270340412,0.18419652966323619,0.2878196133761506,0.24840560524685484,0.3695908043003062,0.0,0.18677730663607006,0.5431183051972586,low,0
S0010,2025-03-20,12,mid,2,47.65422681247978,0,2,2,0,0,5.314329369880529,0.0,12.013408694382349,0.14342060254022337,0.901471583947655,0.17444656619094256,-0.2942443033357629,0.0,0.37550797776226175,0.44729153987262804,low,0
S0010,2025-03-21,12,mid,3,50.827396266601184,0,1,3,0,1,6.310449494852721,0.0,9.755360932391929,0.823810521880351,0.6381550654868308,0.062425183682513374,0.3046924951662764,0.0,0.9115796012522189,0.3794453868809514,low,0
S0010,2025-03-22,12,mid,2,53.890663261711516,0,2,1,0,1,8.082642289602642,0.0,14.001994557630775,0.5410302890628115,0.9272656326314092,0.9319026844206033,0.025446402147104363,0.0,0.3057594871435044,0.4595870058794439,low,0
S0010,2025-03-23,12,mid,3,33.68931370065029,0,1,2,0,0,8.3043399557357,0.0,8.66094248439716,0.6833886331434175,0.2804604868518452,0.6737625492469325,0.8554242617991539,0.0,0.3475243870849155,0.3291191536976066,low,0
S0010,2025-03-24,12,mid,1,49.315315011504474,0,2,5,0,0,7.261053239074622,0.0,10.09242140499385,0.41667008320637045,0.743865280888171,0.8563740982148024,-0.3799672883563021,0.0,0.39275018353870994,0.35655622368835627,low,0
S0010,2025-03-25,12,mid,4,33.28066070776805,0,1,3,1,1,3.948177758781079,0.0,6.4913770586464725,0.6669695295482063,0.4470615555408236,0.9340598200844861,0.7084406859314649,0.0,0.10240061596289896,0.13152522388570997,low,0
S0010,2025-03-26,13,mid,1,52.27191530349802,0,2,2,0,0,2.404543248637535,0.0,5.613668634413756,0.3182765461194804,0.6211334068483314,0.16426366372062395,0.6919625848920263,0.0,0.8124024840313153,0.47648320785527043,low,0
S0010,2025-03-27,13,mid,2,51.116015615496835,0,0,2,0,1,6.3718112529245365,0.0,8.201960754432559,0.17931277282480573,0.8131177919689799,0.9404635188285677,-0.32861171537923184,0.0,0.5298863139801888,0.6583290229231477,low,0
S0010,2025-03-28,13,mid,2,36.682237903041,0,0,5,1,1,5.9306879879157535,0.0,6.536932314855598,0.17379885713523968,0.0638260347097136,0.330357688699061,-0.5377193159803046,0.0,0.8889916385563323,0.0549534538686266,low,0
S0010,2025-03-29,13,mid,3,32.11408291622408,0,1,2,1,0,6.501036968315107,0.0,5.478615931254546,0.6868775596501845,0.4592935611795642,0.5655007313555015,0.3881321497119137,0.0,0.7677100515575095,0.8955714790830762,low,0
S0010,2025-03-30,13,mid,3,43.591995403584875,0,2,5,1,0,3.3864590959949616,0.0,9.767551677004342,0.9597268380389613,0.8789923077586501,0.7546825208681412,0.8669455838951157,0.0,0.22012942083576414,0.8363692930100863,low,0
S0010,2025-03-31,13,mid,3,48.927309403819905,0,1,2,1,0,6.194905352433575,0.0,15.532358655043371,0.2038783426215992,0.9028270117268217,0.2759441474126463,-0.15785720361273237,0.0,0.20228794187253796,0.3880276183415142,low,0
S0011,2025-01-01,1,mid,4,37.42558154883908,0,1,5,0,0,3.420892628967358,0.0,12.212917600179644,0.8883077474377054,0.3875816674368331,0.5762294117779343,0.6628712385854221,0.0,0.1883947674004922,0.7845101356775531,low,0
S0011,2025-01-02,1,mid,4,47.18124369681003,0,0,2,0,1,7.599742487061209,0.0,7.857874768667635,0.6577784072381785,0.5811223999290556,0.5298991758050076,0.6868808873294805,0.0,0.23494856283339272,0.4424709269935184,low,0
S0011,2025-01-03,1,mid,4,33.84782772029081,0,0,2,1,0,3.629963114129872,0.0,15.37934298282249,0.8647902219998954,0.6946720036441995,0.008100941647322446,0.23342466153426966,0.0,0.09372486605971642,0.7809331797904943,low,0
S0011,2025-01-04,1,mid,4,47.454327242237845,0,1,3,0,0,8.91678203534568,0.0,7.969878363182941,0.6885832059788232,0.8715807252544827,0.033821287571519254,-0.19133988130491564,0.0,0.7847351140860993,0.8148670149654462,low,0
S0011,2025-01-05,1,mid,4,49.25634403779669,0,0,1,1,0,5.181167846962993,0.0,12.257915603437711,0.796345775479649,0.3326545009050512,0.5926586478854466,-0.010095732590016837,0.0,0.945737959402294,0.7475746360541103,low,0
S0011,2025-01-06,1,mid,2,69.28934738076904,0,1,4,0,1,3.9432064559592472,0.0,8.902939045382634,0.8574148466508008,0.5582765244039158,0.8613627189565668,0.6622695308073918,0.0,0.2820423547896711,0.547737444324274,low,0
S0011,2025-01-07,1,mid,2,30.03011011135701,0,0,5,0,1,1.8763110999695791,0.0,5.672102217305504,0.26269763189690165,0.04471027455489651,0.2680089836852235,-0.892446189333896,0.0,0.9243720463599634,0.6617206723927285,low,0
S0011,2025-01-08,2,mid,4,51.03742209237833,0,0,1,0,1,4.4295173193852495,0.0,7.771197711126159,0.5382527463447656,0.8112888539460398,0.2164430834116715,0.6058596827485525,0.0,0.39963848249393574,0.1889138564336954,low,0
S0011,2025-01-09,2,mid,3,46.91772433644138,0,1,5,1,1,4.651704466462504,0.0,4.032814729513561,0.8140548723120092,0.9538950638977405,0.2303146753898455,-0.49391558836020755,0.0,0.9398181874338755,0.3959111507626836,low,0
S0011,2025-01-10,2,mid,4,60.0003568528931,0,0,4,0,1,4.613689550300842,0.0,4.064845250280747,0.9686629131467376,0.6721486869324071,0.15374503199578593,-0.7335465040312934,0.0,0.2042647583330054,0.7667116744207175,low,0
S0011,2025-01-11,2,mid,3,30.219977446958158,0,3,3,0,1,3.9638576951966575,0.0,9.50602186087029,0.639661984046541,0.5701204851150566,0.11290321106061574,0.8178194089474282,0.0,0.19894970967199055,0.7435091521438564,low,0
S0011,2025-01-12,2,mid,4,54.60193351765491,0,0,3,0,0,6.943860686881267,0.0,10.430286811111973,0.3260705023271233,0.13355826586348352,0.4892722258976082,0.4934432033681242,0.0,0.10985975705273343,0.4246834916969604,low,0
S0011,2025-01-13,2,mid,2,43.39961326420656,0,2,2,1,1,7.971023773730946,0.0,3.875915211796066,0.02195350187702072,0.936073501862787,0.9027404610920015,0.08655605983621117,0.0,0.5773116331683574,0.7050172124034887,low,0
S0011,2025-01-14,2,mid,3,37.72987131563088,0,1,3,1,1,3.987819740985611,0.0,6.697292844041169,0.33755725356044997,0.4992656746487504,0.6746808415785194,0.9364702470523412,0.0,0.14416326017432823,0.8730171099410818,low,0
S0011,2025-01-15,3,mid,4,28.96820764128792,0,1,4,0,1,3.5176746627303412,0.0,12.423218667952453,0.6089048610300379,0.6877730355454815,0.4712366872916477,0.7527042260543833,0.0,0.44379484097972877,0.2849086230417651,low,0
S0011,2025-01-16,3,mid,3,40.02947513164318,0,2,5,1,0,4.903973733718297,0.0,13.052933416731301,0.6974728319758002,0.052243663695964004,0.5342484229228254,-0.39747320429327493,0.0,0.28496826573724565,0.3896559147031825,low,0
S0011,2025-01-17,3,mid,5,44.58230632534026,0,1,2,1,0,7.772755614561214,0.0,9.945328496587836,0.34067636897016085,0.3891604626859456,0.7558733593374654,-0.8540325207724611,0.0,0.8651691581432587,0.43020269646796994,low,0
S0011,2025-01-18,3,mid,5,49.72673891553523,0,0,1,0,1,4.366523674467738,0.0,11.982541512398347,0.31149542472760194,0.2280888647699394,0.3170139011509019,-0.5730308326027298,0.0,0.9058691063099717,0.8990237272133664,low,0
S0011,2025-01-19,3,mid,3,55.29091136687324,0,0,5,1,1,3.9017470380208454,0.0,8.216506832719833,0.340225241522392,0.31813253133349084,0.9565277490780091,0.5781479657633872,0.0,0.7240087921615539,0.18596322405813182,low,0
S0011,2025-01-20,3,mid,3,42.928383109059595,0,2,2,1,1,7.231456444038109,0.0,9.530964198934651,0.1307203189500964,0.3257370224504327,0.5772800689704841,0.35277913881686884,0.0,0.7634990754317053,0.31820679599608714,low,0
S0011,2025-01-21,3,mid,5,44.787870250832874,0,2,1,1,1,3.257508376370979,0.0,9.937481341686286,0.5924454407904143,0.7587637507018775,0.1907172530047453,0.13641668157498166,0.0,0.814210898382868,0.7682477776463164,low,0
S0011,2025-01-22,4,mid,4,47.14282491738131,0,2,3,0,1,3.2785970617760203,0.0,6.891523774054249,0.768538097011416,0.4276064874420298,0.8193346240306186,0.569707424711577,0.0,0.9294904227674665,0.7566041551040548,low,0
S0011,2025-01-23,4,mid,4,35.530190554670206,0,0,4,1,1,4.9403924362971186,0.0,11.573754049142844,0.7981829895748429,0.12720411933778086,0.3959410958139741,-0.45707867395801816,0.0,0.291658770500937,0.12325561995088175,low,0
S0011,2025-01-24,4,mid,3,39.664563741769186,0,1,4,1,1,4.287743274320357,0.0,13.263712822917466,0.6384564487170294,0.9429701894309558,0.21185890286408426,-0.8819790595539987,0.0,0.5374680645053053,0.14259687866359327,low,0
S0011,2025-01-25,4,mid,6,52.95267286499315,0,1,3,0,1,8.38462603820975,0.0,9.220836486770402,0.12813504025052402,0.5121038554637992,0.27906027717993653,-0.6776726242076778,0.0,0.42628090625453485,0.13101455443361443,low,0
S0011,2025-01-26,4,mid,3,63.507811424357335,0,1,5,0,0,6.373654990905677,0.0,8.805018961355115,0.07227201225523694,0.8758857213669513,0.5242859833747512,-0.1834664521471483,0.0,0.30968056435145586,0.2971171581278419,low,0
S0011,2025-01-27,4,mid,4,41.5283851758155,0,3,4,1,0,6.426155119072573,0.0,4.5089904968004735,0.5178413886068658,0.6544598928258747,0.527520175294209,-0.5419971485939312,0.0,0.20107818779387188,0.9072470690754986,low,0
S0011,2025-01-28,4,mid,3,35.274599032567465,0,1,4,0,0,6.387779611859843,0.0,12.815542845494427,0.1476359640802637,0.45606714497092393,0.03858620080817843,-0.9644040065581014,0.0,0.4401304182738006,0.252960494457629,low,0
S0011,2025-01-29,5,mid,5,54.35392150049628,0,2,3,1,1,6.5049667541484375,0.0,8.235674203227072,0.6185969615011014,0.838149165376357,0.5157361883740449,-0.24601352926673026,0.0,0.9218454995477849,0.03625231751479485,low,0
S0011,2025-01-30,5,mid,3,50.37179814541736,0,1,4,0,0,8.223888692872602,0.0,10.462071451658277,0.33465728712450116,0.37912391070522167,0.9341464150461124,-0.573973831934848,0.0,0.10374942457535163,0.34341011380001796,low,0
S0011,2025-01-31,5,mid,4,58.70418740633302,0,2,4,1,0,1.4964881664202343,0.0,13.386498240830342,0.8942280427402469,0.0701966114077136,0.9803220727278259,0.23258358050892203,0.0,0.18346425396884847,0.6790690989769685,low,0
S0011,2025-02-01,5,mid,3,60.040676045201984,0,1,3,1,0,7.725054739313716,0.0,6.155267622848583,0.7428532311143964,0.022902161464912307,0.9589673461572462,-0.3111173878252702,0.0,0.18977889343122423,0.8507077917284981,low,0
S0011,2025-02-02,5,mid,3,47.532629459176924,0,0,5,1,0,5.3831742127879405,0.0,10.99269755516525,0.3354922059669888,0.36293877922533824,0.5064960962041014,-0.27806117270291963,0.0,0.7834685514383157,0.9747369441016157,low,0
S0011,2025-02-03,5,mid,2,66.36725635715095,0,0,3,1,0,4.41928150623333,0.0,12.147501375293333,0.744165762481609,0.7598069071003198,0.6505549788122396,-0.21026695371141568,0.0,0.6083842168165255,0.04019869125787656,low,0
S0011,2025-02-04,5,mid,3,47.297611284893485,0,1,2,0,0,6.782495608764492,0.0,11.429066067104845,0.13256940334513467,0.6597281404048841,0.5751340544036574,-0.9382057548573692,0.0,0.20142290882280256,0.2675715413782208,low,0
S0011,2025-02-05,6,mid,3,38.94855991321903,0,0,2,1,0,7.910802675452383,0.0,8.2359444428891,0.0731750987680021,0.08947838298241739,0.6519737139229607,-0.026118573521503485,0.0,0.7904152503192102,0.9162708373435314,low,0
S0011,2025-02-06,6,mid,5,28.275954741876475,0,4,1,1,0,5.617436788387681,0.0,8.983095847529992,0.2759225530681031,0.3507023274307274,0.21675771132198496,0.17102808496215927,0.0,0.3480955475078741,0.6573930394946632,low,0
S0011,2025-02-07,6,mid,3,36.18458727926167,0,2,1,1,0,3.604916115049771,0.0,5.1435322840406785,0.5239742026857139,0.1348748464080477,0.025982293725780314,-0.6943883813634335,0.0,0.6268536212535334,0.07361826153368167,low,0
S0011,2025-02-08,6,mid,3,34.418535687055886,0,0,4,0,0,7.41006215130182,0.0,13.464940687593675,0.2653511716753909,0.33034509176499194,0.5486768751493969,-0.6008250083998032,0.0,0.02031046783335122,0.5621444545085756,low,0
S0011,2025-02-09,6,mid,6,40.38915634642606,0,0,2,1,1,0.0,0.0,14.814205036884559,0.7554538093252579,0.8802912630134302,0.964145795865558,-0.35089618793500055,0.0,0.7987045738426389,0.2106455976355367,low,0
S0011,2025-02-10,6,mid,2,46.86068432470547,0,0,5,1,1,3.8370560834044465,0.0,13.138468495670132,0.3202079841549571,0.38306281213446736,0.6302625280840807,-0.11587857921155398,0.0,0.6286355465697024,0.14678072163579237,low,0
S0011,2025-02-11,6,mid,4,35.602500653682995,0,1,1,0,1,5.450644434801815,0.0,14.042851257406923,0.3167486486502119,0.12634490202820003,0.4840458759603792,0.050522693435877564,0.0,0.7019485009805053,0.9699372104470915,low,0
S0011,2025-02-12,7,mid,2,31.16959024387441,0,1,4,1,1,3.5975009111918475,0.0,12.928416070200763,0.5627700708015316,0.24935231090670196,0.8169833808090694,-0.77899729754462,0.0,0.8294466397616644,0.6027298005076018,low,0
S0011,2025-02-13,7,mid,4,31.567906094160993,0,0,3,0,1,4.8816417783791115,0.0,7.673434451864466,0.17541129165541103,0.14109779642892528,0.12589797654172508,-0.09442672660931528,0.0,0.5154849093872923,0.13338449354283988,low,0
S0011,2025-02-14,7,mid,2,42.85874968905753,0,2,1,1,1,2.922918285928488,0.0,13.338394586838719,0.3152805131039226,0.060552256241260594,0.686821215992296,0.1356521827991679,0.0,0.34942511269378806,0.7051889789173547,low,0
S0011,2025-02-15,7,mid,2,68.59614259100104,0,1,3,0,0,4.9328434685526314,0.0,11.378364156906068,0.9265317740991033,0.009808114713976357,0.2475583956353089,-0.7920088593733288,0.0,0.7696161773547716,0.3201250495947112,low,0
S0011,2025-02-16,7,mid,4,48.185560484655795,0,2,4,1,0,4.27656602436547,0.0,10.536009325657217,0.49636437246630705,0.4727068986362891,0.31070352355824093,0.7408103398841996,0.0,0.170433201879996,0.35246278439923984,low,0
S0011,2025-02-17,7,mid,5,50.484632735405704,0,2,5,1,0,4.183435972871288,0.0,9.269126851865721,0.31518729015396385,0.875187213458729,0.3471668396742926,0.1237962060028528,0.0,0.4333808481149408,0.4589165242987353,low,0
S0011,2025-02-18,7,mid,2,63.568436628491725,0,0,2,1,0,3.972573076574882,0.0,10.782764970420114,0.6448553066971265,0.6163699311345824,0.23361959847804437,0.08478792853679895,0.0,0.22220720699598195,0.14692302710060634,low,0
S0011,2025-02-19,8,mid,4,45.56246540160431,0,0,4,1,1,3.744878961324396,0.0,5.410796565513508,0.7018555106506201,0.03880452403094514,0.9571241956855602,-0.907440241021505,0.0,0.8812531819445597,0.8943780987619989,low,0
S0011,2025-02-20,8,mid,2,45.75905105642486,0,1,3,0,1,6.720665118833441,0.0,1.6980237321928051,0.5218157013832556,0.5394343554879361,0.5177406571044623,-0.9824504898761643,0.0,0.0017248221098407068,0.09766631812612292,low,0
S0011,2025-02-21,8,mid,4,39.108396120110584,0,0,2,1,0,5.930451365387183,0.0,14.42450191064923,0.1492111479631686,0.8376369886828723,0.8831142870743197,-0.06771770408437172,0.0,0.20890743202292694,0.9476064954049053,low,0
S0011,2025-02-22,8,mid,3,49.80954656733292,0,0,4,1,0,4.096216061554315,0.0,14.599206477553913,0.9955492647395692,0.0972542158555324,0.8556276815352337,-0.04003386894201655,0.0,0.827150195503877,0.8171272821701449,low,0
S0011,2025-02-23,8,mid,3,50.02210045707008,0,1,5,0,0,8.537410246310085,0.0,10.989673491654026,0.2252888918625443,0.1662743683821083,0.8349542622326401,-0.2827531859535024,0.0,0.45503261912199444,0.02797189727535898,low,0
S0011,2025-02-24,8,mid,5,39.32522308548328,0,3,3,1,1,6.869340316201069,0.0,10.491834833674078,0.6365444885767242,0.6893401156326044,0.6676072297270031,-0.10108161363251766,0.0,0.6893388222000828,0.06970774646896116,low,0
S0011,2025-02-25,8,mid,4,49.883647602144976,0,0,3,0,1,3.740256305456965,0.0,6.034222359761584,0.18260139808227804,0.0728992727091472,0.22509166459468022,0.06727126247408521,0.0,0.6957452483567053,0.774020922965081,low,0
S0011,2025-02-26,9,mid,3,39.499217677924065,0,0,2,1,1,9.270642247951915,0.0,8.990365236372668,0.1458691269538961,0.1852233308309379,0.204446367065663,-0.522598390602043,0.0,0.22655384852629123,0.39514910849763674,low,0
S0011,2025-02-27,9,mid,3,64.4896311144762,0,2,4,1,1,4.788949343869342,0.0,8.799158562970932,0.8095813022712861,0.95860855004442,0.37016335563637726,0.6823881117538162,0.0,0.863809875301513,0.12328639932605001,low,0
S0011,2025-02-28,9,mid,3,53.98370254190621,0,1,2,0,1,4.398861218829502,0.0,8.659067341581878,0.3066686303131164,0.9615789710389159,0.5784732510018857,0.9751915490265619,0.0,0.37246694782567324,0.45762663258944103,low,0
S0011,2025-03-01,9,mid,3,39.50761346687425,0,0,3,1,0,6.700286798316414,0.0,15.191950905045942,0.720670323249132,0.42190555621932047,0.8452881080201297,0.39269191219056165,0.0,0.7712531123795491,0.7924874221659796,low,0
S0011,2025-03-02,9,mid,3,52.972856591604184,0,1,3,1,0,6.813568533350859,0.0,11.217550800078698,0.07564468065734964,0.4628306571988078,0.9892562386150588,0.5392003025894645,0.0,0.9620753780372231,0.7796343561334791,low,0
S0011,2025-03-03,9,mid,4,51.90700889348637,0,2,5,1,0,2.585241195784591,0.0,13.206748055275936,0.03562979539013933,0.9356551294095445,0.5861203488054969,-0.4037140577037195,0.0,0.1491351078475378,0.8295231655007547,low,0
S0011,2025-03-04,9,mid,4,49.18569326229448,0,1,3,1,1,4.586713103102807,0.0,10.089618803684493,0.7616762854462485,0.10659744982935004,0.11687138622040183,0.2112496052923054,0.0,0.9835205210253016,0.24253947326579983,low,0
S0011,2025-03-05,10,mid,2,55.083541831904824,0,2,3,0,0,5.223963865242515,0.0,8.629902565919462,0.8061118176584049,0.43779953127477356,0.5545806715356244,0.5996589080998032,0.0,0.6105061740418192,0.22476023765881947,low,0
S0011,2025-03-06,10,mid,5,58.697811019623785,0,3,1,0,1,4.876103749016765,0.0,4.455456221622243,0.633283513639688,0.18323071874215557,0.008866278133623395,-0.31047962546140884,0.0,0.4828714545562436,0.18443350559680305,low,0
S0011,2025-03-07,10,mid,1,43.9704763207269,0,1,1,1,0,4.093480948105915,0.0,15.155318846808143,0.6552324845763441,0.34031740429819146,0.32255923663326835,-0.1511322222848419,0.0,0.14556775865250116,0.8311389644353826,low,0
S0011,2025-03-08,10,mid,2,28.18623108284736,0,2,1,0,0,5.95769514643547,0.0,9.918357602866429,0.3723662982286027,0.37157310851620007,0.19503023178915435,-0.7713537717617496,0.0,0.7403047907559818,0.7700304687015165,low,0
S0011,2025-03-09,10,mid,4,42.19717286922819,0,1,1,0,0,5.12272041270134,0.0,8.114488759247475,0.5150603457578695,0.6915342250769767,0.07753141160917254,0.610557570656824,0.0,0.13940344201150467,0.41866461346187267,low,0
S0011,2025-03-10,10,mid,4,55.044900263698196,0,1,3,0,0,5.498312883086908,0.0,11.416524308687217,0.10529285825594503,0.23944009340039418,0.18684901945328702,-0.2890767194887094,0.0,0.2355172277915355,0.2444394459716932,low,0
S0011,2025-03-11,10,mid,2,54.92944669758089,0,3,2,1,0,5.068787590615166,0.0,8.073302564668031,0.0328354290838776,0.4684095450243587,0.8852828290969004,-0.27681946715938066,0.0,0.9324504210806432,0.6306084716506094,low,0
S0011,2025-03-12,11,mid,3,41.57982654195225,0,1,1,0,0,3.0556635877019263,0.0,5.558931165991315,0.4691029749514899,0.4267909701745195,0.5149737849821052,0.16472343148003254,0.0,0.4655955048379242,0.7015635404895175,low,0
S0011,2025-03-13,11,mid,3,62.165406575208564,0,0,1,0,0,2.1442551336828033,0.0,11.393974995432059,0.6451370408192583,0.33485621457621195,0.919558862813285,0.30744018551996155,0.0,0.2781796767083027,0.4729269093639301,low,0
S0011,2025-03-14,11,mid,3,54.29839523972443,0,1,3,1,1,2.375152648946523,0.0,13.15735189484213,0.12642622715502805,0.7608075414310771,0.850780382630682,-0.4859875355551355,0.0,0.40709195615801974,0.4985692169635553,low,0
S0011,2025-03-15,11,mid,6,49.331741859848044,0,0,5,1,1,6.119409551067959,0.0,14.281920333477604,0.34727723487626994,0.18703458569265707,0.3477650209146279,0.35960814191826374,0.0,0.2630377990850331,0.42688669570916593,low,0
S0011,2025-03-16,11,mid,5,39.18753436419227,0,2,1,0,0,4.804770242203092,0.0,5.453420615843232,0.04247091048841134,0.4625339853783005,0.4189408420801276,0.5586725306389739,0.0,0.35494196448924176,0.9825487615395994,low,0
S0011,2025-03-17,11,mid,4,32.689580171846586,0,0,4,0,0,7.29875554623804,0.0,13.867872617613022,0.21316420239190814,0.11675296715800854,0.41539342996879836,-0.6268399210137505,0.0,0.10241671767775895,0.3023267332728935,low,0
S0011,2025-03-18,11,mid,3,28.023018098211633,0,1,2,1,0,7.370013967166031,0.0,13.184527471527533,0.5359359931290713,0.8852289842111726,0.25201473367905247,-0.23770469327789856,0.0,0.7776425696776891,0.4927488961293377,low,0
S0011,2025-03-19,12,mid,3,52.85126585460055,0,1,5,1,0,5.2583350125914645,0.0,8.849987037398238,0.314077376419847,0.1921293272018666,0.6670860513355453,0.14907542905241167,0.0,0.3152562573748299,0.5129607482592392,low,0
S0011,2025-03-20,12,mid,4,41.03616485444334,0,0,4,1,0,8.114321779397319,0.0,10.56102316442416,0.757937739606166,0.6178591540622559,0.7869900833848252,-0.3314732504415816,0.0,0.8812495283226056,0.6149100858019407,low,0
S0011,2025-03-21,12,mid,4,57.96256709748002,0,0,1,1,1,4.532896912847237,0.0,15.716658001431197,0.8361128049276877,0.6780725123219167,0.684544433031324,-0.56568933301787,0.0,0.9842497664912904,0.8416752092714888,low,0
S0011,2025-03-22,12,mid,3,55.90517674742669,0,1,2,1,0,4.337369642740145,0.0,11.183265636834683,0.8756626239095135,0.20918613008084253,0.6265463217476971,-0.8374389533586124,0.0,0.8803696262591182,0.05150029946546697,low,0
S0011,2025-03-23,12,mid,5,47.889667009669026,0,0,2,0,1,2.6915091787132304,0.0,13.286536691037737,0.55939524463847,0.9327322704203617,0.30585810799484237,-0.9027450567294446,0.0,0.6756277676987004,0.7868411345141675,low,0
S0011,2025-03-24,12,mid,5,41.58108927084527,0,2,4,0,0,6.128996408094994,0.0,6.514746099470766,0.9945051042205587,0.01200916308426414,0.5409198132872987,0.14733319509801945,0.0,0.9142087896808119,0.5060053347669375,low,0
S0011,2025-03-25,12,mid,2,70.23373331399557,0,0,3,1,1,7.464893097938335,0.0,11.781822025766179,0.5328248613126102,0.6248231420934378,0.9880866567365598,-0.12316227059617701,0.0,0.06625469695419994,0.9570069178193547,low,0
S0011,2025-03-26,13,mid,3,58.05495866375303,0,1,2,1,0,6.326546762528956,0.0,17.80743962462294,0.9307257945453972,0.9324277829788153,0.9693301253516604,-0.7492422317836247,0.0,0.16055781076317022,0.6767366986798866,low,0
S0011,2025-03-27,13,mid,3,45.315890061525785,0,0,2,1,1,1.2466418662007617,0.0,7.60284198407876,0.6559173524819735,0.9252469869511654,0.2477302857741588,0.7104678665656903,0.0,0.9204619784452005,0.9020025994699015,low,0
S0011,2025-03-28,13,mid,2,61.71492717866659,0,2,4,1,1,9.85235600768355,0.0,11.105056011522914,0.7237463854077856,0.025025101563866614,0.5706441825450448,0.7683889424567385,0.0,0.01738874292543391,0.4051821038009611,low,0
S0011,2025-03-29,13,mid,3,51.084916486780784,0,2,4,0,0,4.833789383166789,0.0,13.29001266248839,0.5142071744772863,0.835806369617836,0.7385594981157951,-0.4697019955659787,0.0,0.016893355071518457,0.47970016253354575,low,0
S0011,2025-03-30,13,mid,2,66.03761476945795,0,2,3,0,0,0.7519458482422978,0.0,7.929962200556244,0.6295673951687717,0.6738379611669769,0.21068791703030143,0.6738776896199123,0.0,0.28993709366237785,0.1866839259143167,low,0
S0011,2025-03-31,13,mid,5,38.715573108446534,0,3,2,1,0,5.2152301594926,0.0,8.73877680522777,0.1310372253655483,0.3431763870323312,0.6757847536712315,-0.8039531188341362,0.0,0.1272514797839558,0.06166620730740413,low,0
S0012,2025-01-01,1,mid,4,66.05086639334502,0,1,3,1,1,7.628889148912318,0.0,9.979649080002035,0.8163343988950826,0.7942807173626745,0.8237344130385529,-0.5770554373882415,0.0,0.48221627256038646,0.4848714745971586,low,0
S0012,2025-01-02,1,mid,5,51.334658090503936,0,2,4,0,1,1.0894896818168558,0.0,5.3368657626291975,0.7602056245291603,0.17483691546621116,0.3385859719415736,-0.5516554465061965,0.0,0.35910994296759713,0.23037482236602402,low,0
S0012,2025-01-03,1,mid,7,48.57575890829301,0,1,5,0,0,3.637713575906753,0.0,10.442374898735986,0.7145417014500052,0.7031385432874808,0.3549660309861551,0.7853553066898034,0.0,0.5021811415391275,0.6457649506929368,low,0
S0012,2025-01-04,1,mid,5,31.339335001634595,0,1,5,1,0,7.2108248104299655,0.0,12.719273762203127,0.04283732118899841,0.6757909636279851,0.41469015416578636,-0.7518062477806353,0.0,0.4199075476984676,0.1942329296955817,low,0
S0012,2025-01-05,1,mid,4,31.813327719713413,0,2,4,1,0,1.5911992366241963,0.0,13.161860876467854,0.28154593392626337,0.07369125237043472,0.9414255948352722,-0.012030230615828641,0.0,0.08552451757610802,0.8686797177444705,low,0
S0012,2025-01-06,1,mid,5,38.431407727805016,0,0,5,1,1,6.927846230975689,0.0,9.866694416208912,0.18817159584612386,0.33118877215224385,0.39612196505165276,0.1724414230544904,0.0,0.9192542465263115,0.3945392082424255,low,0
S0012,2025-01-07,1,mid,5,39.336780808955105,0,0,2,1,1,1.518419182741995,0.0,11.05949288464368,0.5509952833452542,0.11471232218718319,0.9428054879896225,-0.41818638534022656,0.0,0.9230008393898834,0.3258354395041454,low,0
S0012,2025-01-08,2,mid,5,52.81238392451369,0,1,1,0,1,5.8275084058947755,0.0,10.727350541907459,0.921029516053802,0.5351067800006034,0.5115083647656388,-0.4686430689943255,0.0,0.9357998315292914,0.4579191671996209,low,0
S0012,2025-01-09,2,mid,5,34.6126556583733,0,0,1,1,1,6.362663716412376,0.0,9.453906365100158,0.6519543449841703,0.9126603959005557,0.8334721016800484,0.37516488681537496,0.0,0.35610589951895943,0.2411104476852185,low,0
S0012,2025-01-10,2,mid,8,47.072725658346975,0,1,1,1,0,3.3872563118864596,0.0,15.379435402912286,0.8724096768769565,0.33256295240701816,0.13268204656084948,0.6231173814581188,0.0,0.673947918328592,0.2418194823205818,low,0
S0012,2025-01-11,2,mid,3,53.70677474974181,0,2,3,0,0,8.458601732089512,0.0,5.526760229165579,0.9998051441338015,0.4929924291045318,0.20849447495426054,-0.6743068494418105,0.0,0.04234974747641429,0.5588172349183215,low,0
S0012,2025-01-12,2,mid,4,47.15031942943456,0,2,5,1,0,10.979778687414118,0.0,12.10522059755097,0.8417057652229475,0.1701012461881699,0.31605129516887087,0.7772169808709029,0.0,0.5604582045583303,0.5833898703695721,low,0
S0012,2025-01-13,2,mid,8,32.7855871370339,0,0,1,1,0,2.886837128845532,0.0,11.484356305990294,0.051239541146424705,0.6829615935420649,0.25107902402934534,-0.0006595125418931147,0.0,0.7467467725125942,0.5626667806563331,low,0
S0012,2025-01-14,2,mid,5,36.7158306954969,0,1,5,0,0,4.709024010645415,0.0,9.765967175576245,0.03213086611593108,0.7106878795587983,0.8302323647341706,0.2702010749690533,0.0,0.9050265974431984,0.6979760473399205,low,0
S0012,2025-01-15,3,mid,4,40.4079833561558,0,1,4,1,0,7.0659484698280615,0.0,6.070070336875002,0.48750227862027984,0.366303145262339,0.6454418331834965,0.8950459611024759,0.0,0.04126974737462186,0.9188528558831043,low,0
S0012,2025-01-16,3,mid,7,49.37372674179668,0,1,1,0,0,6.168726978092355,0.0,7.116053824697146,0.06588713931523282,0.4685100499198245,0.6625832643739489,0.5319163426110347,0.0,0.45381591372437047,0.630284039496343,low,0
S0012,2025-01-17,3,mid,5,45.575011002442885,0,1,4,0,1,2.7107646702468102,0.0,12.223297684800134,0.43838089714093154,0.01686287008210441,0.15161063793047602,-0.8158390137527605,0.0,0.23974417293825845,0.10001809002432227,low,0
S0012,2025-01-18,3,mid,4,48.292500621593334,0,2,4,1,1,5.08104588463402,0.0,12.283522117154916,0.04322315141777899,0.3424999930081374,0.0768494618612342,-0.21411112125328025,0.0,0.6699263421613231,0.4698899080414396,low,0
S0012,2025-01-19,3,mid,5,42.213436661206906,0,0,2,1,1,4.7043194777416835,0.0,6.855831492592777,0.5699036966468424,0.605675222173172,0.36552879690727913,-0.8473287156670943,0.0,0.6553260713826526,0.4884318604532778,low,0
S0012,2025-01-20,3,mid,6,40.7213239938018,0,0,5,1,1,8.463516766360703,0.0,4.936885412722554,0.1470699045503434,0.7654322167447717,0.7442352584372388,0.8066820274135893,0.0,0.008486012083443017,0.21668424398900266,low,0
S0012,2025-01-21,3,mid,6,54.775821467761894,0,1,5,0,1,5.031588602114746,0.0,8.372950079169058,0.6095203113099242,0.19129317420210723,0.27332958312466293,0.2806946925954741,0.0,0.46830094759995833,0.8580136575683268,low,0
S0012,2025-01-22,4,mid,4,36.51712805505352,0,2,2,0,0,2.983192147656995,0.0,15.092411167843345,0.3167910744946142,0.9337441982278135,0.7899815493126753,-0.7710708680509117,0.0,0.11988407158488701,0.9225427688528266,low,0
S0012,2025-01-23,4,mid,6,39.66838870934809,0,0,4,1,0,6.574552586245828,0.0,11.378726464933196,0.954378600220893,0.21096928971169937,0.5039290077242442,0.36110969528896364,0.0,0.24746772950133744,0.600472863250274,low,0
S0012,2025-01-24,4,mid,5,32.9918100016496,0,1,5,1,1,4.859130340845146,0.0,6.790208303212332,0.7510238591384141,0.3776599108873212,0.8691741420473429,-0.22609459182448033,0.0,0.34983902550673174,0.9982439138632666,low,0
S0012,2025-01-25,4,mid,7,44.19576750144013,0,2,3,1,0,3.3498054001089512,0.0,10.13938381946257,0.11767651264529899,0.1758578813161925,0.7747235933045602,0.02771471853824492,0.0,0.010567122774442939,0.673516527472109,low,0
S0012,2025-01-26,4,mid,6,17.92434306327892,0,0,3,0,0,4.618028383044057,0.0,8.868960151039628,0.24299759286082978,0.2485493107511796,0.3787063575653773,0.636219569488335,0.0,0.9128586899643873,0.20221508745897332,low,0
S0012,2025-01-27,4,mid,8,51.68940318795768,0,1,5,0,1,7.608510399651925,0.0,8.692249199639416,0.7636043591629952,0.1339986812056707,0.08851905256306758,0.816307886455006,0.0,0.5355083889644977,0.8578009372825907,low,0
S0012,2025-01-28,4,mid,6,38.031339855467465,0,2,4,1,1,5.86949437818931,0.0,13.141321959054643,0.40587966883722404,0.9715210270821563,0.46486152712957374,0.9395199425177028,0.0,0.19658692291086022,0.9046384271149494,low,0
S0012,2025-01-29,5,mid,6,41.933610617342254,0,1,5,1,0,4.606945731890592,0.0,12.751701535593046,0.7847771083834078,0.9120678451256258,0.7126060735870925,-0.15443531886879214,0.0,0.06579024201642525,0.8096969370605877,low,0
S0012,2025-01-30,5,mid,5,49.49391547060093,0,0,3,1,0,6.23681443148827,0.0,7.817638225830645,0.6411996332321481,0.9236026679779178,0.7829883572657359,-0.6384480903185463,0.0,0.8001582366647964,0.6417370448140233,low,0
S0012,2025-01-31,5,mid,6,49.91274020726283,0,1,1,1,0,5.862567633772597,0.0,6.477572882556656,0.23384836908547768,0.07991510934660673,0.000554184585253914,0.21663880280013426,0.0,0.3621487834802368,0.752310970673456,low,0
S0012,2025-02-01,5,mid,5,21.63930394978737,0,1,1,1,0,4.80399806643332,0.0,12.429585954612625,0.5364303967894921,0.7420925925582444,0.6961459249385411,0.7813571912109416,0.0,0.7163310272566953,0.9978847082284605,low,0
S0012,2025-02-02,5,mid,7,40.370836205136726,0,2,4,1,0,7.046100746940286,0.0,8.603338033938902,0.31843136607730993,0.632770741196872,0.9835907919843317,0.7534997262632606,0.0,0.1603659099049074,0.5474884331494713,low,0
S0012,2025-02-03,5,mid,5,25.683354196478188,0,0,5,0,1,5.332961489431441,0.0,5.885962453396474,0.2789654371983009,0.2889829042417996,0.7387480290356228,-0.9408127928801284,0.0,0.3809457626738071,0.40753438015364507,low,0
S0012,2025-02-04,5,mid,8,43.17528519496494,0,1,3,1,0,9.072695029312435,0.0,12.260592253302047,0.1686282108850954,0.9762312567009744,0.488155956087309,-0.8847146088052131,0.0,0.9372620447778404,0.5862678431932681,low,0
S0012,2025-02-05,6,mid,6,63.9532390895217,0,1,1,1,0,2.2764042725072686,0.0,6.34624258440401,0.3370713620905832,0.031271377747267404,0.15211640300883977,-0.7162296813751712,0.0,0.9886105048195221,0.02216575589061176,low,0
S0012,2025-02-06,6,mid,5,66.21438072045518,0,0,5,1,1,2.0446726199927445,0.0,10.495721941356159,0.6252837508795982,0.5129296877912829,0.533140263610646,-0.043786107760006354,0.0,0.6737405742435558,0.571945362407002,low,0
S0012,2025-02-07,6,mid,6,35.56459790971671,0,0,3,0,1,5.927446115114229,0.0,6.497497528357857,0.6793587899216466,0.48752757040499983,0.04051952543966997,0.3122576087344038,0.0,0.8420387836055212,0.7203242773264015,low,0
S0012,2025-02-08,6,mid,5,50.02574774371437,0,1,1,0,1,6.730076290261725,0.0,10.544572277764443,0.829132029648398,0.7167764548342263,0.032578382392174476,-0.25295916351927716,0.0,0.6318896722018543,0.522250524356765,low,0
S0012,2025-02-09,6,mid,5,40.692598412461464,0,1,3,1,1,5.274266802638433,0.0,14.217155930182797,0.6844490484631971,0.6228292369611795,0.15288884564479632,0.6895807205791233,0.0,0.1957751114131362,0.9322821440707808,low,0
S0012,2025-02-10,6,mid,6,36.00632720162744,0,0,3,1,0,4.250004703005163,0.0,10.13115235444925,0.10344611669293491,0.3475642811617412,0.04352018535576274,-0.1991095470962303,0.0,0.130365024176891,0.34987309070015393,low,0
S0012,2025-02-11,6,mid,6,57.36798541352808,0,1,4,1,0,3.6810091263231444,0.0,10.511454042090742,0.8644769036178283,0.2854477871998655,0.6150511655285649,0.9582243394896046,0.0,0.5955026005728078,0.7247094874643776,low,0
S0012,2025-02-12,7,mid,5,44.141360992022385,0,1,1,1,1,6.408867947493432,0.0,15.145312163031495,0.6934615790631674,0.829327460062097,0.03449382886859387,-0.34848029214420495,0.0,0.9593291082338672,0.9493363085249241,low,0
S0012,2025-02-13,7,mid,5,47.229798553142935,0,1,2,0,1,2.484709124401906,0.0,10.547688972086029,0.8174764393049206,0.36888462237400566,0.29380202881550743,0.6562503837138021,0.0,0.6385250461916646,0.8982590836748244,low,0
S0012,2025-02-14,7,mid,7,52.37181306698575,0,1,2,1,1,5.741542694016985,0.0,16.397019917783442,0.1841804614846264,0.8822531233425974,0.34324859489874326,-0.2250402129654061,0.0,0.6724015487964106,0.48879874204124096,low,0
S0012,2025-02-15,7,mid,5,37.27268362223985,0,0,2,1,1,3.9276535621986697,0.0,6.976666629191075,0.5382184337322946,0.9192772111827322,0.5403268672420553,0.4112070827286831,0.0,0.3576770913057742,0.7516307935672674,low,0
S0012,2025-02-16,7,mid,5,67.20870606972889,0,0,5,0,0,5.104041300879239,0.0,10.381521757582856,0.3643682941000802,0.9386003157947275,0.6628030863757358,0.6886670983986753,0.0,0.7658523040370093,0.3791393157725924,low,0
S0012,2025-02-17,7,mid,4,44.078341891785236,0,0,1,0,0,4.349267990007068,0.0,10.292958009819708,0.690615200150827,0.5280338828038271,0.2885662792200264,0.629308901188101,0.0,0.29005071229577517,0.9914150462038034,low,0
S0012,2025-02-18,7,mid,6,53.81319078480868,0,0,3,0,1,3.91470902437438,0.0,5.906055605089342,0.26863155161914287,0.9844160341810665,0.8541964448055595,0.860450605390205,0.0,0.7887742363754299,0.4563482410702475,low,0
S0012,2025-02-19,8,mid,5,38.85653401274075,0,0,5,1,0,9.736669084800875,0.0,12.56814428432654,0.4157889015772531,0.2999914705537111,0.04853345072966897,0.48856187858832834,0.0,0.7460934621942268,0.6707257400787232,low,0
S0012,2025-02-20,8,mid,4,52.13025850432949,0,0,2,1,0,3.7416876277566025,0.0,9.084109072834275,0.0627215909013884,0.3488667217951773,0.8047370647669405,0.837447498667661,0.0,0.8967513646130647,0.9200008347496549,low,0
S0012,2025-02-21,8,mid,6,53.964247219074124,0,0,5,0,1,5.3019914825452,0.0,12.126882042211092,0.12120327737169267,0.18402986468246207,0.9543553453248445,0.4763371713932365,0.0,0.7344050845049861,0.07249859400505454,low,0
S0012,2025-02-22,8,mid,5,54.39087255515996,0,2,3,0,1,6.312232403720541,0.0,12.307645831687148,0.9422611736585611,0.39825640915701155,0.20638674224818077,0.1018252798957715,0.0,0.1107431201911856,0.28885112333163143,low,0
S0012,2025-02-23,8,mid,5,31.959968221633623,0,0,4,0,1,8.065812930823252,0.0,12.433320713359414,0.660386440271344,0.1142946811423835,0.2910788813756463,-0.7409467801992953,0.0,0.8429724020485632,0.7469036553555233,low,0
S0012,2025-02-24,8,mid,5,33.95130413214491,0,3,2,0,0,6.103360464511939,0.0,15.690666243616244,0.5635783427765488,0.7356975053062538,0.2700024811211953,-0.2944630682860885,0.0,0.8716367705200551,0.30886520101215775,low,0
S0012,2025-02-25,8,mid,7,49.174470344108,0,2,4,1,1,7.462705319236337,0.0,9.894474207082359,0.47530367466762,0.7182902739102429,0.33688196447658003,0.249613715466521,0.0,0.4983714454509194,0.36711425653360985,low,0
S0012,2025-02-26,9,mid,4,44.400735023959754,0,1,4,1,0,6.012773494465789,0.0,12.012061512178699,0.46050915990817876,0.4292107795416997,0.8973389655687687,-0.4230832991637432,0.0,0.2490199621067708,0.9391974328257621,low,0
S0012,2025-02-27,9,mid,6,49.71869947876676,0,0,4,0,0,4.151853781971639,0.0,11.425920622089205,0.20144396462968184,0.04203640219042071,0.9703838227924875,0.6143731362344582,0.0,0.3607032029060321,0.4819082714698253,low,0
S0012,2025-02-28,9,mid,6,29.017900907765057,0,1,4,1,0,4.007588248516985,0.0,10.140808895245684,0.6189223562347216,0.055390730020939194,0.6163563235990249,0.37005989853837695,0.0,0.19776762761751843,0.819346148721771,low,0
S0012,2025-03-01,9,mid,6,28.13123048626947,0,1,3,0,0,9.708097499037764,0.0,7.4029871808525485,0.16037346510519312,0.28937810087192783,0.6146247826794156,0.09910674657279528,0.0,0.784363945441166,0.26923317857431617,low,0
S0012,2025-03-02,9,mid,4,54.59273919440474,0,1,2,0,1,4.845429525067409,0.0,17.123398849851977,0.2986839838141343,0.11924491131926118,0.40907603456609554,-0.9429630121774148,0.0,0.2110558892668506,0.43248337587265984,low,0
S0012,2025-03-03,9,mid,5,44.02379304225924,0,1,5,1,0,5.736244450945936,0.0,17.60643825605782,0.034343384353218376,0.6532312688068451,0.1716233518845648,0.8623933604093907,0.0,0.685726951075682,0.7070338880338365,low,0
S0012,2025-03-04,9,mid,6,41.91631186050754,0,2,4,0,0,2.3449850189251387,0.0,8.496468589140894,0.759090961396027,0.7842947047887264,0.9226949839543672,-0.2476697791378446,0.0,0.5062517344973269,0.36312844284607204,low,0
S0012,2025-03-05,10,mid,6,36.67136724845465,0,0,5,0,1,5.328018217706753,0.0,6.060822035813677,0.7049129282441441,0.6789048945276632,0.6121095775008583,-0.7075354957435829,0.0,0.8368248944029983,0.4256215624188153,low,0
S0012,2025-03-06,10,mid,5,44.44207017486137,0,1,3,0,1,3.7927717712378013,0.0,16.119464008658504,0.8881942258481593,0.6944797419533928,0.34871721485701523,0.7681713931529233,0.0,0.6666154568195348,0.6988373557942195,low,0
S0012,2025-03-07,10,mid,5,54.38266809658275,0,2,2,0,1,5.618556770253389,0.0,9.361840249207242,0.9796917464358285,0.6476595856402947,0.9168232920234202,0.2854838008028502,0.0,0.03319648610546988,0.996762584986409,low,0
S0012,2025-03-08,10,mid,6,38.531636958323766,0,0,1,0,0,3.1247063931866927,0.0,13.557003519176195,0.7890901515964134,0.341072159570069,0.25610709160062595,0.75836281178315,0.0,0.5484734211753962,0.28515628874168475,low,0
S0012,2025-03-09,10,mid,6,49.13912778898585,0,0,3,1,0,2.89536275202097,0.0,12.426127389056614,0.6488483286945148,0.6191593727202008,0.8208436635786887,-0.6437348060066004,0.0,0.6996346670013599,0.027370692133702024,low,0
S0012,2025-03-10,10,mid,5,35.77638564221576,0,2,4,1,0,6.887427754451848,0.0,13.039578021841441,0.3819706584166159,0.9114293088382008,0.27732294196107776,-0.5894392867605986,0.0,0.36422393372650386,0.650156220738494,low,0
S0012,2025-03-11,10,mid,6,49.92359124975991,0,2,4,0,1,4.132386825824363,0.0,4.509680533847227,0.12766663498230535,0.8025483033945796,0.5655318769240576,0.8031712524197256,0.0,0.49547156306533335,0.9414256718178797,low,0
S0012,2025-03-12,11,mid,6,54.311262776878394,0,1,5,0,0,8.187047997218965,0.0,11.921520045871278,0.7735191902421031,0.1498162860461033,0.4441590723125003,-0.6462735758121687,0.0,0.6621273488542488,0.15794637242176812,low,0
S0012,2025-03-13,11,mid,5,47.834784755765085,0,0,5,0,1,4.687390479261041,0.0,11.899616768654552,0.4390099911996094,0.7970628832022295,0.0936383274474567,-0.635373352812721,0.0,0.9738402649752147,0.5059173399606947,low,0
S0012,2025-03-14,11,mid,4,43.473489988380244,0,1,2,1,1,1.0220618645083155,0.0,10.09127104012743,0.18048300806813267,0.7500840749486621,0.20445132623253004,0.3752102019875865,0.0,0.3492649058476389,0.5118277606625545,low,0
S0012,2025-03-15,11,mid,7,45.008755862406204,0,1,2,1,0,4.579576116207005,0.0,8.455528310917815,0.23277968443747898,0.264930886222406,0.22126999862588093,-0.6083499022896846,0.0,0.13062396686929179,0.933954131795238,low,0
S0012,2025-03-16,11,mid,5,40.70923349029574,0,0,4,0,1,4.901395511257861,0.0,9.565420622251317,0.5844915422522267,0.3285674185171208,0.02685195403414231,-0.11137746906652923,0.0,0.10590633617477785,0.6191600246627044,low,0
S0012,2025-03-17,11,mid,5,46.07587644074923,0,0,5,0,0,4.192202178271172,0.0,12.567205755928573,0.3681335899811382,0.039132254483859374,0.3268787897653196,0.7767273656025282,0.0,0.02554740112160414,0.40632747304672534,low,0
S0012,2025-03-18,11,mid,5,41.75677959089804,0,0,1,1,0,6.715125364003633,0.0,13.313965211123943,0.33692819319172485,0.11172782735606246,0.28171647533321087,-0.5794095464609867,0.0,0.13627730486931677,0.024496731751618706,low,0
S0012,2025-03-19,12,mid,5,37.943447175803776,0,0,3,1,1,4.806692180763719,0.0,14.838340698091118,0.5377707777946096,0.05954413800249625,0.5555073523270456,0.5826830480392728,0.0,0.5738275735838572,0.2653063701204189,low,0
S0012,2025-03-20,12,mid,4,59.06807528732965,0,1,3,1,0,5.944258014324156,0.0,5.589137868993563,0.38713089327228456,0.03436820590134804,0.4027012862319639,0.8390505590382897,0.0,0.2931118791334606,0.32283238943646897,low,0
S0012,2025-03-21,12,mid,6,38.66200531005942,0,1,1,0,0,5.869795862298781,0.0,14.760687530764956,0.3055311663448841,0.22079801797640086,0.7157440390004672,0.043577634274688304,0.0,0.5205998168029811,0.0737098186722438,low,0
S0012,2025-03-22,12,mid,7,45.49921015141119,0,1,3,0,0,5.590247672605682,0.0,11.375441871404151,0.9652618691653132,0.9600325375819962,0.2256850933452208,0.45070174380084427,0.0,0.5305230913648944,0.21460199521530543,low,0
S0012,2025-03-23,12,mid,5,55.52758219963624,0,2,5,1,1,2.095512908083382,0.0,8.55470181627264,0.8325121685267926,0.6220845058066211,0.03743197745307014,0.6398340387573769,0.0,0.10603775602859145,0.40369643353255924,low,0
S0012,2025-03-24,12,mid,5,45.20369351110326,0,2,3,0,1,4.774878941707643,0.0,13.15765148379502,0.21018510362154375,0.8654158817884438,0.41781880610625366,0.5006248767594395,0.0,0.5480330722215929,0.38187175223450043,low,0
S0012,2025-03-25,12,mid,6,57.83719187733219,0,1,1,0,0,5.974651175171451,0.0,7.882007485407898,0.037232604915937495,0.2594880232378819,0.6954531233884886,-0.48899435152187243,0.0,0.728760464224464,0.9958638754307019,low,0
S0012,2025-03-26,13,mid,5,56.10688129600024,0,1,1,0,0,4.199885132234948,0.0,9.834695650803036,0.36261695158546203,0.12778295457384325,0.121442615728375,-0.4369299197862113,0.0,0.05337549417726084,0.6885121884095631,low,0
S0012,2025-03-27,13,mid,6,28.776793867062345,0,3,3,1,1,6.718790408677757,0.0,9.454446866439902,0.36275516120117657,0.12501082008984366,0.14402035805169955,0.7817152290154255,0.0,0.9880080428479597,0.28893785057171695,low,0
S0012,2025-03-28,13,mid,5,33.398621852306235,0,3,3,1,1,3.924741209028208,0.0,15.338701516785832,0.28775424056232457,0.1522706856722975,0.5278742078895624,0.18850713439983746,0.0,0.568785682654175,0.11654836343355401,low,0
S0012,2025-03-29,13,mid,4,47.57586694132338,0,1,2,0,0,4.333548025275196,0.0,6.654745578774101,0.22992516354556058,0.3379014257750631,0.998174737892465,0.6508288751476214,0.0,0.8839018149601086,0.9370546335657753,low,0
S0012,2025-03-30,13,mid,4,34.95887575241554,0,0,4,0,0,6.481908673342932,0.0,7.049394862161632,0.5530731073672155,0.536811883602784,0.7179213233927192,-0.5856370562111206,0.0,0.15902513076642655,0.6519126067329519,low,0
S0012,2025-03-31,13,mid,5,43.7740877814551,0,1,2,1,0,4.754971520310389,0.0,7.040841786110235,0.1924110378871393,0.8941075983979475,0.9645801858016528,-0.042596636219299766,0.0,0.10401029772814074,0.7852946667226732,low,0
S0013,2025-01-01,1,mid,3,32.83000367205238,0,1,2,0,1,3.4125033339107818,0.0,11.407315509697236,0.39349267111860975,0.05626994421471054,0.4326715339176942,0.5558029889740741,0.0,0.5539720545861272,0.6474421218162031,low,0
S0013,2025-01-02,1,mid,2,40.236463855212406,0,0,3,0,0,5.6133938840596755,0.0,9.955167761736778,0.4396172300088649,0.649580944617839,0.0503629989933958,0.30667984883762167,0.0,0.8514263944150061,0.9424578385332962,low,0
S0013,2025-01-03,1,mid,1,66.91638255054987,0,1,3,1,1,1.5185987872393292,0.0,8.80278838227072,0.14083342765301232,0.6837648247778044,0.3122318396207352,0.8190771398267773,0.0,0.67101247484487,0.6456853251742407,low,0
S0013,2025-01-04,1,mid,2,45.76732859392957,0,3,5,0,1,4.180962153244639,0.0,7.148398290637953,0.5837402252742222,0.870632348731992,0.26867504586489965,-0.757546261319541,0.0,0.5588323175548174,0.17650122251805567,low,0
S0013,2025-01-05,1,mid,1,51.820280576307965,0,0,1,0,0,1.808209150771582,0.0,10.849965159382846,0.8911166744533762,0.10988196973520103,0.0394675630743353,0.20541253881239507,0.0,0.12340716806547647,0.5048908142789611,low,0
S0013,2025-01-06,1,mid,3,47.095895122513156,0,1,1,1,1,3.047148920536803,0.0,12.926007204666279,0.7144961527843495,0.5550852504728198,0.10880739023006558,0.8642601466023274,0.0,0.45231417476347757,0.734447277798688,low,0
S0013,2025-01-07,1,mid,5,45.24479669851911,0,0,5,0,1,4.935638702629486,0.0,10.371204877089266,0.16988158727114788,0.8529330617972212,0.31746674363255534,0.1964037915877177,0.0,0.38989476421299984,0.4023262567586612,low,0
S0013,2025-01-08,2,mid,2,58.46191390156825,0,1,5,1,1,7.859039317051984,0.0,9.090721840924822,0.9234760378183837,0.5993003890163725,0.18710842291725305,0.5643880720929051,0.0,0.9558117431743745,0.580231287059956,low,0
S0013,2025-01-09,2,mid,1,57.63539010796508,0,1,1,0,0,6.855929299798551,0.0,7.377912453450159,0.08273180732100516,0.523372147470971,0.8839691294472977,0.103418568298147,0.0,0.6162528268371014,0.9076392933095441,low,0
S0013,2025-01-10,2,mid,3,55.881780137567134,0,2,2,1,0,2.9701668584018326,0.0,8.202091634128823,0.8130512071433081,0.8448056670360005,0.25861877131047617,-0.3487104461002146,0.0,0.23624696771511466,0.908382547371264,low,0
S0013,2025-01-11,2,mid,5,45.366036565630786,0,1,4,0,0,4.281418320869964,0.0,9.227826175606742,0.6822006059331945,0.4407064424097361,0.7965909363976443,0.7228898691315764,0.0,0.8459888773872315,0.3130092191968933,low,0
S0013,2025-01-12,2,mid,5,45.809510223963905,0,0,2,0,0,6.067252849632951,0.0,5.636315784265827,0.8838572635999593,0.9106777399183047,0.9587846047250311,0.5465223041599772,0.0,0.905987906258915,0.23453087198527423,low,0
S0013,2025-01-13,2,mid,3,46.546485432366254,0,0,1,1,0,1.7926458364337918,0.0,12.460257245076741,0.8893277820194403,0.7651696096585132,0.36970272200928533,-0.6657936721827726,0.0,0.011497972397297773,0.6211344506719487,low,0
S0013,2025-01-14,2,mid,1,36.52551815100567,0,2,4,0,1,5.038734654974626,0.0,11.74819167498269,0.9830164307061484,0.057997572472708425,0.5835295488659132,-0.3013459280481776,0.0,0.8434824928142858,0.3612227352342863,low,0
S0013,2025-01-15,3,mid,3,40.689298590576705,0,1,2,0,0,4.443727079351233,0.0,12.92102051990199,0.17949462724264809,0.0034461437768696923,0.3301810231528798,-0.24304989854525694,0.0,0.9451175288873361,0.20607025242062282,low,0
S0013,2025-01-16,3,mid,2,44.28963158787218,0,2,2,1,0,2.8122087163742293,0.0,9.613665096339725,0.5233484944191521,0.7346220404322331,0.5533427748141682,-0.5095608432252481,0.0,0.3537959854689051,0.6385727377056324,low,0
S0013,2025-01-17,3,mid,1,47.58348477603965,0,2,4,1,1,5.8897164411966445,0.0,9.885216152607532,0.04550423779029611,0.9509681864523993,0.5819372139940333,0.5914554299396766,0.0,0.4303926180160754,0.45383788125698044,low,0
S0013,2025-01-18,3,mid,2,38.74892579306347,0,2,5,1,1,1.805876810556755,0.0,14.07914742728929,0.5057833001200495,0.6504382637665866,0.9562716008076872,0.5296747942055047,0.0,0.4052567805721077,0.7482753743972568,low,0
S0013,2025-01-19,3,mid,2,51.51273198226278,0,1,4,0,1,6.307785220542049,0.0,5.418637613992733,0.44393364970311255,0.5969602868455279,0.29087973224421937,0.4309019272982477,0.0,0.8059293661594655,0.25991647385772365,low,0
S0013,2025-01-20,3,mid,4,32.28715750885898,0,2,5,1,0,3.657352384686044,0.0,8.561075783819115,0.6925773793969057,0.09318878597231284,0.9377922867867816,0.6533726073429027,0.0,0.8575057399572561,0.9066688146151902,low,0
S0013,2025-01-21,3,mid,4,42.06004791396431,0,0,4,0,0,2.3427207032238146,0.0,12.499532923418318,0.12325370813805903,0.14972556414619032,0.7826629268961081,0.17622010662591592,0.0,0.38075829071818335,0.33290084618688,low,0
S0013,2025-01-22,4,mid,3,70.49535934486057,0,2,2,1,1,4.074741446814219,0.0,11.365527009606474,0.08220158948193368,0.3283577851330193,0.42437676701387816,0.08531856427313533,0.0,0.37242369617500704,0.7899117002228051,low,0
S0013,2025-01-23,4,mid,2,39.72636662279891,0,1,2,1,1,2.026863547480137,0.0,10.074442993949525,0.0746241214191029,0.6174519819443163,0.951967622303403,-0.3785915625641658,0.0,0.5806458003599504,0.9536033677507945,low,0
S0013,2025-01-24,4,mid,4,56.58262295580034,0,0,2,0,1,7.156852388945893,0.0,7.006726652021936,0.6120470796577556,0.4271811624083718,0.23902563680366917,-0.2619706013081091,0.0,0.5921072134710428,0.35075321474935495,low,0
S0013,2025-01-25,4,mid,2,42.462902649336016,0,2,3,0,1,6.060150675198768,0.0,5.323849402921589,0.2409520426369428,0.4464452722039066,0.12270569933730702,-0.9253989042770436,0.0,0.3205873059917339,0.2745717506497415,low,0
S0013,2025-01-26,4,mid,3,44.03909824002597,0,1,3,1,0,7.310982089754873,0.0,11.511002616346586,0.8355746895770949,0.5779071425018961,0.017495547486169105,0.9474258032834701,0.0,0.4721967027581214,0.3935958952735982,low,0
S0013,2025-01-27,4,mid,1,26.157108137014905,0,0,4,1,1,5.502662520916986,0.0,10.025563218215176,0.054621536489038225,0.4910448217723773,0.09141654911451769,-0.6804288757728592,0.0,0.38303835041826184,0.1555400915004873,high,1
S0013,2025-01-28,4,mid,4,31.033750341630494,0,2,3,0,0,2.615960433646056,0.0,9.492972909816666,0.7379863822751617,0.919934731781395,0.04193801430256716,-0.20883577616780657,0.0,0.9968149760709497,0.7326719700006685,low,0
S0013,2025-01-29,5,mid,2,40.654575945824114,0,0,5,0,0,5.0139698325118776,0.0,8.091404676393614,0.6985982867270393,0.5429465845718413,0.6666474656992775,0.6357481271809451,0.0,0.3743370629601962,0.8486686756187097,low,0
S0013,2025-01-30,5,mid,2,37.52214895634018,0,0,1,0,0,5.614658332562749,0.0,16.428122894447256,0.6079200584648798,0.38244370505416037,0.9874566169600774,0.4100425189937176,0.0,0.29100679437916466,0.05776629897206842,low,0
S0013,2025-01-31,5,mid,2,30.4994845848506,0,0,1,0,0,0.7262037412757163,0.0,10.967681487992659,0.5258929685789998,0.23212860210310593,0.04761237842748811,0.14513090779537774,0.0,0.33585431586083214,0.18194140174843365,low,0
S0013,2025-02-01,5,mid,2,43.68295154065388,0,3,4,0,1,2.8930629200092715,0.0,10.862884184786678,0.6480871121084563,0.863067996253491,0.29314051025807053,-0.09958676776976105,0.0,0.22831042562517812,0.3612617290703949,low,0
S0013,2025-02-02,5,mid,4,41.01516142538907,0,0,4,0,1,5.977657116404029,0.0,13.187966900829101,0.2899583218037868,0.8453351220226424,0.49329358056269235,-0.003296217379078925,0.0,0.9765873392003843,0.9471165032363784,low,0
S0013,2025-02-03,5,mid,2,41.27865458658652,0,0,5,0,0,6.219818245309288,0.0,9.566536475666712,0.8713573412322078,0.511442833917623,0.5652263811708307,-0.988133006507887,0.0,0.2155011558337655,0.024774126934383744,low,0
S0013,2025-02-04,5,mid,2,49.30739933981851,0,2,2,0,1,5.577611106664714,0.0,11.590453789550809,0.3485466516033776,0.5873835952686471,0.3107616953724214,0.9982991335573177,0.0,0.7488391884618512,0.6143816397567536,low,0
S0013,2025-02-05,6,mid,4,32.739324735535654,0,0,2,1,1,5.393491601798906,0.0,13.770922722711369,0.9844609579738653,0.7188190436735273,0.08439074657019108,-0.21007914477930245,0.0,0.5172754026732665,0.8390136031598019,low,0
S0013,2025-02-06,6,mid,2,58.89045986735623,0,2,4,1,0,6.308711381192435,0.0,13.386870205548842,0.6832083095475865,0.48155339712726,0.6670015326808647,-0.8404059068810852,0.0,0.8515511170493673,0.05554723348764601,low,0
S0013,2025-02-07,6,mid,3,33.780318800505846,0,1,4,1,1,2.1827984700144727,0.0,10.03195055001917,0.7300109887745778,0.8014530278240474,0.6487931155871676,-0.3522079444578974,0.0,0.9267924944093012,0.4553583879951243,low,0
S0013,2025-02-08,6,mid,2,29.562623126798723,0,2,2,0,1,6.57194819773092,0.0,11.766495854625843,0.03218440321540217,0.04773378967875608,0.7893829606886293,0.06615764464926377,0.0,0.5781406737621203,0.052586860214377085,low,0
S0013,2025-02-09,6,mid,3,31.78790768143871,0,3,2,1,1,4.548880510611153,0.0,13.647652564400788,0.003124349647371627,0.874771362503336,0.8769210069103045,0.6128333480375818,0.0,0.2483184830248425,0.3727527200671731,low,0
S0013,2025-02-10,6,mid,2,61.86846685252164,0,0,5,1,1,5.933803204953834,0.0,7.837818612550302,0.4780183066595389,0.7486016595521597,0.6611132411443931,-0.12166561889134808,0.0,0.3539108246830671,0.7543592543561255,low,0
S0013,2025-02-11,6,mid,4,38.44155862619059,0,2,3,1,0,7.620389712108601,0.0,12.593754375255314,0.5492200998868637,0.3844287330673829,0.6481179230208346,0.8165772469746577,0.0,0.41668038043143796,0.31441002637379534,low,0
S0013,2025-02-12,7,mid,1,24.849915604929095,0,0,4,1,1,2.7327144940286265,0.0,11.023913780879154,0.5487012556062363,0.8575465899368448,0.5141705467076019,0.36699323419617036,0.0,0.07524801767793288,0.449005579247043,high,1
S0013,2025-02-13,7,mid,3,36.7322404918555,0,0,4,1,0,10.309467794834443,0.0,10.628139858368925,0.0666655512758233,0.6514591857160702,0.4888757607534946,0.07381601582846953,0.0,0.8327966737677948,0.34222644530486657,low,0
S0013,2025-02-14,7,mid,3,32.26964105152547,0,3,4,0,0,5.072441140930533,0.0,7.825291221220082,0.8174476505069532,0.20644269212906896,0.5274410455577785,-0.5919827269784659,0.0,0.12068846784624043,0.5109967919343424,low,0
S0013,2025-02-15,7,mid,3,37.38446824573789,0,0,4,0,1,4.473565971200804,0.0,11.474882092669699,0.8988790405793248,0.7735068488009461,0.87120103629169,-0.5719206164600685,0.0,0.5956934958135682,0.09358913207242259,low,0
S0013,2025-02-16,7,mid,2,35.06336918449091,0,1,5,1,1,3.588874402090377,0.0,9.375924331092756,0.7689678431033737,0.14131497340275678,0.8847569102624576,0.06044397318305217,0.0,0.9484728194553961,0.2903609128081953,low,0
S0013,2025-02-17,7,mid,4,40.61164501412366,0,1,1,0,0,3.086346236030166,0.0,13.946122728202116,0.10133548413259696,0.38666455680200384,0.8802156244855679,0.96106774257728,0.0,0.3927998571004826,0.8864163878063751,low,0
S0013,2025-02-18,7,mid,4,45.81157652073183,0,0,5,0,0,6.364978418521273,0.0,10.869353435974666,0.015945686453310848,0.85304066211651,0.5210021729483569,0.24260417834419767,0.0,0.09137144056141477,0.43261493287204567,low,0
S0013,2025-02-19,8,mid,2,36.74230904531842,0,2,3,0,0,3.112905807034101,0.0,7.033755390013043,0.6543493461623232,0.8718355763999104,0.9698094891763537,-0.3173307983375635,0.0,0.7965536231013203,0.8515308052874937,low,0
S0013,2025-02-20,8,mid,1,57.166970151707815,0,1,2,0,0,3.438390096842013,0.0,8.535178825909936,0.4490879571685771,0.3558303786676609,0.6822263767059911,0.9328696201686393,0.0,0.36300144998256145,0.062224172652242005,low,0
S0013,2025-02-21,8,mid,3,48.62450868625611,0,1,2,0,1,1.0732827134689589,0.0,8.27407417479462,0.9576564743886975,0.8225837321614322,0.6615820213755933,-0.6742834167243446,0.0,0.7343234082185247,0.727012454699724,low,0
S0013,2025-02-22,8,mid,3,43.664742645475116,0,0,3,0,1,4.04384019326017,0.0,6.990654431881402,0.16439902272030937,0.2841628057048742,0.742985323370604,-0.04495192815742555,0.0,0.37504129449490187,0.3687240052757931,low,0
S0013,2025-02-23,8,mid,2,31.37077449647505,0,1,4,1,1,6.182116040523258,0.0,14.027781781527535,0.8200641195433708,0.6006779229552052,0.9628366332428061,0.2538636618597152,0.0,0.7846041253444681,0.8775817725333673,low,0
S0013,2025-02-24,8,mid,3,63.20983768908661,0,0,2,1,0,5.441213845917764,0.0,9.49392689505362,0.9116830043297359,0.6078796438735548,0.7661763994699113,0.47986250294081634,0.0,0.661821597989107,0.8272769548719391,low,0
S0013,2025-02-25,8,mid,3,64.42961434844483,0,0,3,0,0,11.63516598159727,0.0,12.233404519011273,0.03992765880517124,0.8258554208594521,0.49472349810289573,-0.30671250671894246,0.0,0.31885377061487585,0.8614071815541813,low,0
S0013,2025-02-26,9,mid,2,40.92255387698739,0,0,5,1,1,2.896904883319678,0.0,7.066736796873855,0.889964607500909,0.9671211782547475,0.07043998597026035,-0.057410342933366554,0.0,0.5483319985297957,0.0929116613297033,low,0
S0013,2025-02-27,9,mid,1,34.92037765086362,0,1,4,1,0,7.894801996699757,0.0,17.11396542426354,0.5910239881953218,0.3475338626603488,0.0058969400367867575,-0.9299366941187663,0.0,0.6638264614225129,0.5232580481554814,low,0
S0013,2025-02-28,9,mid,2,53.98283800550374,0,1,1,0,0,4.300259193354124,0.0,8.06634120432703,0.9688424070983915,0.31942209871420446,0.09325486978537079,0.41510671183863956,0.0,0.7340042545436842,0.2854577202871508,low,0
S0013,2025-03-01,9,mid,2,26.319371586923793,0,0,2,0,0,6.1556645772798495,0.0,13.250323910043655,0.3248748670992887,0.51631656166117,0.444829257597959,-0.3222362275026516,0.0,0.8481362893031782,0.4835070745776653,low,0
S0013,2025-03-02,9,mid,3,71.17273338971958,0,1,5,1,1,3.1617953409805946,0.0,11.690343726370234,0.09105385030946445,0.2511002237065345,0.28492980552511427,0.29441826898982004,0.0,0.1608833677420589,0.9303069129868882,low,0
S0013,2025-03-03,9,mid,2,74.29520224648071,0,1,5,0,1,4.218223465655223,0.0,10.609828663172388,0.22420981220884317,0.6736624198934342,0.8947018610241837,-0.9341628264720925,0.0,0.812451131720594,0.5618138803383087,low,0
S0013,2025-03-04,9,mid,3,45.57754146667228,0,2,4,0,0,5.7621304794047035,0.0,11.095390936971882,0.7267000841845227,0.3527450125170921,0.8212544498888422,0.07954904048576394,0.0,0.30431027647992326,0.4372767691143904,low,0
S0013,2025-03-05,10,mid,4,52.403964666486225,0,2,1,1,0,5.279324255372991,0.0,10.165912555915666,0.30057710805402216,0.8614479214043481,0.9336575454082716,0.4941724187896501,0.0,0.23132831230695827,0.3340007188265939,low,0
S0013,2025-03-06,10,mid,3,55.07763075651563,0,0,4,0,1,3.900488540166549,0.0,9.842254953503861,0.034865906317025575,0.09058800212066576,0.353081157400866,-0.9876340980725411,0.0,0.4939872654301404,0.3606696643093027,low,0
S0013,2025-03-07,10,mid,4,49.31955030489656,0,0,2,0,0,3.1977198975962597,0.0,7.824143563668711,0.5273935140878472,0.16982034589573458,0.8004100633251034,-0.031263697314684036,0.0,0.5738627739626502,0.14738326759734854,low,0
S0013,2025-03-08,10,mid,2,27.82859896932459,0,2,1,1,0,5.318429412183847,0.0,11.063415757093741,0.050832664213348644,0.29298853726260643,0.05021596492080693,0.660033340749572,0.0,0.9062964019071609,0.11227960583907437,low,0
S0013,2025-03-09,10,mid,3,43.98623680925404,0,0,3,0,0,3.7350972120982684,0.0,6.082000282794311,0.14730134571189302,0.5057654423348055,0.4557274006802463,0.9943256285589137,0.0,0.6112086528155425,0.7864448231944233,low,0
S0013,2025-03-10,10,mid,3,40.104051175512275,0,2,2,0,1,2.9381787456310398,0.0,11.133542768848312,0.17245408644846083,0.5698284802728454,0.3565657573377936,0.5485334883754274,0.0,0.5458064856189166,0.4333338755249413,low,0
S0013,2025-03-11,10,mid,2,49.34470600027355,0,1,2,0,0,7.158022724827073,0.0,7.681874019607057,0.832486774619645,0.97529953864988,0.6420135846752412,-0.07694208291989657,0.0,0.3052643016074359,0.2223182092142263,low,0
S0013,2025-03-12,11,mid,2,31.419899409584943,0,1,3,1,1,2.9326210565795634,0.0,6.855575973428665,0.11764622781423506,0.40479159432053424,0.2840286682027823,-0.9478888944098598,0.0,0.8857207804211108,0.8860190180435904,low,0
S0013,2025-03-13,11,mid,2,40.550353831741106,0,1,1,1,0,8.371873107914663,0.0,9.329224660288396,0.8325044000323545,0.7507896749485081,0.14386574280684383,0.24411901856421614,0.0,0.08032310568953338,0.6946222874404765,low,0
S0013,2025-03-14,11,mid,2,41.88630758729006,0,2,4,1,0,5.883201719666469,0.0,8.814121669418649,0.17033163436986953,0.5618546838793986,0.07732024467218734,0.8990427523572004,0.0,0.6033139044459218,0.9031525112022932,low,0
S0013,2025-03-15,11,mid,4,40.930495841727364,0,2,3,0,0,5.704575764943311,0.0,8.207231758283115,0.5570068206893427,0.5259508645456058,0.25286730032814053,-0.6907849265259167,0.0,0.2065479697688959,0.40027700741448013,low,0
S0013,2025-03-16,11,mid,2,53.57227976652172,0,1,1,1,0,5.723815672721976,0.0,6.332911578987238,0.4266253734763945,0.33482785155535066,0.5656334514375047,0.5647661864471005,0.0,0.023052783445210112,0.9694001125661867,low,0
S0013,2025-03-17,11,mid,3,52.38566039202061,0,1,4,1,0,7.192866256809686,0.0,11.698484068605401,0.6381394884910242,0.06480982565386251,0.34217298268684015,0.97863236701842,0.0,0.19651028880791876,0.5867290784146886,low,0
S0013,2025-03-18,11,mid,3,56.409445323532864,0,1,3,1,0,4.189593198265665,0.0,14.73448745408079,0.10996482813170616,0.266716486167321,0.25971110406633013,-0.02644129839691267,0.0,0.46097978669335715,0.4334082173718403,low,0
S0013,2025-03-19,12,mid,3,44.973230941899914,0,0,2,1,1,2.1753937115063735,0.0,9.528301833077727,0.5581922352997577,0.2650117864836675,0.03678891671883078,0.6305421829456399,0.0,0.1282551121204175,0.3680387991169056,low,0
S0013,2025-03-20,12,mid,0,36.06134444667519,0,2,3,0,1,6.258359715749109,0.0,5.1127201341080415,0.5954499314692966,0.7771529082294736,0.5059262544921704,0.01880373906194066,0.0,0.7253105755407004,0.4986244632662835,low,0
S0013,2025-03-21,12,mid,3,47.31107168513459,0,1,3,0,0,5.584446457051967,0.0,8.758040658625239,0.8659659535008205,0.9447367902839263,0.6644769629063916,-0.035970214215391705,0.0,0.3522810807057991,0.4909250939863308,low,0
S0013,2025-03-22,12,mid,2,34.04730927923486,0,1,5,0,0,6.8150646015853935,0.0,13.270732850974195,0.7923509643549305,0.25669854646456525,0.44433516708296994,0.3182270432430949,0.0,0.4397685038881436,0.6973257703179158,low,0
S0013,2025-03-23,12,mid,2,47.96200443354838,0,3,1,0,1,5.197738178263671,0.0,10.355108638395087,0.6295699611705368,0.7164869356023688,0.042802636068106636,0.48798343875933736,0.0,0.4861646884536487,0.3177475645481276,low,0
S0013,2025-03-24,12,mid,2,31.649476800584708,0,1,2,1,0,4.368072097294603,0.0,3.340032737330871,0.9656889165603693,0.2421721230472771,0.7212540974297396,0.5102355786108344,0.0,0.22099815752363516,0.5009968366121956,low,0
S0013,2025-03-25,12,mid,4,38.33736613639209,0,1,1,0,1,6.124184524165235,0.0,11.170516578640255,0.8786215968075725,0.7836735930196038,0.40801416699826876,0.9636160454356539,0.0,0.3795936438224399,0.6386253991024257,low,0
S0013,2025-03-26,13,mid,4,53.22342298687552,0,0,3,1,1,2.577277732100936,0.0,12.99983302993309,0.4896900421608815,0.11043437130871647,0.4715870664591526,-0.5123522947991903,0.0,0.34909698649408205,0.1626004084036986,low,0
S0013,2025-03-27,13,mid,3,53.27224806873748,0,1,4,1,1,3.879594615319543,0.0,7.358778092240798,0.9757893363441147,0.3711929866485244,0.022561650757327634,-0.7047130147256824,0.0,0.026338701748552018,0.9899231424207284,low,0
S0013,2025-03-28,13,mid,3,43.02709910879931,0,2,3,1,1,6.225725480496683,0.0,12.25074491015771,0.7471901211056694,0.9572356114840272,0.48661709230199235,0.3483360811133094,0.0,0.8238773636258041,0.4795364450430264,low,0
S0013,2025-03-29,13,mid,1,42.95362018327247,0,2,1,1,0,5.024936875572782,0.0,9.361130316776286,0.4174928523515995,0.7960367599017643,0.5426540563071215,0.873412086764451,0.0,0.19614079886099856,0.9901503403850398,low,0
S0013,2025-03-30,13,mid,3,31.280507277155216,0,1,1,1,1,9.615376455470901,0.0,7.768900249284449,0.4218583923674969,0.01912635062373036,0.9855193569028654,-0.2657684653189294,0.0,0.7785771869332669,0.32564649218745323,low,0
S0013,2025-03-31,13,mid,0,39.689408296213244,0,0,4,0,1,5.663443893246576,0.0,12.035822977210572,0.14542285909543984,0.5911550046227392,0.8922308599488715,0.4000680819297109,0.0,0.14868439235669673,0.8678324967344967,low,0
S0014,2025-01-01,1,mid,4,25.918876083506916,0,1,4,1,1,5.7209113548616095,0.0,13.842560809308758,0.6349140441376434,0.5192492375848865,0.8197931441705587,0.7607574503723484,0.0,0.8497407281453753,0.812132105803039,low,0
S0014,2025-01-02,1,mid,5,32.67748004925097,0,1,4,1,1,3.5604823105462304,0.0,9.495757046785553,0.5452110788174002,0.6697458074256392,0.9412216350952906,0.4786723917920017,0.0,0.5411029164541511,0.9326170171703337,low,0
S0014,2025-01-03,1,mid,7,35.50361254909243,0,1,2,0,0,3.832998323670501,0.0,11.650322180345343,0.7314871318934572,0.9554116940790295,0.9068121500964483,0.5787521547550178,0.0,0.7123266860413382,0.23513830801977031,low,0
S0014,2025-01-04,1,mid,6,58.21166559595089,0,1,1,0,0,2.9637627860618463,0.0,7.535028216220397,0.6018068922988716,0.13079911144135992,0.5825328304878139,-0.8222970298571384,0.0,0.4905838796045088,0.6204143747135337,low,0
S0014,2025-01-05,1,mid,3,30.466555351899892,0,1,2,0,0,4.697401920460585,0.0,10.770055692674436,0.3552355173305026,0.1539609941044262,0.6907228942289688,0.9203768600198505,0.0,0.6409522198481755,0.6170765300062263,low,0
S0014,2025-01-06,1,mid,4,46.11268519167489,0,2,1,0,0,6.2696102642364275,0.0,10.8489604289368,0.8974631502474468,0.05315408543707967,0.6094464071756721,-0.7506570896635965,0.0,0.07846861174405473,0.44827714583073053,low,0
S0014,2025-01-07,1,mid,5,40.138026572727135,0,2,2,0,1,3.2161614676906547,0.0,13.471996887020651,0.2653240700646672,0.6523192015535509,0.5590108925968418,-0.27517871637339675,0.0,0.6414874708055881,0.2712215203841182,low,0
S0014,2025-01-08,2,mid,4,51.94999668887765,0,0,1,1,1,4.803937857440424,0.0,9.756787776975926,0.8383990884866921,0.776598482196688,0.32725737369966423,0.3163948164267334,0.0,0.1241601865478108,0.5070476590476781,low,0
S0014,2025-01-09,2,mid,4,42.738247123192394,0,0,4,0,0,2.20267618975426,0.0,14.219629441530024,0.7345201578474331,0.494885641104835,0.018066635095864148,0.21716319575129028,0.0,0.8304595904293615,0.23680177006045067,low,0
S0014,2025-01-10,2,mid,5,31.659653711814897,0,1,2,0,0,3.7110484595692346,0.0,7.548889207051606,0.7005988109481615,0.951733109024426,0.7098826887763147,-0.11019990035892402,0.0,0.1690013464265031,0.46100984883962115,low,0
S0014,2025-01-11,2,mid,3,55.22476127586064,0,1,3,1,1,4.9079125312565814,0.0,6.080402075013399,0.8226534590503691,0.27872700672712414,0.522643433131149,-0.31007583048153564,0.0,0.10480398953958903,0.9582984830713006,low,0
S0014,2025-01-12,2,mid,4,57.99918978061812,0,1,1,1,1,4.167709566976544,0.0,11.360680090793766,0.7094027697193312,0.061406583141121684,0.9189347431104973,-0.8378501677054024,0.0,0.9142313763441625,0.4908072494527028,low,0
S0014,2025-01-13,2,mid,5,44.51791614357439,0,2,4,0,0,5.891029074128365,0.0,8.223479639694233,0.6806985960805767,0.5429333873929625,0.810587344410973,0.2965520488540794,0.0,0.8770469246077496,0.38106214678556605,low,0
S0014,2025-01-14,2,mid,6,47.45448620854582,0,0,3,0,0,8.10670939811179,0.0,10.119398362348049,0.7056459363630133,0.11890301767799338,0.5911847871160733,0.9382330618814771,0.0,0.15676943733500226,0.8529070877254149,low,0
S0014,2025-01-15,3,mid,5,52.36227445165127,0,0,1,1,0,5.388345756302162,0.0,10.712616590781323,0.5678213805004708,0.9987232545377139,0.9530520722016411,0.31021794142941284,0.0,0.46457456704025346,0.1521707161131296,low,0
S0014,2025-01-16,3,mid,3,45.55967086098187,0,2,3,1,0,6.268161873505952,0.0,11.222191532933111,0.536349627899556,0.2890497329457792,0.35131554525317554,-0.314221340807888,0.0,0.32667810380951223,0.2429096718216498,low,0
S0014,2025-01-17,3,mid,5,47.26592126177998,0,0,2,1,0,4.253126951198315,0.0,7.418039565559926,0.514235482853053,0.8520516838450082,0.641743254225175,-0.6479343978399985,0.0,0.15870271235833644,0.4123342156333225,low,0
S0014,2025-01-18,3,mid,5,43.41903497637489,0,1,4,1,1,1.0502099378612009,0.0,8.262166081161421,0.30360504708709235,0.410902058988588,0.023089622682200828,0.33705027689222744,0.0,0.8451056409802619,0.3546270944431186,low,0
S0014,2025-01-19,3,mid,4,41.23996842937026,0,1,4,0,0,2.821420488418675,0.0,6.787130430528822,0.48357729114805914,0.4045986661677845,0.37115304628017465,0.25394381761220663,0.0,0.011492469633537561,0.7633396360332768,low,0
S0014,2025-01-20,3,mid,5,50.29103961672946,0,3,4,1,0,7.44927746243035,0.0,8.84956594322834,0.7083729960227263,0.8287442657284769,0.2856586695828828,-0.6297825391443095,0.0,0.9719056826516705,0.7173277870408695,low,0
S0014,2025-01-21,3,mid,6,37.24517351315586,0,0,1,0,1,5.027300082540126,0.0,10.317507993029201,0.8244615590929387,0.7251352229107911,0.8528053137029477,-0.6523980909228642,0.0,0.22255370972767097,0.4874111778902902,low,0
S0014,2025-01-22,4,mid,4,49.130473550179595,0,1,3,0,0,9.300621586662423,0.0,6.985885417879612,0.3185630981259896,0.7724077221232417,0.9714770702702739,0.8868547325005665,0.0,0.2659825393799419,0.226338278437486,low,0
S0014,2025-01-23,4,mid,4,50.7997217103361,0,0,2,0,0,7.061499331393646,0.0,11.715661100164406,0.9080744025295909,0.8136115153461169,0.9739238788871947,-0.1834963916697292,0.0,0.3311657542220343,0.028184052345116895,low,0
S0014,2025-01-24,4,mid,7,38.28129595474899,0,1,3,0,1,3.562914586441919,0.0,15.496358822731903,0.11468124237867017,0.7142634628218487,0.2177626185490178,-0.6467531479508171,0.0,0.3583229285893832,0.6532902447594835,low,0
S0014,2025-01-25,4,mid,4,39.38339443074574,0,0,2,1,1,2.2567658219135818,0.0,9.038963458513727,0.5556640731487861,0.21890616259131657,0.20602199968160784,0.09146265478126536,0.0,0.39104229218946907,0.5729932782532223,low,0
S0014,2025-01-26,4,mid,6,58.74468873431104,0,2,2,1,0,3.242370841923761,0.0,9.7636845117493,0.9965614195138568,0.5515306529322829,0.7004774696901418,-0.1865152256173772,0.0,0.5477157081792359,0.9425777318928872,low,0
S0014,2025-01-27,4,mid,4,36.66431548497461,0,0,3,0,1,5.375226742833656,0.0,12.868273189549667,0.639696378366561,0.4076710895171374,0.674760833716514,-0.2088441706077524,0.0,0.47661963815144837,0.10291174262282488,low,0
S0014,2025-01-28,4,mid,4,31.33195604887516,0,0,3,0,1,6.802223562124343,0.0,8.164696413421842,0.4814629176373849,0.6548480623891278,0.18927350016787547,0.06701532503297347,0.0,0.3179760494466215,0.5264136103948782,low,0
S0014,2025-01-29,5,mid,5,52.24428176235412,0,0,3,1,1,6.389465709785484,0.0,10.146961610559828,0.5726172453143344,0.9238344364233642,0.3930387859948754,0.2667026745775414,0.0,0.8938899739469642,0.5879873116091384,low,0
S0014,2025-01-30,5,mid,6,52.925750927467966,0,1,5,0,0,2.3616098944644013,0.0,4.2056431327113355,0.5785600551991199,0.4629373335771835,0.16860169123755242,-0.9628889218602792,0.0,0.6098116579787016,0.9208065870078121,low,0
S0014,2025-01-31,5,mid,4,42.52607060052564,0,1,4,1,0,5.82790036561448,0.0,11.590089777590219,0.2637341869450325,0.3242341263740829,0.31027783577566026,0.29561759604382254,0.0,0.06121150698897937,0.4894015852637269,low,0
S0014,2025-02-01,5,mid,5,42.46947918668141,0,1,3,0,1,4.0984310138130695,0.0,16.258792302424244,0.9644592682795124,0.8790319718764711,0.6444304935146186,-0.25639800456542416,0.0,0.6180222786815124,0.5754409265306654,low,0
S0014,2025-02-02,5,mid,3,36.3116851211029,0,1,3,0,1,5.188461294608368,0.0,11.299384682267016,0.8132531573450205,0.65016918158767,0.5700377887853492,0.40723798804337563,0.0,0.3202586645129828,0.9242715234919127,low,0
S0014,2025-02-03,5,mid,4,37.74177570398693,0,0,4,1,0,6.184249249490697,0.0,3.5910048650920494,0.7967728605698454,0.8424308021504471,0.4012299996116918,-0.1403085125872996,0.0,0.14817773032947368,0.047547608881163494,low,0
S0014,2025-02-04,5,mid,4,46.82973360305262,0,2,1,0,0,7.748271648300219,0.0,9.156930408171837,0.4619192934106374,0.14869931829754823,0.7238286818229451,-0.6264631674599823,0.0,0.7385498743701094,0.4793522892158333,low,0
S0014,2025-02-05,6,mid,6,43.46919495518597,0,1,1,1,0,5.067913770330336,0.0,8.915697410949063,0.7278256691739439,0.6218560854845758,0.7605322021044364,0.4513836978294916,0.0,0.6920306951531133,0.8215398609256521,low,0
S0014,2025-02-06,6,mid,3,62.009715194165,0,1,1,1,1,6.10162567036701,0.0,9.394161793740944,0.5785117924094454,0.17896181713500103,0.6636951389123827,0.9815243110787593,0.0,0.8234535644704001,0.7457411365514027,low,0
S0014,2025-02-07,6,mid,5,42.28884851638091,0,2,4,0,0,4.532493159975744,0.0,8.877768224808749,0.27282838491429795,0.9782485938889842,0.6742915055672372,0.8633619912419319,0.0,0.8349950222048218,0.5785984906780975,low,0
S0014,2025-02-08,6,mid,6,59.957400275269386,0,1,2,0,0,8.731454711936914,0.0,9.032353869320136,0.737025905790354,0.6622475475214803,0.5471151083286355,0.7632959091496212,0.0,0.44892670926889444,0.06110295648660358,low,0
S0014,2025-02-09,6,mid,5,54.08222524091729,0,1,4,1,1,5.295084812862473,0.0,12.508518779402937,0.4803975881875302,0.10649631700445106,0.8394715423230991,0.49028309684095706,0.0,0.0588766030154122,0.20941458959528536,low,0
S0014,2025-02-10,6,mid,6,50.786784460502375,0,0,4,0,1,8.016165700288042,0.0,11.53424576506564,0.2026719063073047,0.6675288182241695,0.6497328487573907,0.8024174716832249,0.0,0.8307927228390741,0.9384664626177631,low,0
S0014,2025-02-11,6,mid,3,59.24283414273857,0,0,1,0,1,4.979009007803976,0.0,4.5216954393498465,0.9345311515910517,0.14980962742445547,0.41983063854722025,0.8232157139149778,0.0,0.3491192701442519,0.7680814070435371,low,0
S0014,2025-02-12,7,mid,6,40.509690971410755,0,2,4,0,0,3.9356769730371006,0.0,10.113028614125763,0.9508410342291114,0.2753756814749446,0.01618466893189119,-0.8471119820994351,0.0,0.580194903247977,0.13778552067509686,low,0
S0014,2025-02-13,7,mid,4,40.51409378549938,0,1,1,0,0,5.044198647101871,0.0,6.282930219070411,0.0852140869017709,0.04651849634506866,0.5198353671551348,-0.5042060544982487,0.0,0.09537380789802752,0.4239125874876323,low,0
S0014,2025-02-14,7,mid,5,49.23932311613548,0,4,4,1,0,5.897633282801051,0.0,6.29520110312118,0.8106198662793589,0.5858923457197281,0.7880350458020972,0.4622159214363337,0.0,0.23765781152713805,0.4358128411091541,low,0
S0014,2025-02-15,7,mid,4,41.702635499107046,0,2,1,1,1,7.195325623193202,0.0,5.6018209888051915,0.6601194442631304,0.7337360117263562,0.8971304663109364,-0.13487100146313713,0.0,0.16643207666245707,0.3189257154318894,low,0
S0014,2025-02-16,7,mid,6,39.58818845466539,0,0,2,0,1,8.0533691550517,0.0,8.585542501658683,0.7414399520442692,0.04006056326058294,0.67624681206184,0.2817447549054253,0.0,0.9637791364163035,0.9666226101597636,low,0
S0014,2025-02-17,7,mid,6,27.4006918959283,0,0,1,0,0,3.4212952681948456,0.0,5.684719843673788,0.6601879974978584,0.3299300208424748,0.8771587082700529,-0.7848425945722746,0.0,0.03798222096019521,0.2084862067427895,low,0
S0014,2025-02-18,7,mid,4,41.61091454324166,0,0,3,1,1,2.907413877961532,0.0,9.486425246824199,0.46433265261803425,0.16439930517526047,0.7306636217260566,0.9472967322872459,0.0,0.46957704842569614,0.6323683319146128,low,0
S0014,2025-02-19,8,mid,3,42.9242162187032,0,1,4,1,0,4.7889501224580915,0.0,9.195902238017169,0.5718757164709517,0.7214695378714872,0.5503364977619415,0.5722608449243636,0.0,0.2826556527573446,0.18391205123282506,low,0
S0014,2025-02-20,8,mid,5,38.73499783956673,0,1,1,1,1,5.4974701481444095,0.0,6.69086065757096,0.3837267594912731,0.09358534107075955,0.3998664630365941,-0.5813037680642967,0.0,0.6801773513401055,0.3644362447707399,low,0
S0014,2025-02-21,8,mid,4,35.531759459853745,0,0,4,1,1,3.639314761800252,0.0,9.066162148361391,0.7167463829100775,0.2996978313800045,0.16636272431172183,-0.7045529432057367,0.0,0.3149095475267163,0.5926780659137455,low,0
S0014,2025-02-22,8,mid,4,44.890988029006195,0,0,1,1,0,3.379570866377812,0.0,13.605510418183641,0.0644903638950427,0.2012993485600898,0.44681025424740106,0.912399740028808,0.0,0.7228541796753541,0.8282830451682474,low,0
S0014,2025-02-23,8,mid,5,33.571654571195864,0,2,3,0,1,1.6957953366141303,0.0,7.71213125069344,0.08022429180102997,0.9394336228961874,0.5485389920711888,0.5756663763709935,0.0,0.658357092185296,0.5142542790619751,low,0
S0014,2025-02-24,8,mid,5,37.91813838640417,0,0,5,1,0,3.5819466943143867,0.0,12.06620801930376,0.060971719559531845,0.5455342765826151,0.69159711410201,-0.511269017414566,0.0,0.7397677877506381,0.9506437849446087,low,0
S0014,2025-02-25,8,mid,5,33.692416438559874,0,0,2,1,0,3.7966616457851172,0.0,10.206992683487453,0.974272240527946,0.8286499099626007,0.13159407705151016,0.8435955130070178,0.0,0.4506882886051886,0.3718979905749412,low,0
S0014,2025-02-26,9,mid,6,43.546546855122614,0,1,4,0,0,6.665232833562949,0.0,16.296842716927536,0.8118666200900677,0.5316624728644793,0.35261659972613746,-0.5144982573435468,0.0,0.08524974178207301,0.5346126742964312,low,0
S0014,2025-02-27,9,mid,5,55.03374705256259,0,1,2,0,0,2.05044291752321,0.0,9.506456404611491,0.9346053880772532,0.796600456498377,0.05566614605619913,0.9978859239610356,0.0,0.6949266964401023,0.16026659904058693,low,0
S0014,2025-02-28,9,mid,5,34.43729592251894,0,1,1,1,0,4.4511913088297606,0.0,11.184335877068449,0.08524029779615394,0.3137669762884384,0.6578472389213587,-0.26295981554792225,0.0,0.5491765392112188,0.7443049656751953,low,0
S0014,2025-03-01,9,mid,4,43.22828240972199,0,3,1,0,1,5.867464788056037,0.0,11.836725404343328,0.7785818487206433,0.9564007794334166,0.26646694120920267,-0.46470367526630163,0.0,0.8889522556906401,0.7722263733856795,low,0
S0014,2025-03-02,9,mid,4,48.58456966227855,0,1,5,0,0,4.889564180654259,0.0,16.216903364280256,0.9127582319467387,0.6086723455998135,0.039665409691215237,-0.7726880618677314,0.0,0.7534955614805585,0.7157876963462942,low,0
S0014,2025-03-03,9,mid,6,55.80121003805805,0,0,4,0,0,8.496360916138519,0.0,12.873780596008714,0.6488258765006141,0.0583962240591539,0.2180164985319386,0.9229417690494983,0.0,0.5343644288593793,0.37835360326191203,low,0
S0014,2025-03-04,9,mid,5,60.952280459034476,0,0,5,0,0,6.033361038345294,0.0,9.308679966379431,0.5365770177834341,0.6961735148560209,0.08347610469710798,-0.9193280249344957,0.0,0.2592281950671309,0.3091342922536541,low,0
S0014,2025-03-05,10,mid,5,62.96431333790421,0,1,1,1,0,7.365789877755851,0.0,5.366635272749337,0.4895913570556003,0.9671640551360522,0.9499609008768916,0.9676780170815491,0.0,0.8664487806342642,0.9095515907751013,low,0
S0014,2025-03-06,10,mid,5,40.16516091596184,0,3,4,0,1,8.03446205002049,0.0,5.1071403601230845,0.37410573731650554,0.37494771723866394,0.1330866391727974,0.8814934461553321,0.0,0.7504943844950965,0.001243438866102009,low,0
S0014,2025-03-07,10,mid,5,53.58602956624499,0,0,1,0,0,7.984529018950118,0.0,9.239078638322495,0.425458332634434,0.15386296945383704,0.9764156242738286,-0.5159200144479068,0.0,0.7176923105413323,0.14315631166407194,low,0
S0014,2025-03-08,10,mid,4,25.88357789080957,0,0,5,1,1,5.156584863013542,0.0,8.889531255192543,0.7967507173302343,0.7515463074381062,0.07946950335160552,0.9005023870671156,0.0,0.7030635376375156,0.949112053727739,low,0
S0014,2025-03-09,10,mid,6,34.25991780534898,0,1,5,1,0,7.345395154370134,0.0,8.57194675720317,0.5683550459866207,0.10864877913293047,0.3727770457892867,-0.5146112030885308,0.0,0.5174655536537264,0.8433611288719896,low,0
S0014,2025-03-10,10,mid,3,27.03008352720599,0,2,3,1,1,1.2401765892559995,0.0,14.150470493312568,0.9906955658991805,0.8818909649480867,0.7495862900768155,0.07469117682600102,0.0,0.46205980189463025,0.18489739522319937,low,0
S0014,2025-03-11,10,mid,6,37.70212512511473,0,2,5,1,0,5.250931956917077,0.0,5.69770802201059,0.0650392993507033,0.3993308329271872,0.6662349040057874,0.9353245516169684,0.0,0.4256534478156052,0.20022394040730662,low,0
S0014,2025-03-12,11,mid,5,52.46908171952176,0,1,1,0,1,3.2663617428117098,0.0,10.24948025019789,0.4107817429094348,0.5457771532249376,0.46198082566640997,0.8015640003768509,0.0,0.9065306321194894,0.8219173805887617,low,0
S0014,2025-03-13,11,mid,6,36.7250271445365,0,1,1,1,0,4.728095544756608,0.0,13.556904124726977,0.5944768410584397,0.8448900678262903,0.8135461799983198,0.3154478107222656,0.0,0.8150271042508549,0.575910758368637,low,0
S0014,2025-03-14,11,mid,5,43.52103395895224,0,0,4,0,1,6.2628320445930115,0.0,9.131698460436684,0.23407905920227956,0.5479009569871091,0.7073449591910562,-0.45623150947422864,0.0,0.9384129454447588,0.6656975480739203,low,0
S0014,2025-03-15,11,mid,4,37.74547233310908,0,1,3,0,0,1.6808351397043406,0.0,11.203112817552919,0.9570562964803099,0.24431589196868242,0.9050996212676428,0.45153934722911115,0.0,0.7405210369587861,0.7649393184016161,low,0
S0014,2025-03-16,11,mid,6,45.284177300478774,0,1,5,1,1,2.6125475114484837,0.0,10.072063083249533,0.32969488670505176,0.13691579247689056,0.7249131428523432,-0.67954244795599,0.0,0.7021135501716855,0.6922553895959047,low,0
S0014,2025-03-17,11,mid,3,43.767019535810014,0,0,5,0,1,6.902209119668642,0.0,5.877747209211531,0.051159514196271294,0.4801900773220279,0.2680329659518925,-0.2382257034106079,0.0,0.3546627517649591,0.060430677152637724,low,0
S0014,2025-03-18,11,mid,5,44.87571521580315,0,0,5,0,0,5.55640919204196,0.0,10.466738407691917,0.05862955909861545,0.011556281014185599,0.6991388297007991,-0.44142500841166865,0.0,0.33407889553381753,0.5468020259145122,low,0
S0014,2025-03-19,12,mid,5,37.27026565833379,0,0,5,1,0,8.05986631620672,0.0,15.72995987920494,0.7497675583342468,0.6703759104353387,0.27680679711615375,-0.48871265688207477,0.0,0.46414179806343414,0.7329696677216548,low,0
S0014,2025-03-20,12,mid,3,49.18412914414933,0,1,3,0,0,4.574620531389763,0.0,9.13689133561265,0.975576634435559,0.7264655537935313,0.9150451261446532,-0.3922770720225559,0.0,0.7418668600865923,0.7140027085235114,low,0
S0014,2025-03-21,12,mid,5,26.99229298077364,0,1,2,1,1,4.88914670449107,0.0,14.233890597878917,0.3814382981490072,0.8313762837143706,0.49020145855626684,-0.5072572027440363,0.0,0.5073435323222163,0.14184982191924211,low,0
S0014,2025-03-22,12,mid,3,57.565166360057006,0,0,5,0,0,4.480827362321884,0.0,6.206957404114963,0.6203378054437996,0.02606660693259888,0.40459183304588275,-0.6900835341047586,0.0,0.5418965011208873,0.8429175834609547,low,0
S0014,2025-03-23,12,mid,4,45.28838909461889,0,0,1,1,0,7.325805145088278,0.0,9.558534084349418,0.216319969018972,0.5058331796566023,0.9660120961276054,0.894062793846855,0.0,0.6837348778214267,0.7978143225530598,low,0
S0014,2025-03-24,12,mid,5,36.869771478311776,0,1,5,0,0,6.878088738538908,0.0,7.361521571710158,0.9222497012503753,0.02877081711945295,9.295975584744376e-06,-0.4875147414875045,0.0,0.8527786766315614,0.767153102143225,low,0
S0014,2025-03-25,12,mid,3,48.23059296680249,0,1,4,0,0,4.753376801867679,0.0,8.52949805387032,0.3432301749675515,0.8166787392759234,0.9670554032283101,-0.07823744661407717,0.0,0.8248362771537581,0.6996947009573651,low,0
S0014,2025-03-26,13,mid,5,40.81751084720169,0,1,2,0,0,4.329032630440534,0.0,14.665410034152442,0.7798835857345133,0.7487130970250458,0.5783104301259233,0.6670241994833102,0.0,0.1956477465527071,0.1618104956605133,low,0
S0014,2025-03-27,13,mid,4,53.110081035476874,0,0,4,0,1,8.40189671519793,0.0,8.755299280538248,0.33333173311528586,0.9536660570954177,0.0686202889474109,0.28189638132472195,0.0,0.7772894828612735,0.4691259078935094,low,0
S0014,2025-03-28,13,mid,5,45.76105540959981,0,1,1,0,0,6.027350431586612,0.0,8.015536344155441,0.05061084075717348,0.5534849535843279,0.29492613384531263,-0.7326595022705957,0.0,0.7718182121026408,0.2174168342552567,low,0
S0014,2025-03-29,13,mid,4,35.970899929520726,0,2,5,0,1,6.537488909223246,0.0,8.991332757371406,0.7877087308864188,0.6258902155388275,0.33804241599703977,0.4013446896923196,0.0,0.8436380128457944,0.5948303773589867,low,0
S0014,2025-03-30,13,mid,5,52.953302717885514,0,1,5,0,1,7.184127585500609,0.0,9.562801916238978,0.08928625153113057,0.8227691015073356,0.1596425190007743,-0.3323167398613156,0.0,0.02884840029002167,0.12372808818713854,low,0
S0014,2025-03-31,13,mid,6,42.77753227928245,0,1,2,1,1,7.76684815711195,0.0,11.419589749675678,0.7363897900500447,0.9677871919334492,0.11488309107878891,0.16144973228561144,0.0,0.6919314196730921,0.89009842418767,low,0
S0015,2025-01-01,1,mid,3,35.540105536937574,0,1,2,0,1,6.471361527519466,0.0,8.28941920690554,0.9858151058135156,0.2563417283472579,0.05613158802107232,0.6310848748380147,0.0,0.6202300525347562,0.9596988005510044,low,0
S0015,2025-01-02,1,mid,3,44.03638714411777,0,1,3,1,1,5.495998329112071,0.0,9.576056408933296,0.14103601093520213,0.9686995467436516,0.5047385502151964,-0.08678645046633782,0.0,0.1746383806863545,0.6615412504824808,low,0
S0015,2025-01-03,1,mid,1,38.22264417122166,0,0,2,0,0,5.178721477192479,0.0,12.953709537871596,0.2772908562684234,0.8800767088838444,0.5414728274130871,0.8122751751344686,0.0,0.04016781395058122,0.39751575154123553,low,0
S0015,2025-01-04,1,mid,4,54.96462615412983,0,3,5,1,1,6.865872657936731,0.0,7.2331709279091925,0.6751494194489744,0.2430574406047079,0.5956877349680622,0.5875153062155074,0.0,0.033380703334614736,0.7176283968694148,low,0
S0015,2025-01-05,1,mid,3,45.41870050266885,0,2,2,0,1,4.2197436180531005,0.0,9.846563104535097,0.34680739931790383,0.6989814026107545,0.09010327971722831,0.7766692535575201,0.0,0.909499042940716,0.1049903751251351,low,0
S0015,2025-01-06,1,mid,5,32.661821982259724,0,0,2,1,1,3.895218604198562,0.0,7.8255521131686345,0.10064439431196248,0.26787431607466927,0.4103350662149784,-0.8716842761140178,0.0,0.8717089108973005,0.5136747922166857,low,0
S0015,2025-01-07,1,mid,2,57.1926331311775,0,1,4,0,1,0.6130497892300113,0.0,8.945831596255625,0.4910384698381226,0.921866435515026,0.4805313431584083,-0.9720384163209763,0.0,0.43883673808413093,0.8206481800493821,low,0
S0015,2025-01-08,2,mid,4,60.19394596941342,0,0,2,1,1,5.982520337082322,0.0,7.880875228622392,0.6899129725565383,0.543082889105783,0.5658897560424324,-0.7884564129568192,0.0,0.4359491504351223,0.08657139535762459,low,0
S0015,2025-01-09,2,mid,4,42.01831709548603,0,2,5,0,0,4.917438453215259,0.0,15.14535465453634,0.02864593131025661,0.6168498512759222,0.41143623742666235,0.8436690199342143,0.0,0.4995623111402354,0.708975145939339,low,0
S0015,2025-01-10,2,mid,4,37.45395617606727,0,2,2,0,1,4.7732602093611085,0.0,6.994915297190768,0.0002864743929102964,0.5064625847036726,0.9242439343437908,-0.6017954192036532,0.0,0.6397866287665797,0.6443790464178937,low,0
S0015,2025-01-11,2,mid,3,38.780781376203585,0,1,5,0,1,5.876047210656194,0.0,9.211549530108822,0.42929491786101326,0.8142273280730709,0.38883651704739997,0.701861654866482,0.0,0.6366291184450487,0.14104663358372715,low,0
S0015,2025-01-12,2,mid,2,50.35640225016609,0,1,5,1,0,4.607092435187732,0.0,12.184332491042536,0.988556604843565,0.7614494208074128,0.08051500979931048,0.3203765556851519,0.0,0.2708391648379551,0.24371864558138012,low,0
S0015,2025-01-13,2,mid,4,43.06927567766659,0,1,4,1,0,4.725072460521974,0.0,10.352871952224529,0.3741051349563065,0.6613393083885826,0.6521108572187282,0.720700669617113,0.0,0.14026816163542855,0.4299397477851188,low,0
S0015,2025-01-14,2,mid,3,36.8164753791493,0,0,5,1,1,3.5055653830265125,0.0,7.460959025462021,0.38669149463878805,0.8028663723975461,0.38655787373149264,-0.590692940707346,0.0,0.06499026033876842,0.07949174835268746,low,0
S0015,2025-01-15,3,mid,3,60.54962727725765,0,2,3,0,1,3.4046692619051133,0.0,14.341210905204141,0.07742226333284008,0.0120980216984522,0.28815694946174486,-0.9815554528255461,0.0,0.2300726211037034,0.41950074021133854,low,0
S0015,2025-01-16,3,mid,4,53.9459148256923,0,1,4,0,0,11.48566414353651,0.0,14.982312572242012,0.26316152514577384,0.6630288804436608,0.9449409064270137,-0.09957213808684573,0.0,0.7494195054011905,0.6460702592714582,low,0
S0015,2025-01-17,3,mid,3,44.614640719393826,0,1,1,0,1,3.007910119660216,0.0,13.666582540320386,0.18023365181846118,0.510395622520099,0.505063784179996,-0.7259779426231432,0.0,0.20189605613288986,0.4081646649015549,low,0
S0015,2025-01-18,3,mid,2,36.53280672073494,0,0,5,0,1,4.949116369042236,0.0,12.070401330167318,0.9950517532750057,0.6736543307822432,0.06885753760754154,-0.7645636018347453,0.0,0.9161108438696377,0.6300522021496284,low,0
S0015,2025-01-19,3,mid,3,44.2920757481528,0,0,3,0,1,6.7561747701574,0.0,6.213104583334834,0.36416786288271275,0.7024941626624895,0.6825719203067642,-0.8145124097517413,0.0,0.9092607083109917,0.4869742516016813,low,0
S0015,2025-01-20,3,mid,4,43.820717091980285,0,1,3,1,1,4.963633241417294,0.0,10.736128785337254,0.3947825724173085,0.9196134927532301,0.5292383365771101,0.4101539238586247,0.0,0.8462460472620109,0.23549439572451836,low,0
S0015,2025-01-21,3,mid,3,46.132968196340585,0,0,5,1,1,7.164757422646885,0.0,14.847945039753789,0.10814959801326263,0.6560145795915063,0.92395490982493,-0.6777801896283338,0.0,0.5970620209428874,0.3418653719366941,low,0
S0015,2025-01-22,4,mid,2,41.59395922256233,0,0,4,0,1,7.402138916210168,0.0,8.991560204510463,0.546806129514485,0.31738957363327247,0.7433858087359594,0.49178947776630366,0.0,0.500169229184135,0.045158340355496374,low,0
S0015,2025-01-23,4,mid,4,54.63912680677042,0,3,3,1,1,7.107390404622175,0.0,7.161946370441196,0.9124388126891402,0.4124821992692763,0.9415419645979666,0.03353781428811331,0.0,0.5225156268160511,0.6002195406777565,low,0
S0015,2025-01-24,4,mid,3,30.527865391037405,0,2,4,1,0,3.7987133259146706,0.0,7.340163437423652,0.8901563625733944,0.17296952460307513,0.9228731744878906,0.04557146610283436,0.0,0.7155696354730722,0.11024448668056652,low,0
S0015,2025-01-25,4,mid,3,34.56756590825616,0,0,3,0,1,3.9759537433429886,0.0,10.625058016483347,0.5953577798139739,0.22001259865138545,0.304084828511748,-0.7407269957051472,0.0,0.2486674861728393,0.821291784819328,low,0
S0015,2025-01-26,4,mid,4,46.44970025931904,0,0,4,1,0,4.482082330464973,0.0,5.314364284826707,0.18448787716439774,0.3712349344741195,0.522243251566884,-0.8933384203228221,0.0,0.7148704106773852,0.5432933603710752,low,0
S0015,2025-01-27,4,mid,3,52.74625635275151,0,5,1,1,0,1.5539079414175374,0.0,10.933785099002515,0.6836725217395068,0.9793758196664546,0.177213908269094,-0.34800416292879466,0.0,0.5418809537726811,0.17021463488200483,low,0
S0015,2025-01-28,4,mid,5,40.913276542939585,0,4,5,0,1,5.293085728868603,0.0,14.077758309141942,0.33612153583464877,0.3319915634237086,0.897486520007584,-0.09425683082973535,0.0,0.40575389717642096,0.03987362229791558,low,0
S0015,2025-01-29,5,mid,4,41.11971460087471,0,1,2,0,0,2.375902245852569,0.0,9.93543701625203,0.7332195695814102,0.36177753443873406,0.18636523093051727,-0.3360332109134232,0.0,0.5636586996350151,0.7264709321804432,low,0
S0015,2025-01-30,5,mid,6,25.776858125271673,0,0,3,1,0,6.270837135882364,0.0,6.4161211329387715,0.02592589429929082,0.8482291325528488,0.9510429724757891,0.3242468812705759,0.0,0.5126696531760021,0.7257310893630712,low,0
S0015,2025-01-31,5,mid,5,30.135314399617567,0,1,4,1,0,4.21739379211908,0.0,7.09979641036989,0.8576174997682786,0.03795048626088149,0.15087804682460448,-0.749767680701029,0.0,0.40307554270022805,0.9969869008908617,low,0
S0015,2025-02-01,5,mid,3,42.40915940919369,0,2,2,0,1,3.628663666677279,0.0,8.228080795984035,0.9731313883615972,0.2865459177184627,0.2309589701471595,0.6697490125379857,0.0,0.41911621726883896,0.4214654484493091,low,0
S0015,2025-02-02,5,mid,1,30.82505755242595,0,0,4,0,1,5.185127107244557,0.0,11.3030874695187,0.6356510711589388,0.7132530312512708,0.7700393156821232,0.2701021404049784,0.0,0.2371943511339355,0.8740459143411642,low,0
S0015,2025-02-03,5,mid,4,53.756049308219175,0,4,1,0,0,6.8726747616586605,0.0,8.58703056920799,0.7624196216457234,0.720883074508124,0.9971494397581668,-0.48123725318321897,0.0,0.7354572516754213,0.5514044749059006,low,0
S0015,2025-02-04,5,mid,3,40.127790583317775,0,3,3,0,0,5.795206949090793,0.0,14.197044342151095,0.026352912229547387,0.8255406915073545,0.1771450339292111,-0.8887869716264192,0.0,0.8503588473542644,0.566250867872007,low,0
S0015,2025-02-05,6,mid,3,35.38660416192736,0,0,1,0,1,4.2883277513194775,0.0,12.7482252942907,0.49463386301991774,0.06352339750597513,0.27559261664396983,0.3535345433811947,0.0,0.7362627677776401,0.24282185501123366,low,0
S0015,2025-02-06,6,mid,5,45.16210471663786,0,1,1,1,0,6.055972001109672,0.0,10.37656412528031,0.4085487324756647,0.1629722654793263,0.5342190979668533,-0.42849527780063923,0.0,0.21477939931478396,0.590403259028062,low,0
S0015,2025-02-07,6,mid,4,38.348656732135275,0,0,1,1,0,3.786349316427202,0.0,9.21698953194496,0.058153027989850115,0.8521327196193863,0.7304362943536913,0.39723061202224175,0.0,0.3396763385456688,0.3799051886182262,low,0
S0015,2025-02-08,6,mid,3,55.452075820322506,0,0,4,0,1,1.7603759870674542,0.0,9.30890226766533,0.511355642488501,0.38485173715183973,0.21089030490099125,0.5023835791146285,0.0,0.15036389033582276,0.7989023148204372,low,0
S0015,2025-02-09,6,mid,5,47.28013729206069,0,0,2,0,1,4.711376135166471,0.0,13.010910635107345,0.5076599964512309,0.4157543876756019,0.4494367753080455,0.7902943179434556,0.0,0.788144013967911,0.12652567631557798,low,0
S0015,2025-02-10,6,mid,5,49.51043633745891,0,1,3,1,0,6.353882026255138,0.0,6.344906368736978,0.24282954419334069,0.460812797975354,0.478719899591182,-0.6446635403216816,0.0,0.8762077263876397,0.52582105627312,low,0
S0015,2025-02-11,6,mid,3,51.16405457577679,0,0,3,1,0,11.432040336042338,0.0,7.376275821676291,0.13083042857355243,0.1370520377520581,0.7727564386560676,0.7114581682834815,0.0,0.7847144306310921,0.8345758649949531,low,0
S0015,2025-02-12,7,mid,3,27.37951224459731,0,3,3,1,1,6.801686245227853,0.0,9.013459550022095,0.1706324570633776,0.21974691662810508,0.349384691669827,0.853820377306767,0.0,0.5038120907763871,0.6468360365975345,low,0
S0015,2025-02-13,7,mid,2,40.631259748220955,0,0,4,1,0,3.773272798753528,0.0,7.5778598311476655,0.38401502972718426,0.6232589756927994,0.44003315300400536,-0.21511031164615013,0.0,0.5647286003989948,0.24183499495446548,low,0
S0015,2025-02-14,7,mid,3,42.8031295497616,0,0,2,1,0,5.1252972989557435,0.0,17.222955477570505,0.852949554339555,0.7086898601431678,0.8895551145020065,-0.4367925017939014,0.0,0.34812752459460206,0.6219513498104688,low,0
S0015,2025-02-15,7,mid,3,48.497471877757675,0,0,1,0,0,6.279792653707255,0.0,12.527563423211461,0.9646626807183362,0.7826827605564662,0.29862843706788267,0.28276062196033935,0.0,0.6722411933965523,0.9980205148205229,low,0
S0015,2025-02-16,7,mid,3,41.56857213170213,0,0,5,0,1,1.7739663728460617,0.0,10.208434348663236,0.9323518979012438,0.981521014576294,0.8146978461200154,-0.3704323683743789,0.0,0.403487475280505,0.24230568366642136,low,0
S0015,2025-02-17,7,mid,5,35.6039048290215,0,0,3,1,1,1.8739621974071006,0.0,6.22647833198404,0.0009989922669426665,0.8042934637771141,0.8893376120214482,0.9389270590916643,0.0,0.7192713850692155,0.5487923123698846,low,0
S0015,2025-02-18,7,mid,5,53.44905922621709,0,2,5,1,0,4.2705191843955275,0.0,9.79147492129896,0.21977191726484357,0.6920674842711947,0.20161989881059528,-0.8921750822478878,0.0,0.6177062213946729,0.518354790594183,low,0
S0015,2025-02-19,8,mid,4,52.33217533547577,0,1,4,1,1,0.0,0.0,15.919373997359617,0.7512301889080821,0.2818937705993324,0.21906682185959947,0.8522656775464674,0.0,0.5717096519584648,0.1046895682836545,low,0
S0015,2025-02-20,8,mid,4,32.60871976097732,0,2,2,0,1,6.3158758149662155,0.0,11.32283256158222,0.6514787668852333,0.043725695427797806,0.44065368692744133,0.32013200326699964,0.0,0.9785131346073124,0.9518083880692424,low,0
S0015,2025-02-21,8,mid,5,30.5614053389436,0,2,3,1,0,7.787849061082145,0.0,7.5445747416094955,0.0827475038898714,0.5910987992719926,0.48189123127043954,0.9559158939090091,0.0,0.846207769878963,0.45482977243864975,low,0
S0015,2025-02-22,8,mid,3,50.86515157618,0,1,1,1,1,4.83571390885427,0.0,15.443947501969234,0.7510704788480105,0.5152954376314456,0.08648444215163853,0.47073529946505355,0.0,0.8332292639878056,0.9035312259127926,low,0
S0015,2025-02-23,8,mid,5,49.37017622073419,0,1,5,1,0,4.41481050018478,0.0,4.032897411486113,0.9978978527542169,0.4309933420681695,0.7262425885073709,0.38679405254506927,0.0,0.20448195025057958,0.05850715144943641,low,0
S0015,2025-02-24,8,mid,5,49.22143692195263,0,1,5,0,0,2.509724644493468,0.0,9.737111914085233,0.10334058145417857,0.26925618259898143,0.5694420190212435,0.8936106021826578,0.0,0.2991650830641467,0.30539117137160443,low,0
S0015,2025-02-25,8,mid,4,44.622214517944066,0,1,4,1,0,1.3681360079603544,0.0,10.627980554475611,0.8094440438786346,0.18610056193924152,0.289759602028656,-0.6321045876787568,0.0,0.6742101603876477,0.6862360281158181,low,0
S0015,2025-02-26,9,mid,3,62.96370774758677,0,0,3,0,0,1.2241261168170579,0.0,6.9616625382383965,0.36162845934026266,0.27577021071723673,0.980630125146547,0.7415640686038238,0.0,0.3166730049572162,0.3052290446498356,low,0
S0015,2025-02-27,9,mid,5,25.76407142769366,0,1,4,1,1,4.102127099941836,0.0,7.650745825495196,0.4823614164647395,0.691177144577423,0.24260701695345221,0.06975763093517973,0.0,0.6846716274158617,0.4487407508475062,low,0
S0015,2025-02-28,9,mid,4,44.713183413626865,0,0,2,0,1,8.325554578358938,0.0,13.903290080396864,0.4764457362938286,0.12488331324064617,0.17049752178789424,0.7042959677040184,0.0,0.8679111317392613,0.6738985378607202,low,0
S0015,2025-03-01,9,mid,5,61.85870152221523,0,0,1,0,1,4.792783411588785,0.0,9.254125376303678,0.22235645319191222,0.11690673861515555,0.15416165635395795,0.6710739227601725,0.0,0.6833195755127026,0.4841175310016498,low,0
S0015,2025-03-02,9,mid,5,40.01523024344087,0,3,5,0,0,3.218029116093139,0.0,11.97041748552844,0.6464685204315495,0.6870884721037042,0.25520212401559794,0.20111531212125855,0.0,0.6848683400268474,0.4666136228021257,low,0
S0015,2025-03-03,9,mid,5,29.62496781765275,0,2,4,1,1,5.522355092866663,0.0,17.315651419227777,0.38824011732829167,0.4574580416335462,0.9895417571200821,0.49933700421058025,0.0,0.43055946397999445,0.4572963999545204,low,0
S0015,2025-03-04,9,mid,6,44.950594619732534,0,1,4,1,1,1.6904300964095293,0.0,8.637860805520948,0.7003935796352977,0.12649095932025423,0.05307278217136713,0.5353508660745583,0.0,0.6659300312206798,0.49852612414639796,low,0
S0015,2025-03-05,10,mid,3,12.00589554445034,0,1,3,0,0,10.100257963506778,0.0,8.911786823609466,0.25105132443926537,0.16314014355495954,0.39856338779402645,-0.8359475502887999,0.0,0.5267651710909123,0.8396051592349743,low,0
S0015,2025-03-06,10,mid,2,33.52007104995957,0,0,5,1,0,2.247053117817187,0.0,8.818424298492356,0.521541449193514,0.6487986245788886,0.31517869551588895,0.429538716998519,0.0,0.9751145070457258,0.8969631217106169,low,0
S0015,2025-03-07,10,mid,2,32.96547575375551,0,1,2,0,1,6.750989766523443,0.0,9.068810545134804,0.9269406231201087,0.02443130930768811,0.9885030699282062,0.42004546300036916,0.0,0.5203922259929623,0.3895276083725533,low,0
S0015,2025-03-08,10,mid,1,47.14394347381685,0,1,3,0,1,1.6104989502942817,0.0,15.431604524054674,0.07228623255031685,0.8933429528041915,0.6114308072278889,-0.7685734008620608,0.0,0.5109305765941476,0.49725431594847147,low,0
S0015,2025-03-09,10,mid,4,38.85312207462577,0,2,3,0,1,5.095035930188355,0.0,15.035184442326802,0.23818570559956198,0.5562377257002904,0.35424019863378753,0.6744198205785368,0.0,0.528147880795364,0.029810722853826133,low,0
S0015,2025-03-10,10,mid,3,62.9481552669178,0,0,3,0,0,4.157795321890833,0.0,11.81474466482655,0.36145365838396726,0.6326436363041963,0.001029315565366673,-0.05450277122226588,0.0,0.8942489215016713,0.6804156412736363,low,0
S0015,2025-03-11,10,mid,5,33.90525585210008,0,1,4,0,0,3.9086892112748313,0.0,12.33604823717737,0.543790189929872,0.9713962669894982,0.3187038990282176,-0.6790470473659163,0.0,0.510886008224664,0.3878210887248762,low,0
S0015,2025-03-12,11,mid,4,46.88478991089487,0,3,2,0,1,4.703883212578217,0.0,11.394625278437164,0.7595556035068329,0.5830927434640357,0.054576091949676275,-0.8312289039811032,0.0,0.20315648818999021,0.14315262284902597,low,0
S0015,2025-03-13,11,mid,4,27.05087113436672,0,1,2,1,0,3.337904303377803,0.0,14.066486598625023,0.5457774854056106,0.653917788273347,0.6203428613172159,0.4099692769551615,0.0,0.08238173907841062,0.3556484328316968,low,0
S0015,2025-03-14,11,mid,2,40.55237418666251,0,0,2,1,0,6.29505236190332,0.0,9.937882833092871,0.7140128012482679,0.1031526607665667,0.1615414599392695,0.003449293566651912,0.0,0.9248741686627325,0.24725108988378153,low,0
S0015,2025-03-15,11,mid,3,54.25752563703619,0,0,2,0,0,3.759471406664643,0.0,10.881242055021996,0.1154336399835092,0.7446807264245305,0.2705348441339891,0.2572624311377858,0.0,0.9174069260927484,0.3164745316378583,low,0
S0015,2025-03-16,11,mid,3,42.93245596570729,0,0,1,1,0,4.799331215729418,0.0,11.334251592344396,0.3377349354815543,0.19226265601993842,0.1808650552091986,-0.3578934292400293,0.0,0.9818167023542681,0.09225867472415628,low,0
S0015,2025-03-17,11,mid,3,42.91175855006472,0,0,5,1,1,5.84289436546038,0.0,9.040980677621599,0.9021338684470049,0.33897083719155985,0.35480141928137343,0.1592570551662882,0.0,0.7334414938106582,0.06314920190686346,low,0
S0015,2025-03-18,11,mid,4,46.12992434317975,0,0,5,1,0,6.815223622093537,0.0,7.527332681897641,0.23877500831956,0.7376111617321327,0.7974199712888259,-0.5055885925787011,0.0,0.715869543583235,0.8121045388640898,low,0
S0015,2025-03-19,12,mid,2,40.53273134277171,0,0,4,1,0,2.782884988114605,0.0,8.113350872970468,0.11013602865204886,0.37850126087313796,0.6926186916460534,-0.5371658134150334,0.0,0.7695442174635944,0.13540126772172711,low,0
S0015,2025-03-20,12,mid,5,39.75664829747791,0,0,2,0,0,4.551035691073144,0.0,12.964147943840025,0.5021280957856249,0.5220838091622765,0.19409453928960518,0.37897831265391435,0.0,0.9029767236174566,0.163705818138419,low,0
S0015,2025-03-21,12,mid,4,41.269883485168585,0,0,5,1,1,2.1869580526674697,0.0,6.995630279053596,0.8579634319990052,0.6044028317108706,0.16863611164162717,-0.15697893696165655,0.0,0.9282310681057079,0.9012035745643545,low,0
S0015,2025-03-22,12,mid,3,42.279118452905244,0,0,1,1,1,4.1170483893741805,0.0,12.680041787824438,0.3395700728052524,0.8955617303268776,0.42581714651170155,0.5795309755893328,0.0,0.23664354788190134,0.9488008296776355,low,0
S0015,2025-03-23,12,mid,5,49.341269815409724,0,0,1,0,0,3.9502904401313446,0.0,4.546763837504433,0.17226481435578822,0.7299983109899704,0.18451199559871156,-0.30672061126022765,0.0,0.6632806368578182,0.48208934452447993,low,0
S0015,2025-03-24,12,mid,4,38.55861842146484,0,0,2,1,0,3.657328257519371,0.0,9.49496410456124,0.20214260624338531,0.7940037392048925,0.895930698080457,-0.43435637694324614,0.0,0.1903609380056821,0.026724504245174807,low,0
S0015,2025-03-25,12,mid,4,48.338684994414905,0,2,4,0,1,4.133745795912393,0.0,8.293520368614086,0.6656465961444752,0.5098774739540961,0.3024195561127978,0.12953679838267984,0.0,0.1252026488883673,0.7557081268186125,low,0
S0015,2025-03-26,13,mid,3,52.03853163948935,0,1,4,1,0,6.6615878462066185,0.0,13.000302691616746,0.28927169372447803,0.062024875352783115,0.8580780722249438,-0.37260472386019483,0.0,0.19571341492826522,0.5160618223609771,low,0
S0015,2025-03-27,13,mid,4,59.89635283388345,0,1,5,1,0,3.693502958401214,0.0,11.775975462755476,0.7098060889039901,0.07512844164381849,0.3179629279153935,-0.7683849793688331,0.0,0.9499426068875401,0.338754112224362,low,0
S0015,2025-03-28,13,mid,4,61.95699411196,0,0,3,1,0,4.788950345347821,0.0,6.406901947374459,0.6909178219410328,0.7992838076676498,0.49332627679654684,-0.6695242195791982,0.0,0.4146877096494316,0.7862939288416982,low,0
S0015,2025-03-29,13,mid,5,37.552171498828486,0,1,2,1,0,5.010286282948935,0.0,7.723220377542288,0.4995621559349236,0.7069009016757208,0.7447506930519049,0.45558297738579356,0.0,0.40955873291675504,0.6316897872265625,low,0
S0015,2025-03-30,13,mid,2,62.24020715565504,0,2,2,1,0,4.844553201092461,0.0,16.842682405077333,0.6026344867524884,0.6782500604631375,0.8844574755605131,0.5347153220854908,0.0,0.5753778193299905,0.8246156607450085,low,0
S0015,2025-03-31,13,mid,4,39.235211317383865,0,1,4,0,1,3.377462533038008,0.0,9.781267096527523,0.3573486916645925,0.695828515362152,0.9532160305061863,0.9261282255260406,0.0,0.5557228691248917,0.6066222518095821,low,0
S0016,2025-01-01,1,mid,8,70.71430744810432,0,4,5,1,1,3.559223282399057,0.0,8.333798801672984,0.7743001177801508,0.32168404666703443,0.8046957850398325,-0.6523080043536944,0.0,0.4928791795440838,0.6880371335531288,low,0
S0016,2025-01-02,1,mid,8,61.71354084093128,0,1,1,0,1,2.423720203520451,0.0,12.104267508763217,0.3867822977401486,0.9732765453533918,0.8621820528796287,-0.9688364089989681,0.0,0.9798009951323443,0.36852947334645736,low,0
S0016,2025-01-03,1,mid,8,55.02452025225087,0,2,5,0,0,2.239220306551865,0.0,7.578166689968888,0.45426774320262253,0.8071328287116737,0.4562996417905558,0.693450817579722,0.0,0.9887719806951271,0.07202666573033634,low,0
S0016,2025-01-04,1,mid,6,41.967392223332936,0,1,3,1,1,1.017114551144504,0.0,5.502536410301703,0.8881608320201092,0.3670311756215858,0.8591668623262577,-0.3816148013810996,0.0,0.5315039845028434,0.1438197695359088,low,0
S0016,2025-01-05,1,mid,7,52.57404539663445,0,1,5,1,0,5.304387559602169,0.0,14.15436252210487,0.10546563000941944,0.7970993070673452,0.9530677862704583,-0.8799273739952826,0.0,0.3913513387005799,0.48751604483474764,low,0
S0016,2025-01-06,1,mid,7,37.928994141237865,0,2,3,0,1,3.640799748802401,0.0,4.699037857941337,0.4139095234360195,0.7782843661784579,0.282322397490008,-0.635781475313868,0.0,0.5826172514622532,0.6150148583670825,low,0
S0016,2025-01-07,1,mid,6,53.61374183263478,0,1,3,0,1,2.25244588085697,0.0,8.21458239432223,0.8375059576869368,0.8583358136488795,0.37202888937023126,-0.38524305799145275,0.0,0.7735653751951652,0.8785119718112512,low,0
S0016,2025-01-08,2,mid,7,46.9020170477862,0,1,2,1,0,6.016552862380195,0.0,14.031464288644376,0.24267135033180454,0.5257479140952607,0.23351185859326462,0.6160228401935472,0.0,0.3869610795177373,0.8336972169940262,low,0
S0016,2025-01-09,2,mid,8,40.82190778415741,0,0,4,1,0,6.21341034336224,0.0,8.764312794619356,0.5104271961272193,0.3811908029602469,0.604726119632974,0.40122444727663287,0.0,0.5938298741151422,0.9202454457228059,low,0
S0016,2025-01-10,2,mid,7,48.03248727127305,0,1,3,1,0,3.1265252893879674,0.0,4.929042922368398,0.8226463471462995,0.5934761998543047,0.9973445492834982,0.5737583956419259,0.0,0.27366625410182666,0.2643451177266962,low,0
S0016,2025-01-11,2,mid,7,40.49112888520792,0,0,5,0,1,2.512653771622316,0.0,11.91085761998461,0.21914496823258034,0.8626181017594305,0.8937575082770465,-0.48773781807576944,0.0,0.42051035807653225,0.8345957386283172,low,0
S0016,2025-01-12,2,mid,7,50.65200217084599,0,2,5,1,0,1.4188641112715161,0.0,8.28019724629555,0.2707418134894911,0.023705242899748624,0.5203167221940654,0.976472059709663,0.0,0.8152377161393224,0.8974747181652583,low,0
S0016,2025-01-13,2,mid,6,68.44068050981456,0,3,2,0,0,6.406987045422344,0.0,12.98323084365289,0.12856826460296888,0.9849042491349125,0.6080622853051112,0.0015589818812029588,0.0,0.38221926762289105,0.8986727555636379,low,0
S0016,2025-01-14,2,mid,6,35.25115695360959,0,0,1,1,1,3.6566474693440125,0.0,4.32165916692572,0.8866131428716211,0.7340571043302002,0.6678819385013619,-0.05747957823653316,0.0,0.0018299471496834308,0.3405507114390913,low,0
S0016,2025-01-15,3,mid,6,57.02798452892992,0,1,2,1,1,5.900101275013314,0.0,7.868214721348325,0.07523850775191299,0.5985476179800978,0.17865365082599638,-0.7085894950215923,0.0,0.004119817392669867,0.9408571368674034,low,0
S0016,2025-01-16,3,mid,5,50.22889638447575,0,0,1,0,0,4.420651089810204,0.0,13.689932381393358,0.252307140758638,0.9834151152664279,0.30388756797082184,-0.3525515380261832,0.0,0.9896928677865222,0.1339274931656549,low,0
S0016,2025-01-17,3,mid,6,45.032759071029815,0,1,1,1,1,9.40601292554341,0.0,5.336162880549836,0.6838251043580197,0.061784344228770105,0.4697519452994411,-0.46727507463196316,0.0,0.9479695655444975,0.35989850979392257,low,0
S0016,2025-01-18,3,mid,6,39.35483530349913,0,2,3,1,0,3.0103878127804284,0.0,9.501706710948694,0.41684065926036773,0.8388515842643773,0.6230710334025191,0.4735126906628464,0.0,0.349104115449581,0.9443976950101415,low,0
S0016,2025-01-19,3,mid,6,61.815883759249644,0,2,2,0,0,6.469871948508631,0.0,7.274976244876044,0.6078237721413878,0.5013428804247794,0.6240209399944638,-0.5834288278715327,0.0,0.7939387065319563,0.9481628050203058,low,0
S0016,2025-01-20,3,mid,6,52.06896290918512,0,1,5,1,1,5.587879696572462,0.0,14.57460113322947,0.41362841810985407,0.6335287171752645,0.8535314430998039,-0.066723272093828,0.0,0.8648013689610676,0.09379833495904988,low,0
S0016,2025-01-21,3,mid,5,57.03604394781903,0,1,4,1,1,4.325786054922996,0.0,11.010529068749612,0.0531495921729479,0.1916033575185323,0.2677372187745647,-0.4353778842915865,0.0,0.6705135986187676,0.21782458732864352,low,0
S0016,2025-01-22,4,mid,6,47.6974893749192,0,0,3,1,1,4.552148350166103,0.0,14.45345176869536,0.3214141010200078,0.8815458375404567,0.6570740902692122,-0.4089822899044131,0.0,0.46319587796544825,0.8815002222616192,low,0
S0016,2025-01-23,4,mid,7,52.01243542795011,0,1,2,1,0,4.372516330203529,0.0,7.037668197790491,0.11586799419138583,0.20021599708450177,0.05202984694984503,-0.12354501090180015,0.0,0.8066361217252598,0.5859691786998955,low,0
S0016,2025-01-24,4,mid,5,49.5071562003244,0,0,5,0,1,2.983337647750629,0.0,9.613471960757996,0.3815198603059905,0.23349327830975064,0.10053155078621911,-0.77942586315267,0.0,0.7800713985040498,0.8813978525224676,low,0
S0016,2025-01-25,4,mid,7,51.55003134619451,0,0,4,0,0,1.8702911500890789,0.0,12.296929319448086,0.43294712119540224,0.48846948224993525,0.06451261073803383,-0.028036430871794416,0.0,0.42631966680431477,0.7125442652865932,low,0
S0016,2025-01-26,4,mid,5,50.07932669962016,0,0,1,1,0,0.0,0.0,15.776946027622166,0.30689318218907957,0.8738993675014491,0.7493221715832347,0.7162327663984933,0.0,0.1618089594771992,0.692411958940341,low,0
S0016,2025-01-27,4,mid,7,48.02072894772404,0,0,1,0,0,4.622037510974751,0.0,10.482078602394713,0.9768614687965638,0.9855122903884784,0.9367194793273512,-0.007930381187471358,0.0,0.24607414227682844,0.582009280881913,low,0
S0016,2025-01-28,4,mid,5,41.302833152407075,0,1,1,0,1,7.881029744451023,0.0,12.673436381858142,0.8892777088335996,0.2889535655280361,0.528607822691929,-0.26791858639386956,0.0,0.0014216720309900843,0.5794318227199275,low,0
S0016,2025-01-29,5,mid,6,61.737524980012715,0,2,5,0,1,8.325827309974885,0.0,7.3880716271,0.1014081462375308,0.13295227076596694,0.13971019064915835,-0.908949000400513,0.0,0.5413288592698038,0.793967726043636,low,0
S0016,2025-01-30,5,mid,8,64.01765708701544,0,1,3,1,1,3.688835957676778,0.0,10.27270675133145,0.6068886817472076,0.5301638439014289,0.5207659821389716,0.3683287741155612,0.0,0.04445661442668469,0.4597314646302961,low,0
S0016,2025-01-31,5,mid,5,22.136861814059618,0,1,3,1,0,4.481063800024195,0.0,5.503525663279634,0.8850645509166676,0.34520710083533235,0.37446688913055337,0.7207344693438635,0.0,0.5153743307446752,0.5354489996474344,low,0
S0016,2025-02-01,5,mid,6,56.4142342469836,0,1,5,0,0,4.6603027491482925,0.0,12.32246427311754,0.23295752682277282,0.8671640966176769,0.16161664810477816,0.26295210367483324,0.0,0.9232532880406146,0.6743967115353057,low,0
S0016,2025-02-02,5,mid,6,41.30079101383836,0,0,5,0,1,6.834636455753389,0.0,10.004528197534645,0.6315781094790865,0.39814928393433024,0.12032665739753501,-0.412506396748878,0.0,0.9783402327965833,0.4373630628517775,low,0
S0016,2025-02-03,5,mid,6,11.127654161082319,0,3,5,0,1,6.471201829987088,0.0,9.356944866069384,0.34463822054629834,0.7126614363137032,0.10066638651934301,-0.11122493677571543,0.0,0.5033007755916284,0.7576640779850603,low,0
S0016,2025-02-04,5,mid,5,35.97893824655082,0,0,4,0,1,4.45674404051206,0.0,8.000885776885895,0.3509533247273796,0.05160254310898016,0.11909433018675497,-0.613669577756458,0.0,0.8378155908101129,0.06340198993980639,low,0
S0016,2025-02-05,6,mid,7,60.026978663441966,0,1,4,1,0,4.24186058883287,0.0,9.904694723190165,0.17213697349153023,0.7413004282766258,0.753173471749625,0.9445972254026727,0.0,0.19018652691019278,0.12292678815264502,low,0
S0016,2025-02-06,6,mid,6,41.90965974295405,0,2,5,1,1,4.655937275768661,0.0,7.7970399930598795,0.5939807532071447,0.2871442707681314,0.8479505747274158,-0.6977996816508027,0.0,0.3671290894369199,0.12490390532420292,low,0
S0016,2025-02-07,6,mid,6,43.99406894621792,0,0,2,0,1,5.630590861828381,0.0,10.346706670532951,0.6605560446012119,0.5820959322825418,0.8475594916654977,0.2641462211340715,0.0,0.16556127030880097,0.31474869945846284,low,0
S0016,2025-02-08,6,mid,7,53.90028986956423,0,3,5,1,1,5.075927456421271,0.0,10.43215669457949,0.8816149409898382,0.3291034310477686,0.4069537824742556,0.8125504791787066,0.0,0.7568667019578188,0.9814103203679058,low,0
S0016,2025-02-09,6,mid,6,59.98958462667532,0,2,5,0,1,6.218629584649498,0.0,10.168392719839437,0.3117707874161204,0.3094270311992908,0.4827678978809543,0.030632671782708787,0.0,0.0013659258750852166,0.6158751312048398,low,0
S0016,2025-02-10,6,mid,5,66.49589758044522,0,1,2,1,0,5.014306512194975,0.0,11.924875697323625,0.471874586771291,0.44913853714446506,0.3348752761329502,0.06740299435310337,0.0,0.45255466194856786,0.03674687662355414,low,0
S0016,2025-02-11,6,mid,6,38.08438597306226,0,4,1,0,1,4.235877025290563,0.0,6.280946692395964,0.470799414935808,0.8953615428525851,0.5599404390366763,-0.415638001163966,0.0,0.7426342828675209,0.5058319371390709,low,0
S0016,2025-02-12,7,mid,7,33.18943724370234,0,3,4,1,1,0.7597556074168486,0.0,7.185012387889752,0.12067344960158177,0.990356757725624,0.8258251907047308,0.08184061405473364,0.0,0.4763644943891714,0.6492547254630091,low,0
S0016,2025-02-13,7,mid,6,43.623037913027055,0,2,1,0,1,8.573154247957468,0.0,8.826850822062724,0.9371530063257658,0.8940937735563851,0.057591828749848584,-0.66185639488647,0.0,0.7545971985577923,0.6888931080324473,low,0
S0016,2025-02-14,7,mid,7,33.86776943522939,0,1,5,0,1,5.646515864481492,0.0,6.421083971246875,0.17503114581802892,0.6797015203711821,0.49010208199843,-0.7800880764756402,0.0,0.9124901345820481,0.6732054099635502,low,0
S0016,2025-02-15,7,mid,4,52.892474860745686,0,0,2,1,0,4.968743285298927,0.0,6.770563760886029,0.4848461869924896,0.34991170821996764,0.7893418953918051,-0.8009404323863061,0.0,0.20501922487209,0.0016027689185067473,low,0
S0016,2025-02-16,7,mid,5,36.20714201135353,0,2,5,0,1,4.362055029393589,0.0,8.527315791801552,0.8166223661523051,0.46531282590780865,0.9183955264590502,0.5782969188965998,0.0,0.28710817984400683,0.845362156580513,low,0
S0016,2025-02-17,7,mid,5,56.06968867674915,0,0,1,0,1,2.5650013475682676,0.0,6.124577638998652,0.7604564393598663,0.5842629272727936,0.03809271158952854,0.7548969673019521,0.0,0.29679614048016456,0.9970748769131437,low,0
S0016,2025-02-18,7,mid,6,51.291352982577834,0,1,4,0,1,4.592233062040291,0.0,12.147751421456697,0.5154224480069131,0.466119419267759,0.8821997786174698,0.37720375263222206,0.0,0.27811124742435644,0.4468412544652969,low,0
S0016,2025-02-19,8,mid,7,44.17409674583488,0,0,5,0,0,4.404894111076809,0.0,11.332511526412581,0.7883630134983131,0.6757098858039411,0.22298596474053745,-0.43441758946407116,0.0,0.42756090012069714,0.12512921552072565,low,0
S0016,2025-02-20,8,mid,7,48.69957385186205,0,0,3,1,0,3.35826546518041,0.0,6.681794641114866,0.6284074964385535,0.7616269727892948,0.501387768004884,0.7642313743883109,0.0,0.04024042161061925,0.9221948386343706,low,0
S0016,2025-02-21,8,mid,7,43.21635602786519,0,1,4,1,0,3.3804789168001355,0.0,7.583794989803257,0.8141788966373805,0.10587325557252103,0.22203590637046033,0.007355146842124682,0.0,0.8304770286866243,0.1474839747372675,low,0
S0016,2025-02-22,8,mid,8,49.027181892698216,0,4,3,0,1,6.105523354708825,0.0,0.7402017112803847,0.1048712210112146,0.03387266022160629,0.7501054973501461,0.06941271855941711,0.0,0.33223870187793547,0.4372286316611501,low,0
S0016,2025-02-23,8,mid,6,49.660512488705464,0,0,4,0,1,3.4242724420243453,0.0,3.06359861518475,0.3016841936744553,0.6669222584658733,0.9447092237258122,0.8279963520794307,0.0,0.6643934148090167,0.5068840661442501,low,0
S0016,2025-02-24,8,mid,7,48.58188498920494,0,1,3,0,0,7.220891888378597,0.0,11.489202990936086,0.7526266574342825,0.8170397786091792,0.6658565440578772,0.4706906436284044,0.0,0.2717787742083013,0.9930080362841643,low,0
S0016,2025-02-25,8,mid,6,39.075411242165764,0,0,1,1,0,2.5327569626257955,0.0,12.455189902964895,0.6575270346971065,0.14462589431353,0.3970682272058039,-0.795059467348832,0.0,0.28209307681563933,0.08829859010767127,low,0
S0016,2025-02-26,9,mid,6,48.7231389860002,0,3,4,0,1,2.834474971893715,0.0,9.271884952863866,0.7232311509547122,0.5631117544033528,0.7111270074465693,-0.16415558874215797,0.0,0.06626008306091169,0.31497220055072694,low,0
S0016,2025-02-27,9,mid,7,59.23357794804873,0,0,2,1,1,4.903173481575866,0.0,8.483739894835171,0.15096499313029488,0.8235742773513072,0.3136609091756686,-0.09181291079133502,0.0,0.4287507412983116,0.7725019656847065,low,0
S0016,2025-02-28,9,mid,8,44.03752454054965,0,0,5,0,1,7.113288396704794,0.0,5.095165072902421,0.9056833657708252,0.25570144056523525,0.7635739134665755,0.42087161648173854,0.0,0.15970876214216712,0.47946394458432795,low,0
S0016,2025-03-01,9,mid,5,43.17740665307654,0,4,5,0,0,5.670252266147328,0.0,11.093805411114495,0.3960718539166901,0.5886075856938554,0.25782569593593974,0.3797032574926029,0.0,0.3090268126204314,0.8440787343822349,low,0
S0016,2025-03-02,9,mid,6,38.900972930507976,0,1,1,0,1,6.2801121620658344,0.0,15.064471158708372,0.9862498564718843,0.9999009770092316,0.86952608331733,0.5199667385975022,0.0,0.38645641400057373,0.7532767271313036,low,0
S0016,2025-03-03,9,mid,5,47.000940591283936,0,1,2,0,1,1.5684551510709972,0.0,15.667248523846416,0.9743807825910455,0.22881547599897,0.26271801768318326,-0.830460690402784,0.0,0.9753168171549442,0.7063602088376154,low,0
S0016,2025-03-04,9,mid,7,44.13363499344791,0,0,3,0,0,4.219464938136763,0.0,8.259508833626441,0.04212773695299521,0.07261085259608013,0.24338327926060888,-0.960941439406162,0.0,0.24541059208746152,0.654976323062026,low,0
S0016,2025-03-05,10,mid,6,38.140654960503824,0,2,1,0,1,4.374960400316714,0.0,10.937166824354993,0.022282428071070615,0.9081488584424017,0.575388958054606,-0.8607170183773627,0.0,0.5797293871230053,0.14501416832244862,low,0
S0016,2025-03-06,10,mid,7,52.83744808554261,0,1,2,1,1,4.244261092077298,0.0,10.479506055724292,0.41860361738396823,0.5838372605023247,0.06604553730600693,-0.7298108868093804,0.0,0.6636489895040385,0.5216381965906517,low,0
S0016,2025-03-07,10,mid,7,32.6466602069652,0,1,4,1,0,3.8544479752727105,0.0,7.467633208939866,0.6177920422090999,0.13761558104808036,0.03728063710895646,0.5969596689094869,0.0,0.7158462443519168,0.3096016481329835,low,0
S0016,2025-03-08,10,mid,6,37.96273943740789,0,0,2,1,0,6.376570216976464,0.0,7.5073520084346095,0.9483844262726167,0.01374383469095719,0.440363931178798,0.2955419768280092,0.0,0.701775770487553,0.1760877582692022,low,0
S0016,2025-03-09,10,mid,7,48.268524062609345,0,0,2,0,1,8.786904645649038,0.0,14.106653755929798,0.6868871185923985,0.39351401266362074,0.7738986689668229,0.9487171992317773,0.0,0.271094943079883,0.7030286165379459,low,0
S0016,2025-03-10,10,mid,7,49.77662138095501,0,1,4,0,1,4.184406223593999,0.0,5.654932215337809,0.5867156839217995,0.21646017389728966,0.38251422447229766,0.16788678798752832,0.0,0.38343530390164904,0.14316942138463218,low,0
S0016,2025-03-11,10,mid,4,44.03337178235209,0,2,2,0,1,3.573059901421466,0.0,14.966299242709358,0.3072083868231905,0.15406079373053427,0.8399039545565656,-0.8723172420217986,0.0,0.2898354623796403,0.3063828938257044,low,0
S0016,2025-03-12,11,mid,7,32.54509794881051,0,0,2,0,0,3.495790411806931,0.0,12.714602527674256,0.9737407004323977,0.7429875028259558,0.6052172840290415,0.8435984580266658,0.0,0.16218168192912918,0.13901605276427675,low,0
S0016,2025-03-13,11,mid,6,45.94441819517239,0,1,1,1,0,2.248049629368405,0.0,11.215517633792187,0.09051989794921322,0.699596452817735,0.7217702773178095,-0.6549365986257827,0.0,0.028190315496536278,0.408283513223197,low,0
S0016,2025-03-14,11,mid,8,51.71541933451488,0,2,1,0,0,4.894203491252337,0.0,11.677731074855302,0.5703921340567629,0.45316809230139976,0.25291907676386416,0.6208252262819738,0.0,0.02847122587682116,0.6902434300916938,low,0
S0016,2025-03-15,11,mid,5,47.83663401654608,0,0,1,0,1,3.2416936018129077,0.0,9.594866194411678,0.7403645721560946,0.7993251672586197,0.7254156307864513,-0.5954782446319742,0.0,0.6897754559960694,0.010722802894385097,low,0
S0016,2025-03-16,11,mid,6,28.898302020065657,0,1,1,0,0,6.311921104282747,0.0,9.995284577880417,0.9410343037895448,0.18087403822141157,0.18514654173945155,-0.673237087070899,0.0,0.7889219324141032,0.006022040368406367,low,0
S0016,2025-03-17,11,mid,7,34.315625141541716,0,0,1,0,0,5.175052699690038,0.0,4.6607784665114185,0.9792335938301958,0.12430463681491843,0.3727267048340943,0.8639700357449493,0.0,0.8768730434938226,0.3942710347842806,low,0
S0016,2025-03-18,11,mid,6,47.58656029983151,0,3,3,0,0,4.739972053489738,0.0,10.125043621650727,0.5487234883490736,0.594934843497373,0.20753013541280219,-0.583334285022928,0.0,0.2762181685109498,0.7117215917272376,low,0
S0016,2025-03-19,12,mid,8,48.34299963751008,0,0,2,0,1,3.3627578256716335,0.0,9.362953257896958,0.2569836624874825,0.9567682172148503,0.31036337588407936,-0.3401980797018711,0.0,0.18958893109771702,0.8068506011387654,low,0
S0016,2025-03-20,12,mid,6,32.90491159183252,0,1,5,1,1,5.942638340965835,0.0,11.392823940474896,0.7983131337633469,0.10112483911648751,0.7996788032748141,-0.7594964530268464,0.0,0.12472377005225799,0.9478627716349608,low,0
S0016,2025-03-21,12,mid,7,58.015113634798894,0,3,2,1,1,6.0121282757861,0.0,8.053135643089053,0.3449047949941023,0.135070356305934,0.31487772591774976,-0.28272626425084924,0.0,0.9652276595056907,0.6979597110879232,low,0
S0016,2025-03-22,12,mid,7,45.32732477657032,0,3,4,1,1,5.6723681183321855,0.0,9.380329232323762,0.013562095604470636,0.5487466654634174,0.15867764519395577,-0.4344711295658412,0.0,0.3069816494932601,0.21928274773832757,low,0
S0016,2025-03-23,12,mid,6,55.891994270432264,0,0,4,0,0,7.128747163794033,0.0,11.355226647277217,0.9980712535922371,0.8384443861722143,0.5574987596799474,-0.6131408166400869,0.0,0.6814458761198209,0.9376537855579782,low,0
S0016,2025-03-24,12,mid,6,36.91154849139079,0,0,5,0,1,1.1579737223534878,0.0,11.96775741897651,0.34398297606109696,0.29025122019090677,0.4554801723926418,-0.32591662302371005,0.0,0.5479463040706094,0.7735172522712942,low,0
S0016,2025-03-25,12,mid,5,55.17147674379312,0,2,1,0,1,4.848268360030391,0.0,12.547922158547301,0.6470700185389826,0.26440771405595076,0.15601381602353792,0.7389138813160985,0.0,0.10950618052016392,0.7740213057670227,low,0
S0016,2025-03-26,13,mid,8,47.40024174885543,0,1,5,1,0,1.9952220366209654,0.0,10.321559394347249,0.7434986191164329,0.04306742630609717,0.8315546881815776,0.676184453413903,0.0,0.8328660124035029,0.15256852673266985,low,0
S0016,2025-03-27,13,mid,7,52.34964815751985,0,2,4,0,0,5.166738678594891,0.0,11.810288163049774,0.9607562849914706,0.8924554581474337,0.12859174122544603,-0.37842014579653904,0.0,0.24306319151251188,0.572099326050257,low,0
S0016,2025-03-28,13,mid,7,52.2258309819245,0,1,4,0,0,3.692957500043672,0.0,11.344312706374108,0.2229467049335211,0.4245526528734912,0.07211243068746298,-0.5746158784597404,0.0,0.14976812734123657,0.9513217829118404,low,0
S0016,2025-03-29,13,mid,7,42.08708062815199,0,0,4,0,0,0.5397394941707727,0.0,9.208515308798102,0.3255179816312652,0.2675636230815074,0.5445478537124773,0.609957209469087,0.0,0.31075660820355777,0.1900940896880815,low,0
S0016,2025-03-30,13,mid,6,44.56454327921119,0,1,5,1,1,3.7336828935736937,0.0,6.149204069039045,0.5071918880181313,0.23266917002726495,0.39404525518881905,0.0750784088486649,0.0,0.19133920300134066,0.2566878187025806,low,0
S0016,2025-03-31,13,mid,7,38.33191667047853,0,0,3,0,0,7.422530992986026,0.0,12.395514713847007,0.7202454007749819,0.6595199546699549,0.7662389017464225,0.1501714117847457,0.0,0.2607913855244549,0.9123766137307182,low,0
S0017,2025-01-01,1,mid,8,36.97180827083007,0,1,1,1,0,5.146091634972464,0.0,9.939695075517811,0.8615281302980383,0.04509197191137804,0.5734499862265204,-0.6375104569031234,0.0,0.9940125360932185,0.1389230123709737,low,0
S0017,2025-01-02,1,mid,8,51.91821410140088,0,2,1,0,1,6.774564072990909,0.0,13.331496961707336,0.7549010792811566,0.3225061889878198,0.7292522694032362,-0.5342904971061682,0.0,0.4281027709077534,0.8899288171885065,low,0
S0017,2025-01-03,1,mid,6,42.0097154511314,0,0,5,0,0,6.078420267969239,0.0,9.000597009526237,0.6914791822415791,0.6661833328505901,0.3653195631648434,-0.881194052218458,0.0,0.8300730982055773,0.17090379517652798,low,0
S0017,2025-01-04,1,mid,8,28.324310240517313,0,1,3,0,1,3.484604220512482,0.0,10.831033608982073,0.9717167390660514,0.14710001050329713,0.766345725285428,-0.9302972767208271,0.0,0.6245417973398115,0.5467038721028958,low,0
S0017,2025-01-05,1,mid,7,33.22159680043042,0,3,5,0,1,3.8969451997967406,0.0,10.158818404704403,0.4644761457173383,0.8174495144763007,0.7262027876391004,-0.022435164630564275,0.0,0.860049879696217,0.1203647617802297,low,0
S0017,2025-01-06,1,mid,7,50.74081282106535,0,1,1,0,1,6.00189505357585,0.0,11.842655539434734,0.971199567916089,0.9959740585146502,0.24074454697137904,0.8008999723473467,0.0,0.09451550135006914,0.7098002089640555,low,0
S0017,2025-01-07,1,mid,6,35.03701926525726,0,1,3,1,0,4.461461151294743,0.0,7.955832341729238,0.6241961007894813,0.24794514375408117,0.300168798671674,0.41745963721291024,0.0,0.10279602298136903,0.44690509180350746,low,0
S0017,2025-01-08,2,mid,6,51.07907080239103,0,1,5,1,1,2.6923926135281855,0.0,11.3761685356062,0.5625810537646628,0.13325650583301163,0.017552717558312114,0.26103397042799603,0.0,0.6484833418701278,0.5836965828034155,low,0
S0017,2025-01-09,2,mid,7,32.879207048904334,0,0,2,1,0,8.671147944765655,0.0,12.747477296588851,0.28351003565161004,0.8716355039228065,0.5452007351535635,-0.157759431416993,0.0,0.5342817452283175,0.7033130814677766,low,0
S0017,2025-01-10,2,mid,5,58.77862747358404,0,1,4,1,1,1.7911624407656808,0.0,6.763396530411058,0.5236366741373145,0.8699913689145947,0.008679241595875187,0.42097213657912813,0.0,0.29451225543776693,0.20839748021616988,low,0
S0017,2025-01-11,2,mid,5,45.75419530835412,0,2,1,1,0,5.344317339212882,0.0,10.461291488634119,0.5233275937130434,0.9125577718786598,0.8448286249545817,0.4626483533488761,0.0,0.7340759156936286,0.10539347395086329,low,0
S0017,2025-01-12,2,mid,6,43.673182202801044,0,0,3,1,1,3.910027486745099,0.0,8.241234691694011,0.6692578837073668,0.9159540849719828,0.1590442470992416,0.9249310675128521,0.0,0.319372326016229,0.3913140434568001,low,0
S0017,2025-01-13,2,mid,7,34.36785151234798,0,1,2,1,1,1.3531611448883396,0.0,13.632574328392115,0.8841143852998666,0.667660523127356,0.20540633059980873,-0.36019401298854525,0.0,0.7878781017032536,0.10452538102009945,low,0
S0017,2025-01-14,2,mid,6,57.9665009545505,0,1,2,0,0,5.327902961789621,0.0,11.231380665706233,0.2129654500014342,0.3600900958135508,0.47723987480893126,0.2092495444045075,0.0,0.6686630898116874,0.5542147153188828,low,0
S0017,2025-01-15,3,mid,7,41.99557191172448,0,0,5,1,1,7.520225093505575,0.0,10.406673307119782,0.27880026265763946,0.6211443890693135,0.47959069917303987,-0.42284191876445676,0.0,0.5103590811946472,0.16796239639587718,low,0
S0017,2025-01-16,3,mid,6,48.06185632105468,0,1,1,1,1,3.3541027482752854,0.0,5.609490690086782,0.19942885830395674,0.9710739982658219,0.5172964958900732,0.7921133749959692,0.0,0.3464997710168477,0.8608416030974757,low,0
S0017,2025-01-17,3,mid,6,52.13298176620632,0,3,5,1,0,3.6464633947917147,0.0,14.635380601074129,0.03293529782984572,0.27373585884983864,0.46619580523704207,0.9489844323212779,0.0,0.8811586669543453,0.18140614400219046,low,0
S0017,2025-01-18,3,mid,7,46.255355379905495,0,0,5,0,1,3.957941446336207,0.0,14.195596734034206,0.505840862459059,0.6446967183511181,0.909637922306656,0.4151056622804399,0.0,0.04545922559038451,0.8385603633980176,low,0
S0017,2025-01-19,3,mid,6,47.819842426944234,0,2,5,0,1,8.851470840917198,0.0,9.082094508564339,0.398458890819826,0.026156144532413106,0.4410266235155673,0.8042583845865232,0.0,0.8566151283141212,0.4089971854095129,low,0
S0017,2025-01-20,3,mid,7,43.4691121737295,0,1,1,1,0,8.165760090647245,0.0,11.125546937353255,0.19570981433606793,0.36791093781607076,0.016616226727160566,0.6790441114444241,0.0,0.7799635249316695,0.06325403087429238,low,0
S0017,2025-01-21,3,mid,7,43.70897291526276,0,1,5,1,0,0.0,0.0,11.704433718020395,0.6915583668255432,0.1962320462190441,0.9814886636617198,0.290613060544898,0.0,0.3656561746118562,0.6002022080701612,low,0
S0017,2025-01-22,4,mid,7,32.64429986690742,0,0,5,0,0,2.31999200995084,0.0,10.291917255708793,0.022093747104774852,0.35470375812420907,0.9182280556966069,0.9931082163517619,0.0,0.9453679748120026,0.7294199932542568,low,0
S0017,2025-01-23,4,mid,9,58.37426253800426,0,2,1,0,1,6.4649530584761985,0.0,8.467668424286583,0.9037489307433911,0.5390082375602997,0.0316356172129324,0.8539471415835362,0.0,0.7020642580272864,0.4140279237553608,low,0
S0017,2025-01-24,4,mid,5,64.39691442728385,0,2,5,1,1,3.3160469418757965,0.0,8.667497735908858,0.21998549513811116,0.011238982665376929,0.2271954146877032,-0.33457683613525213,0.0,0.031567496409881324,0.6079041242971477,low,0
S0017,2025-01-25,4,mid,6,46.51055756917272,0,3,5,1,1,4.4105348614105795,0.0,4.1935802614898,0.234160740101667,0.9891499106666726,0.2605064492602319,-0.16747681430126682,0.0,0.6811289513243032,0.876017669650776,low,0
S0017,2025-01-26,4,mid,6,42.49232575312785,0,1,4,1,1,1.6065281144979124,0.0,5.67277605929193,0.4885811449750451,0.41686978336443736,0.8283262460927457,-0.06999597394661428,0.0,0.295614360210846,0.7748602686966518,low,0
S0017,2025-01-27,4,mid,6,56.03092233558876,0,1,4,1,0,5.167379639953774,0.0,8.953234820676963,0.30333538239498714,0.7425371624554654,0.8960825606325922,-0.7212176525392986,0.0,0.7245228385789239,0.5145199982883433,low,0
S0017,2025-01-28,4,mid,7,37.03478692296457,0,1,5,0,1,4.529457650463745,0.0,11.908214993569414,0.4268284076143207,0.3649785404687468,0.4086081399197039,-0.48161370162466954,0.0,0.6986046783114386,0.7581831102701669,low,0
S0017,2025-01-29,5,mid,6,55.28940957528092,0,3,4,0,1,11.743641628833538,0.0,9.071279721498223,0.040600101920599596,0.312131223490555,0.9556441806277962,-0.1477771272797288,0.0,0.18670198455830744,0.5133387070264082,low,0
S0017,2025-01-30,5,mid,7,39.7369047625302,0,1,5,0,1,0.0,0.0,11.496766045600438,0.2386791068743811,0.4473250411116366,0.9504271496301374,-0.5784247320912326,0.0,0.17904123845076236,0.24189630405944795,low,0
S0017,2025-01-31,5,mid,7,45.904268440137535,0,1,3,0,0,3.9055631194680545,0.0,15.369372310925202,0.7312903860658883,0.9274612802434268,0.7500340979469039,-0.11606928937723526,0.0,0.15097568151388074,0.8063509758054337,low,0
S0017,2025-02-01,5,mid,6,44.26526945435782,0,1,2,1,1,3.8980970419058893,0.0,8.568478094060943,0.36235161870946786,0.9133561975348903,0.47619346355655556,0.8411674381781731,0.0,0.3343387804152357,0.22652864522699934,low,0
S0017,2025-02-02,5,mid,9,43.99538383150575,0,1,2,1,0,7.638151256118439,0.0,6.81643690827751,4.8123894311746795e-05,0.9317976544659986,0.5503832353083729,0.2406777281239989,0.0,0.6646594135390986,0.5613690172183667,low,0
S0017,2025-02-03,5,mid,7,55.33647177678736,0,2,2,1,1,4.295323483042059,0.0,8.974358765165125,0.5471830820679408,0.6594385611161038,0.9619105848602607,-0.15613873853644056,0.0,0.7649392396719134,0.1165207472913764,low,0
S0017,2025-02-04,5,mid,7,53.341734635346135,0,1,1,0,0,2.6668225069376867,0.0,15.626558334448067,0.26609609240954823,0.4407494003715766,0.8441400020651998,0.8541588100872723,0.0,0.4874761446534416,0.5667529151128025,low,0
S0017,2025-02-05,6,mid,7,28.046548084104398,0,2,1,0,0,5.544904893715191,0.0,11.17782888432344,0.27620963266520904,0.2415595072164014,0.8385371897975978,-0.6373650478357953,0.0,0.6056113074866436,0.4389299435829642,low,0
S0017,2025-02-06,6,mid,4,27.932752122125756,0,1,1,1,0,4.098663644863985,0.0,16.778806083227437,0.6446420066063492,0.9069460031486639,0.5663818006102074,0.5995723829202124,0.0,0.9807427252251976,0.7055682020755667,low,0
S0017,2025-02-07,6,mid,6,45.80159760487553,0,1,2,0,0,6.120225488088332,0.0,10.07549474907768,0.2844611586558179,0.7616519889681673,0.5747762456722708,0.40159692311607675,0.0,0.4178174517811243,0.2792075389642684,low,0
S0017,2025-02-08,6,mid,4,52.95771392366951,0,0,4,1,1,8.38750124842951,0.0,12.57006336795584,0.9858013507485217,0.9425902142769116,0.7124507647119775,0.043578822488931745,0.0,0.16152392229926127,0.3841765552044174,low,0
S0017,2025-02-09,6,mid,8,51.0453030617993,0,2,1,1,1,3.974822658011994,0.0,13.547945585486968,0.6585951811884713,0.4881594782772217,0.22789309770992672,0.5225285624499751,0.0,0.2627527078124131,0.3404477530416592,low,0
S0017,2025-02-10,6,mid,7,36.43384772688245,0,1,1,0,0,4.834753604275689,0.0,12.828526525997468,0.36652685868202983,0.12669060890519246,0.16795420436741426,0.8407206278277202,0.0,0.45661703339972226,0.7221839193592607,low,0
S0017,2025-02-11,6,mid,7,38.4370548191367,0,1,2,0,0,4.242031851883618,0.0,12.429337817684274,0.41449752513895,0.44633402572063796,0.8482746006672285,-0.3242157108130792,0.0,0.8922798858564818,0.616939138048048,low,0
S0017,2025-02-12,7,mid,4,48.15496808323492,0,0,3,0,0,4.225634082791705,0.0,11.092949267769711,0.47366475695218824,0.9215831340605264,0.9987792878543064,-0.49871776364983345,0.0,0.9355681707661002,0.2613886808010255,low,0
S0017,2025-02-13,7,mid,7,42.75002071688781,0,3,5,1,0,2.611766619960681,0.0,9.58291563785924,0.3157675592251705,0.8576471214221869,0.897558409886164,0.22030616779827716,0.0,0.4982672570007528,0.7128396881493003,low,0
S0017,2025-02-14,7,mid,7,45.40462993623227,0,0,2,0,1,4.980599525869309,0.0,12.593755731754925,0.13480900200138146,0.8149579674929025,0.5851651865033476,0.5463320317145135,0.0,0.4625236314105903,0.20388392193682658,low,0
S0017,2025-02-15,7,mid,7,40.956311817823156,0,0,5,1,0,0.0,0.0,10.050122154213925,0.8399408171469137,0.08734041411394433,0.4169420162710593,-0.2485984511558328,0.0,0.34985138703039276,0.3076922436530731,low,0
S0017,2025-02-16,7,mid,6,40.13507384454515,0,2,5,1,1,4.369499273754298,0.0,7.246785755063238,0.5898824509170308,0.703942941806841,0.0782398924342762,0.112614941229358,0.0,0.2761240784481376,0.6172662871336426,low,0
S0017,2025-02-17,7,mid,7,47.50123062905939,0,1,3,1,1,2.764141235729161,0.0,11.275051954340654,0.11676635982033512,0.3701226204775434,0.30764732461884137,-0.441490438171094,0.0,0.4681960449310212,0.9128738429764635,low,0
S0017,2025-02-18,7,mid,7,71.64673659972792,0,1,2,0,0,6.235241330169301,0.0,13.667035769403924,0.3407393557110129,0.04749422468232223,0.8655750626971209,-0.6604099901286413,0.0,0.930742218281428,0.47859537859595846,low,0
S0017,2025-02-19,8,mid,8,36.85928777507817,0,1,5,1,1,2.8565638413035526,0.0,12.453391745607163,0.18499969750197942,0.23036766342481607,0.26356388918551743,-0.539633017331997,0.0,0.6585064471923961,0.11593351065750634,low,0
S0017,2025-02-20,8,mid,8,31.03270553236805,0,0,1,0,0,5.0322044919639035,0.0,8.78705606942075,0.7624512959857546,0.05641430664451719,0.4226078792741066,-0.09757971348486594,0.0,0.9540204523357757,0.47568395378296036,low,0
S0017,2025-02-21,8,mid,6,55.55409714892302,0,1,4,0,0,6.699043973988248,0.0,7.39980198801906,0.054626288766484565,0.6312457207616191,0.35084782405217974,0.5378188790949503,0.0,0.8633042864353935,0.3648210422175162,low,0
S0017,2025-02-22,8,mid,5,45.68750056763572,0,1,5,0,0,6.650904301562321,0.0,10.861579833618382,0.9119685798632257,0.7932396998405684,0.17614113387417663,0.6348628184277394,0.0,0.2765648124156246,0.922398027432509,low,0
S0017,2025-02-23,8,mid,7,51.9565954429911,0,0,4,1,0,7.607634503010308,0.0,14.640273505597875,0.35811621650427006,0.4237717467795218,0.31825677763312066,0.999036262830906,0.0,0.5800644539843893,0.09205532109746228,low,0
S0017,2025-02-24,8,mid,6,45.27408527303267,0,0,1,1,0,5.5567713906417655,0.0,13.336980473170788,0.1612368084346456,0.015222471491490808,0.7008024813019439,0.10027934965063356,0.0,0.6507971417200795,0.8131846701995957,low,0
S0017,2025-02-25,8,mid,5,43.20267485989879,0,2,5,1,1,3.7011779533412836,0.0,13.092495494734525,0.2529528513335707,0.5150133869112811,0.9971352250012507,0.6086438828682421,0.0,0.7297927321183237,0.4520127466939773,low,0
S0017,2025-02-26,9,mid,7,40.64905905594481,0,2,4,1,1,3.2018057347776048,0.0,9.210626419118691,0.8424542043725145,0.49816841568734527,0.127376032527851,-0.7693749556359841,0.0,0.1592423940098927,0.7509732596671058,low,0
S0017,2025-02-27,9,mid,6,51.54747219161467,0,1,3,1,0,3.5062608515265326,0.0,9.281969459556395,0.6249635170932158,0.2386242437463968,0.8033127563841809,-0.21168763973210836,0.0,0.458558482290652,0.646422054115559,low,0
S0017,2025-02-28,9,mid,6,52.472805557478594,0,2,4,1,0,8.866130451421581,0.0,7.526444339598781,0.20488722869177545,0.4704649826176024,0.9800927138592751,-0.6094256979679809,0.0,0.6364450278487571,0.5755977487667954,low,0
S0017,2025-03-01,9,mid,9,56.34721035485864,0,1,3,1,0,3.3935155228857523,0.0,4.559705325479364,0.9111328107904566,0.5014065577094429,0.26970076524568376,-0.2199058696723104,0.0,0.4364344414947472,0.6699958735292785,low,0
S0017,2025-03-02,9,mid,6,40.33570458242338,0,1,2,0,1,4.628526473163003,0.0,6.661707765036837,0.28200256942620183,0.7645165610361319,0.10669007054927138,0.8349304511096076,0.0,0.8953271799439111,0.9087568169332881,low,0
S0017,2025-03-03,9,mid,6,47.9952041941616,0,1,3,1,1,0.0,0.0,15.083786161101875,0.9596402117655879,0.18502277698775915,0.15799423064666818,0.4268381218013433,0.0,0.07455188487023212,0.48289145599427674,low,0
S0017,2025-03-04,9,mid,5,43.35725416112409,0,1,5,0,1,6.044928234780191,0.0,8.944353477578645,0.8989910560520938,0.45806886236880606,0.44004146765420227,-0.6497187322277005,0.0,0.9684107886911513,0.21313847535904318,low,0
S0017,2025-03-05,10,mid,7,34.33331262225239,0,0,3,1,0,5.578164372362992,0.0,8.924357097657913,0.20859332001255793,0.49167729290845996,0.8564824498781529,-0.6131509779146149,0.0,0.24188464798278753,0.06277115649919152,low,0
S0017,2025-03-06,10,mid,6,44.73585215342803,0,0,3,1,0,1.87179647304144,0.0,10.674450210074424,0.30116553700125925,0.2451321648345136,0.6501723135725108,0.10705792423226712,0.0,0.0779744235218115,0.5265265331751754,low,0
S0017,2025-03-07,10,mid,7,54.39029157499145,0,1,5,0,0,3.849006391369082,0.0,9.043210081149926,0.43301811831932047,0.21451987281172857,0.4295411753952091,0.9820963455979002,0.0,0.5741220937740219,0.6936002228467437,low,0
S0017,2025-03-08,10,mid,7,50.4016569611648,0,2,2,1,1,6.407591767501637,0.0,8.896410118910548,0.6030542679324817,0.4531254069036049,0.2225731112886351,0.47678433057228564,0.0,0.9041407489043,0.23530839807537074,low,0
S0017,2025-03-09,10,mid,7,36.0038134245421,0,2,4,1,1,5.8372846348606116,0.0,11.629525569298146,0.5889754347615201,0.27495911039690324,0.9379885277220562,0.3066304495382932,0.0,0.9704766464417824,0.5801170330420308,low,0
S0017,2025-03-10,10,mid,7,49.719104151741426,0,0,5,1,1,7.460968712716705,0.0,5.985008119538609,0.5622232498442106,0.7615073096765237,0.8661779216450524,0.20608913859909594,0.0,0.8159045863814569,0.3122855758892552,low,0
S0017,2025-03-11,10,mid,6,30.250493202896617,0,1,5,1,0,5.796756838774792,0.0,7.94497805587074,0.6806289156376021,0.9929081920521134,0.6288098017941077,0.6002758847678833,0.0,0.26828785088883256,0.34002413529597975,low,0
S0017,2025-03-12,11,mid,7,47.554983438050456,0,1,4,0,0,6.412566286287497,0.0,11.21319856278449,0.9756521313912715,0.9523515039590553,0.3253278267641415,-0.15661257256363648,0.0,0.10953660497737128,0.24754428701804598,low,0
S0017,2025-03-13,11,mid,6,53.52856439401765,0,2,4,1,0,3.0360208403140163,0.0,9.14332935548118,0.32050995515961367,0.19373851146504872,0.6218395864940193,-0.28628969372408664,0.0,0.295007261243857,0.7571331917183721,low,0
S0017,2025-03-14,11,mid,7,30.642819658893984,0,0,3,0,1,3.670066977360007,0.0,5.371533552888362,0.7492929116644371,0.07298271473095086,0.6595469950926396,0.4320272818656872,0.0,0.6539213699257515,0.7606696381675556,low,0
S0017,2025-03-15,11,mid,7,32.71055093528108,0,2,4,0,1,8.773619463498756,0.0,6.813409511314212,0.4808025078372532,0.7207154516572003,0.9383865211333915,-0.38068138325345346,0.0,0.8188751704389413,0.6548489327759801,low,0
S0017,2025-03-16,11,mid,7,38.46772399418249,0,1,2,1,0,7.727650347200753,0.0,10.018769622912213,0.7452184771961559,0.020478461124399328,0.6302381571061616,-0.1268577533828179,0.0,0.4566289891511416,0.8183730538698947,low,0
S0017,2025-03-17,11,mid,7,46.23062366526285,0,2,4,1,1,2.010944346276743,0.0,12.493329879946334,0.792830752100424,0.6033174468894399,0.6948257054559152,-0.2501803239820042,0.0,0.43043800651148056,0.20768208296445678,low,0
S0017,2025-03-18,11,mid,5,52.24734819367084,0,1,5,0,0,2.5637031758614537,0.0,13.583394415983,0.40938683681644916,0.23116581965392025,0.9792999974174053,-0.00599405497936667,0.0,0.9960769157965979,0.48978597806126634,low,0
S0017,2025-03-19,12,mid,7,29.792524751911102,0,0,2,1,0,4.570458454125156,0.0,5.512104264160905,0.3272431290000485,0.983985988644394,0.07648977325413198,-0.3871216181534449,0.0,0.382722160427296,0.49345899372194046,low,0
S0017,2025-03-20,12,mid,7,28.66059566820985,0,2,4,0,0,2.5725756020534996,0.0,12.590816520658864,0.35654214321427224,0.9405592607568448,0.24044812540807947,-0.8099944763541387,0.0,0.06928490144422583,0.5046151100994621,low,0
S0017,2025-03-21,12,mid,5,56.38698946694648,0,1,3,1,0,4.962641531359966,0.0,16.574098887434808,0.7973290857389358,0.061242106551493536,0.8888982962516311,0.9927970637989456,0.0,0.015739972248782985,0.9676400655399332,low,0
S0017,2025-03-22,12,mid,7,34.4630717606238,0,0,5,0,0,3.489932008179003,0.0,15.689812205721784,0.0596738603371072,0.47218360663446746,0.5167606342967996,0.7093664161857369,0.0,0.7323490696478979,0.07930247475338636,low,0
S0017,2025-03-23,12,mid,6,34.82508937111922,0,0,5,1,0,6.432092276225366,0.0,6.110205467771921,0.0760493701915278,0.572529873623784,0.8192862362841031,0.5330475532088617,0.0,0.15117169828232546,0.9147317347788052,low,0
S0017,2025-03-24,12,mid,7,53.92431830164348,0,1,3,0,1,6.774800621391765,0.0,6.34892075900038,0.35392619504438194,0.5738548329022312,0.3845657494316247,-0.3924770679644418,0.0,0.8559144754320444,0.7538382591853766,low,0
S0017,2025-03-25,12,mid,6,25.752964486191225,0,3,2,0,0,5.734093585859936,0.0,10.839435562907067,0.747832360934888,0.895435100756106,0.07629354331391325,0.8598631979632909,0.0,0.39640615372565613,0.9216142232804446,low,0
S0017,2025-03-26,13,mid,7,41.02259715754468,0,3,2,1,0,3.758918249108679,0.0,7.749885467070637,0.22201053427432094,0.5488153301632129,0.9061606345318933,0.8254532521767952,0.0,0.05476377752582551,0.07989940095189352,low,0
S0017,2025-03-27,13,mid,6,36.508603534870076,0,0,4,1,0,4.100451539619238,0.0,7.662908420772003,0.015874421793847793,0.7869654919674565,0.3114643326814126,0.17767493868366246,0.0,0.039218501280014584,0.7154602666747475,low,0
S0017,2025-03-28,13,mid,8,47.303891704082204,0,1,5,1,1,2.502836621800471,0.0,10.620449085374212,0.0009918644696270684,0.8692000880648071,0.6715277878140676,-0.8021143558989532,0.0,0.6640723676838556,0.6116473327375985,low,0
S0017,2025-03-29,13,mid,4,36.65805906126217,0,1,4,1,0,5.049271104419898,0.0,6.541197698762549,0.6436633672643735,0.4624668731004188,0.9518374354168085,-0.3335745538167898,0.0,0.5273776630980636,0.07544993547966361,low,0
S0017,2025-03-30,13,mid,6,56.00285829082516,0,2,2,0,0,8.084958317528866,0.0,9.982743019414391,0.3139025531672073,0.7012382779042275,0.931921264238809,-0.08203098613066229,0.0,0.24415965623062186,0.9177578620802471,low,0
S0017,2025-03-31,13,mid,4,37.60150420431796,0,0,2,1,1,5.8687538440567355,0.0,10.394846119818226,0.6857437323304836,0.9266494080645696,0.7841322586084434,0.45575524414234647,0.0,0.4140619402133414,0.32479450286336864,low,0
S0018,2025-01-01,1,mid,4,44.77322474512659,0,1,3,1,1,7.26052670375549,0.0,9.543140134636664,0.5747336515388624,0.6187381412176327,0.9341944419085537,-0.670768211921124,0.0,0.5430242292969959,0.058138599966034765,low,0
S0018,2025-01-02,1,mid,4,41.08500956215491,0,0,3,1,0,9.192322552101903,0.0,8.563910856976163,0.4710674777451407,0.14347570413421473,0.5078028847985135,0.8135788077720503,0.0,0.15944141162021241,0.689754640977749,low,0
S0018,2025-01-03,1,mid,6,50.61711027918443,0,0,1,0,0,5.251439086882507,0.0,7.2653336587027315,0.5305941458002693,0.06890969560318216,0.6339383601951246,-0.4262911322123788,0.0,0.1037679661646207,0.1786419309184527,low,0
S0018,2025-01-04,1,mid,3,43.49044517131105,0,0,1,0,1,5.648474602532689,0.0,12.837187337950699,0.8190574556693498,0.8875800485895678,0.25947564957181846,0.698823175898639,0.0,0.1947937836376018,0.41334226414881536,low,0
S0018,2025-01-05,1,mid,6,49.74029528159306,0,0,2,1,0,10.602820756438355,0.0,12.282146900126724,0.09024131766741716,0.284484479207302,0.26276403791425407,-0.6275567810777694,0.0,0.31563812720065376,0.03710851153829664,low,0
S0018,2025-01-06,1,mid,3,58.54744233616806,0,2,4,1,1,4.14585171892939,0.0,5.773397995519977,0.34441606025567717,0.01142518740375098,0.3132807293890614,-0.027875751354099476,0.0,0.5998486332100811,0.9345689467104553,low,0
S0018,2025-01-07,1,mid,4,40.50437870912936,0,3,5,1,1,6.938365974724536,0.0,12.20055538741365,0.12455538839948932,0.6537325001261435,0.29572390495167467,0.5205424868056674,0.0,0.24037395403146622,0.6839786768204107,low,0
S0018,2025-01-08,2,mid,4,47.9209041798486,0,3,1,1,1,1.6483663794845325,0.0,17.162488968622814,0.7251346265816816,0.8580541790063455,0.3029580811956363,-0.5581644656482188,0.0,0.6701991663149424,0.9147324240549534,low,0
S0018,2025-01-09,2,mid,3,36.37902956255208,0,0,5,1,1,6.579571491725131,0.0,11.607893227727496,0.8988857538621452,0.06813426377648368,0.3020787992734968,-0.3595399180629564,0.0,0.4344459512198786,0.16926475071541902,low,0
S0018,2025-01-10,2,mid,7,44.508262157294475,0,1,5,0,0,7.874546593505507,0.0,4.503035514194423,0.31669541546289626,0.7091732531595895,0.24869594066700473,0.6463919938804243,0.0,0.2723534131334612,0.9927011622905122,low,0
S0018,2025-01-11,2,mid,5,41.382365677302694,0,1,3,1,0,2.8535779077003744,0.0,6.185847995996008,0.19699305583894056,0.9613247181162168,0.2447439405988301,-0.5051127620367759,0.0,0.9438978902546958,0.9008988549951829,low,0
S0018,2025-01-12,2,mid,5,41.04698894870102,0,0,3,0,0,5.357863457876322,0.0,9.791601845162276,0.5897288254658801,0.7873824254158056,0.04537725278032245,-0.7869266127832562,0.0,0.8145369608625923,0.6235495494176357,low,0
S0018,2025-01-13,2,mid,4,32.38122556641515,0,2,4,1,0,6.912258082586515,0.0,6.9373548940254715,0.7632778849269771,0.7297354999183951,0.82014406795187,0.8074599524272752,0.0,0.09842986898934025,0.10476385768111884,low,0
S0018,2025-01-14,2,mid,4,52.798745284307934,0,0,5,0,0,5.984944493228576,0.0,9.480070456301341,0.03063569220614326,0.7517418795059431,0.8413749661359962,-0.44587854916449965,0.0,0.21471436951981226,0.9148208935862071,low,0
S0018,2025-01-15,3,mid,4,47.893138741555305,0,0,2,1,1,6.276791635198993,0.0,10.017705316852862,0.4202354631919739,0.881681995814269,0.6607447186605733,-0.7567610825728877,0.0,0.7445070366477197,0.5202090739563148,low,0
S0018,2025-01-16,3,mid,4,35.37198785274714,0,1,5,1,0,4.335604567716134,0.0,14.278702774239294,0.20153793698766675,0.6511257449523244,0.7327618613816829,-0.7498575210988618,0.0,0.27698025997493414,0.22127675537223324,low,0
S0018,2025-01-17,3,mid,6,38.86624371526813,0,2,4,1,1,6.952599406530357,0.0,12.247442535376619,0.7390127436095144,0.08189252820000481,0.310293419286774,-0.3131372364205005,0.0,0.36925447415014123,0.344313778651542,low,0
S0018,2025-01-18,3,mid,5,52.96766292493686,0,0,1,0,0,5.282833945142005,0.0,13.640937562589432,0.32332309952674887,0.47855871508035264,0.512268750784452,-0.19872591162394415,0.0,0.9298424936337062,0.743883110942502,low,0
S0018,2025-01-19,3,mid,5,30.205466669102574,0,1,2,1,1,9.27144551438467,0.0,7.997297498391903,0.23069612344865287,0.40300899993191985,0.8711825954200031,-0.9416049559610384,0.0,0.5327592726434743,0.8727982978990213,low,0
S0018,2025-01-20,3,mid,4,41.41373334957345,0,0,3,0,1,5.082043512486926,0.0,15.349475354750885,0.5929053414052634,0.7607146278696642,0.6073087429212753,0.2312302187775772,0.0,0.7892195914275945,0.9490868158193733,low,0
S0018,2025-01-21,3,mid,6,26.15669981047155,0,0,2,1,1,5.100853528278886,0.0,13.786833672015018,0.7310663732984578,0.01900740002567136,0.4644926696283156,0.8026353303271685,0.0,0.2243139093057851,0.03152218530711293,low,0
S0018,2025-01-22,4,mid,6,39.309386091534265,0,1,3,0,1,5.22617203800449,0.0,13.146639719759126,0.24422533359937815,0.09611006569868397,0.8685441674915627,-0.8078945608208914,0.0,0.013180037749451312,0.46939757733863874,low,0
S0018,2025-01-23,4,mid,4,62.086088162723044,0,0,5,0,1,6.24854035531144,0.0,8.170896429034928,0.4791682117481334,0.5363528105904403,0.5458300096542491,-0.42638712585759797,0.0,0.2501341043370423,0.004766130481536401,low,0
S0018,2025-01-24,4,mid,4,20.229192041903023,0,1,4,0,0,3.8327211471496554,0.0,8.816541971252713,0.1930722737967313,0.9709866519036069,0.5494744796854908,-0.6349955539988503,0.0,0.8407461546868151,0.3951912443125549,low,0
S0018,2025-01-25,4,mid,4,49.589421583025455,0,1,4,1,0,7.210669379061852,0.0,15.004916990975005,0.048832933629728625,0.31961782258475613,0.3950336322767527,-0.5038794609740711,0.0,0.038670044018810135,0.3188218961060588,low,0
S0018,2025-01-26,4,mid,4,56.870848787786144,0,0,4,1,0,0.7704702070956246,0.0,9.239998775539767,0.1770966942940838,0.9392477228751088,0.316079718679505,0.6013829271485709,0.0,0.7153470212874742,0.7909176002781291,low,0
S0018,2025-01-27,4,mid,5,50.98899609720766,0,1,4,0,0,4.357843349169688,0.0,6.684335183089491,0.21677101238427177,0.3046255695163306,0.9974911608761765,0.31729739429960513,0.0,0.9222176023144519,0.43579837485432904,low,0
S0018,2025-01-28,4,mid,4,63.08925837418096,0,0,5,0,0,7.096729771270846,0.0,11.06514301436528,0.020836826262080943,0.0662395020883535,0.4574669923029103,0.4754414723363787,0.0,0.1577076447119513,0.27165131954919386,low,0
S0018,2025-01-29,5,mid,4,31.02785754075409,0,0,2,0,1,3.5367334696255175,0.0,10.581765839444607,0.6377456662457177,0.4770771715592135,0.9345655747071387,-0.4213913657918935,0.0,0.72616641969916,0.7308608230445699,low,0
S0018,2025-01-30,5,mid,5,43.388725133139985,0,1,2,0,0,4.2986488007222645,0.0,8.571758488681214,0.12006991088802954,0.2473381570513945,0.7981759384617949,-0.7349117897498485,0.0,0.9941656322935339,0.3270977760977919,low,0
S0018,2025-01-31,5,mid,5,31.870707554989334,0,0,2,1,0,5.320262305521206,0.0,7.724413903856222,0.18662149156682672,0.49855764028177596,0.37006206286997556,0.6077527542883987,0.0,0.3204896372653623,0.4582654823968083,low,0
S0018,2025-02-01,5,mid,4,61.82322212952002,0,2,4,0,1,6.70738119662378,0.0,9.035562650273985,0.0808520330396183,0.19656637671020738,0.9786773168195908,0.6945776242406971,0.0,0.9120634940837636,0.1421544186553172,low,0
S0018,2025-02-02,5,mid,5,31.893853150520435,0,1,5,0,0,4.806058964662716,0.0,7.029583324767306,0.1806365509475325,0.7450365341015921,0.11805889976181416,-0.5203165030382209,0.0,0.19640596764907137,0.5525197803669779,low,0
S0018,2025-02-03,5,mid,5,55.804390648354484,0,0,2,1,0,5.525922799601721,0.0,10.069799190770972,0.2045063133991235,0.14099339836597746,0.6116720776304204,-0.5526157133358733,0.0,0.6391553456502899,0.9724890885195508,low,0
S0018,2025-02-04,5,mid,5,32.53785392812206,0,2,2,0,1,5.921131757203088,0.0,5.2547703614963694,0.8438520582019737,0.9206884411696955,0.4858233671513007,0.2793762042908581,0.0,0.0029801307823309475,0.2532233075133896,low,0
S0018,2025-02-05,6,mid,4,42.342487591121554,0,0,4,0,0,4.558195982287405,0.0,14.266094866085338,0.8757212980691675,0.8548165645691179,0.8780579527918337,0.32207406531367,0.0,0.30478899967357986,0.481251282371572,low,0
S0018,2025-02-06,6,mid,4,51.80242932162123,0,2,1,1,1,1.4454724026207066,0.0,11.428032400196876,0.6208897045993514,0.4101497198886398,0.14541615009261488,0.3791945806554662,0.0,0.12958216792992272,0.19066858102117323,low,0
S0018,2025-02-07,6,mid,5,55.41912604177478,0,1,1,1,1,6.027164154077932,0.0,11.645661887777987,0.4486931369634679,0.10971116886006482,0.5161231573169517,-0.21039359999066765,0.0,0.5185474310440127,0.43989520202558263,low,0
S0018,2025-02-08,6,mid,6,49.987267762817865,0,2,4,1,0,6.516489552309595,0.0,4.735387445373246,0.3647838133702479,0.5606978174642661,0.43850124827457704,-0.4267688831005447,0.0,0.09540343420515862,0.8918384573447826,low,0
S0018,2025-02-09,6,mid,5,58.25263603127389,0,0,3,0,0,3.3304762413161653,0.0,9.760828611322058,0.8419991656663279,0.12154106932419406,0.48345984302988165,-0.23406353361815646,0.0,0.5122870843119428,0.887482517068172,low,0
S0018,2025-02-10,6,mid,6,40.968461376020706,0,0,5,1,1,4.984063950277572,0.0,10.940236157991546,0.23821405282914765,0.769664488498658,0.264285221212482,0.4544313760372847,0.0,0.8372857778497611,0.7842633772952806,low,0
S0018,2025-02-11,6,mid,4,29.576193915537367,0,1,2,1,1,11.226503355796583,0.0,13.176085679274216,0.8199004299844582,0.5173344984794952,0.2307839225136752,0.32625747648837433,0.0,0.7973141440866252,0.31937166643826176,low,0
S0018,2025-02-12,7,mid,4,48.953180533208524,0,0,2,1,1,3.958338481384797,0.0,13.040262164015143,0.7059181105982749,0.699823733343828,0.9937005233882049,-0.06025455272731839,0.0,0.7378323605059232,0.048752877286102336,low,0
S0018,2025-02-13,7,mid,3,43.39131242668203,0,2,2,0,0,5.074670154221425,0.0,9.916249228097557,0.49679125842969585,0.7585449208966136,0.06438410592868082,-0.16634699215029602,0.0,0.6742402806643377,0.1334064812782133,low,0
S0018,2025-02-14,7,mid,4,43.12070623199261,0,6,1,1,1,4.440178963200906,0.0,8.591805522412589,0.4589144732646183,0.26597194376422595,0.4339739231529036,-0.5480849187246954,0.0,0.3496005038060167,0.6522968835966276,low,0
S0018,2025-02-15,7,mid,4,53.60992622695033,0,1,4,1,0,5.197905532288053,0.0,6.706145199029885,0.6796424640713253,0.05777919206310933,0.07028442064055129,0.7392583854978108,0.0,0.4562331485675083,0.46295159963864785,low,0
S0018,2025-02-16,7,mid,4,48.78814814230854,0,2,1,1,0,8.45809451238526,0.0,14.715903956162851,0.9285417634273816,0.2864648171450218,0.2788366132106962,-0.1190326973206437,0.0,0.35691490147151517,0.7363458626893268,low,0
S0018,2025-02-17,7,mid,6,51.972281793958295,0,2,4,0,1,6.795452623618239,0.0,8.317483788248683,0.053171685218353804,0.5297659853858404,0.5366916785560121,0.2574997063889246,0.0,0.8100052033899383,0.761923381723148,low,0
S0018,2025-02-18,7,mid,4,60.21268103873755,0,1,3,1,0,4.350391143906746,0.0,12.146441152272454,0.9139026192809402,0.7579840385050814,0.40080123086202313,-0.336988803149493,0.0,0.975142699386101,0.7126269631113109,low,0
S0018,2025-02-19,8,mid,6,32.11180958218161,0,1,5,1,1,6.384225439046694,0.0,10.788571905998062,0.9932649681452719,0.7092868733480133,0.9278208017504327,0.7168205077659082,0.0,0.29503739798127915,0.9329079830430356,low,0
S0018,2025-02-20,8,mid,4,39.748391815331374,0,1,1,0,1,6.228419388314184,0.0,9.743819018161037,0.38311586449683266,0.6017866688516357,0.4503114713231361,0.35187032770394056,0.0,0.1836247293841865,0.40062853284048494,low,0
S0018,2025-02-21,8,mid,5,38.19137409045071,0,1,1,0,1,5.294987255022669,0.0,16.438128042020864,0.23113186062560287,0.40290961636165257,0.37318345986368173,0.9747204090706685,0.0,0.8535658372113794,0.38796633338382425,low,0
S0018,2025-02-22,8,mid,4,51.51477246707511,0,2,3,0,1,6.334732417730627,0.0,10.374510423122004,0.2844967840557142,0.4588518176461297,0.6551169301393401,0.6893898235911655,0.0,0.2533339206409648,0.28028995098039056,low,0
S0018,2025-02-23,8,mid,6,48.004042583827285,0,1,4,1,1,4.980009375244319,0.0,7.3677939520419535,0.9308324158174878,0.8966009580549783,0.3373808454831456,0.06273572764267765,0.0,0.6973835240876468,0.34000926690790534,low,0
S0018,2025-02-24,8,mid,5,37.54655704950213,0,1,5,1,1,3.7721990749806755,0.0,8.355631691240198,0.8599422372418859,0.9448108544661389,0.08001460782698788,0.529765414372841,0.0,0.45331153642729016,0.38897164130825335,low,0
S0018,2025-02-25,8,mid,3,53.974301054388846,0,0,3,0,0,4.42997274963851,0.0,4.004166784845973,0.7358286970505784,0.32566132549259685,0.1945402656577434,-0.5387604614927892,0.0,0.8911770791617145,0.20472040641736877,low,0
S0018,2025-02-26,9,mid,4,55.23150427789111,0,2,3,1,0,4.8968082266084725,0.0,11.552592888173976,0.6324355829402903,0.5391908707225317,0.15061856011323738,-0.07759505573572789,0.0,0.5448351546889942,0.9507496060422586,low,0
S0018,2025-02-27,9,mid,5,44.6877704117613,0,1,5,1,0,5.41937251877877,0.0,10.704435345299427,0.5894208062071001,0.7836375533670537,0.12571054451247143,0.2784055137602406,0.0,0.953450956337194,0.16195749843940777,low,0
S0018,2025-02-28,9,mid,4,56.41704178968148,0,4,1,0,0,7.49171816237669,0.0,8.431068698610561,0.5280714117368048,0.4021173856479573,0.029442514744831505,0.5067708480312187,0.0,0.9721820779667603,0.62028700948851,low,0
S0018,2025-03-01,9,mid,5,56.598033626609165,0,0,3,1,0,7.73079559664672,0.0,7.951325733671504,0.23290455721551606,0.5153744699595479,0.7287891901041543,0.28793553228469615,0.0,0.15536991412096823,0.6296603161278346,low,0
S0018,2025-03-02,9,mid,6,65.30416292080659,0,1,2,0,0,3.6154350612285633,0.0,9.88323113745972,0.7184742147759252,0.37192945553285406,0.19936473174716318,0.08970711567207679,0.0,0.9737593072430137,0.6951310490184183,low,0
S0018,2025-03-03,9,mid,6,44.54216884039716,0,2,4,1,0,2.6955609921541543,0.0,9.72363620174633,0.7116124028477708,0.6634043452426098,0.9628655697814476,-0.11696735062450347,0.0,0.26779597316475934,0.05999400629526208,low,0
S0018,2025-03-04,9,mid,5,59.40714597772789,0,4,4,1,0,3.8096620018496417,0.0,9.125780915953321,0.6444523641647398,0.18074030653922157,0.2574048884793657,0.7762273103607542,0.0,0.3267556753320152,0.566646718354167,low,0
S0018,2025-03-05,10,mid,4,43.30020813789069,0,0,3,0,0,2.9062876400871906,0.0,5.434499282647942,0.7828967686723345,0.7589566512115979,0.7982852766484908,0.9075414801520081,0.0,0.7955574983947842,0.40760820321789093,low,0
S0018,2025-03-06,10,mid,5,58.28004885771481,0,0,3,0,1,4.397561711893635,0.0,8.983217105952571,0.06317804995381937,0.8884508649323863,0.9310078096491232,0.17354078498779102,0.0,0.840489556608685,0.18357110265314713,low,0
S0018,2025-03-07,10,mid,5,54.35494395878445,0,0,5,0,0,3.050588435614422,0.0,17.65644130175142,0.4829464335734429,0.5712736192049652,0.9142620061760377,-0.9412674010639046,0.0,0.8016367795731624,0.3905162605582657,low,0
S0018,2025-03-08,10,mid,4,42.343927567117795,0,0,3,0,1,7.054628011940009,0.0,5.19878680441012,0.36714315931207375,0.6728938039892888,0.2369358794224824,0.40198578797829754,0.0,0.34743836324846666,0.4558683716019345,low,0
S0018,2025-03-09,10,mid,6,50.748307500486405,0,0,2,1,0,5.659593746799328,0.0,11.064895768236502,0.6503564019858612,0.7173445183964586,0.7876751807147809,0.46741861899526405,0.0,0.4516801622865787,0.15912094287195555,low,0
S0018,2025-03-10,10,mid,3,38.46879999010585,0,0,5,1,1,3.769225380474974,0.0,4.269237456156848,0.7723409755538425,0.6253923997135148,0.30802535180193735,-0.22759415090823798,0.0,0.30578681398961016,0.5947701672771571,low,0
S0018,2025-03-11,10,mid,6,35.9560487704538,0,1,3,1,0,9.917368748673224,0.0,11.869303572429516,0.7351768501606796,0.339461488682953,0.590531499603181,0.4682946793209437,0.0,0.762035148910024,0.3016418464500371,low,0
S0018,2025-03-12,11,mid,4,58.50846920400696,0,0,5,0,0,5.0722318075449015,0.0,17.6368755873371,0.6230075856245326,0.1374995541574241,0.31904224291015704,-0.2518729652298557,0.0,0.3144977693797888,0.8644163121349362,low,0
S0018,2025-03-13,11,mid,6,50.678633847436956,0,0,4,0,0,2.860903115061829,0.0,13.995520480672141,0.4050841324041631,0.709121607838861,0.9717987018832055,-0.676249372533364,0.0,0.06267626823480343,0.19484593196746092,low,0
S0018,2025-03-14,11,mid,4,51.22571321642059,0,1,2,1,1,4.804515518413002,0.0,6.608899837403724,0.9987928508555383,0.15883914770624685,0.947562639960059,0.6485094439300156,0.0,0.9722146509462699,0.17957876061053302,low,0
S0018,2025-03-15,11,mid,5,58.337490486275165,0,0,2,0,1,5.298076844801843,0.0,8.140878850396497,0.8365219838244456,0.37235699790152643,0.4554081139812868,0.39745613711869976,0.0,0.06788471186569878,0.38563596042062553,low,0
S0018,2025-03-16,11,mid,4,32.41996383600177,0,0,2,0,0,8.06562626464684,0.0,12.964287950730062,0.3845455126425382,0.8690758150677024,0.16230784549646082,0.7677709264783081,0.0,0.3422818430319944,0.12503161560862253,low,0
S0018,2025-03-17,11,mid,3,58.42795315421705,0,1,3,0,1,6.174580792407931,0.0,9.042938015947213,0.7539561582968135,0.9307564719621517,0.6911351881257458,0.3489547659683172,0.0,0.003464409097531318,0.4746115286750564,low,0
S0018,2025-03-18,11,mid,4,34.59752576321242,0,1,3,0,1,5.001406647205043,0.0,9.267384005501638,0.1612152987596931,0.9654662559815771,0.20369673710929614,-0.6159294519302643,0.0,0.03216692466083815,0.3298196386789113,low,0
S0018,2025-03-19,12,mid,4,40.55379372226264,0,1,5,0,1,5.103340377800867,0.0,12.976381116271181,0.3476278014389943,0.25367615159513013,0.24335451991828227,-0.8004639322983873,0.0,0.8172264190930921,0.08665740539417122,low,0
S0018,2025-03-20,12,mid,4,44.750973136371805,0,1,5,1,1,1.636400404317659,0.0,9.616835679347965,0.32630948182336295,0.07165209798358607,0.2925835473386801,-0.9112439848774514,0.0,0.7263249981339686,0.8979952785116864,low,0
S0018,2025-03-21,12,mid,6,57.218503820413375,0,1,5,1,0,5.462923164997546,0.0,10.929188509261026,0.47518916004214373,0.30812640760385246,0.5070267874446399,0.004143214639647175,0.0,0.6102755488893377,0.1860975677829041,low,0
S0018,2025-03-22,12,mid,4,65.47651903896849,0,1,5,0,0,1.9234878817982106,0.0,3.6640322204427136,0.8179808499290154,0.4405408877224377,0.5162736227790912,-0.4168954161607519,0.0,0.8389148338852985,0.52228548030332,low,0
S0018,2025-03-23,12,mid,6,46.402815329415255,0,2,4,1,1,7.191746909953652,0.0,11.00367290361364,0.07281546957842222,0.3482994173861882,0.7374870861661497,0.3101180346811654,0.0,0.19424312143375777,0.35620293050970986,low,0
S0018,2025-03-24,12,mid,5,30.514690579662997,0,0,4,1,0,2.4198950151016843,0.0,8.843736081514555,0.9625695873776323,0.1545018114953034,0.9133047149587763,-0.14305380368683607,0.0,0.37786599156172207,0.23131980090484883,low,0
S0018,2025-03-25,12,mid,6,55.41059804943307,0,1,5,0,1,5.873444669769342,0.0,3.9195607330726148,0.4313682994046717,0.7090775702600757,0.5880420045434277,0.5697070660744825,0.0,0.011752259597984538,0.6877932614145584,low,0
S0018,2025-03-26,13,mid,3,37.92361429215716,0,1,3,1,1,2.1974919716004635,0.0,5.228709224442108,0.874101063016566,0.6184434719336769,0.40596145633958935,0.0687759285715337,0.0,0.9539652333252742,0.11321467660989537,low,0
S0018,2025-03-27,13,mid,4,33.97908044407441,0,0,3,1,1,3.572024572405197,0.0,8.046739244360113,0.8580305453872766,0.1902266964164131,0.9970592001972269,-0.43539375997720065,0.0,0.08433271486953497,0.6909418940168581,low,0
S0018,2025-03-28,13,mid,4,58.443490834259,0,2,4,0,1,5.124116529410792,0.0,11.944739630102225,0.06344930366003787,0.693087758769573,0.06180287007903473,0.4777484540927459,0.0,0.7499627217200269,0.6510789757492527,low,0
S0018,2025-03-29,13,mid,4,47.31527830300474,0,1,3,1,0,3.6000025204923363,0.0,14.6456277165227,0.7847758312702351,0.649489914105909,0.5815158343218788,0.8027503367568225,0.0,0.02132207348071269,0.1550343613978017,low,0
S0018,2025-03-30,13,mid,4,46.75674332039366,0,3,1,1,1,5.522809005094421,0.0,8.756451347597048,0.3121616939935653,0.7172816172257169,0.20001058944336336,-0.07985601160367417,0.0,0.2652898777489179,0.4515282148790869,low,0
S0018,2025-03-31,13,mid,5,52.66503767005579,0,2,4,0,1,1.6072764229589658,0.0,13.22011395704353,0.3714409292323716,0.6856068624141526,0.320435216631312,0.11821584117570016,0.0,0.27919669115657963,0.16612523795444534,low,0
S0019,2025-01-01,1,mid,6,52.232459804171974,0,0,5,1,0,3.013132801733769,0.0,7.826680719690172,0.21085479047801015,0.5588008343539963,0.9497871013080065,0.2173802584007094,0.0,0.30332312023765995,0.6385697780674541,low,0
S0019,2025-01-02,1,mid,6,61.95363494179935,0,0,3,0,0,7.215845095033847,0.0,9.844866101611986,0.12002201370348586,0.9291708793471722,0.2747290802416147,0.06437258565732451,0.0,0.06650839546658183,0.42504659380264576,low,0
S0019,2025-01-03,1,mid,4,47.56538708905766,0,3,3,0,0,2.027675450786768,0.0,11.478158039701075,0.1662594283013965,0.5927707197430223,0.7613099154523792,-0.33569016709467125,0.0,0.5782046056765962,0.09812441319946019,low,0
S0019,2025-01-04,1,mid,4,50.063634710620626,0,3,5,0,1,3.7197009246158936,0.0,11.710919589623748,0.725695986465907,0.4412760698718864,0.8362550093714026,0.6171108256085225,0.0,0.959662561382447,0.25103785047641103,low,0
S0019,2025-01-05,1,mid,3,21.81408925425693,0,2,1,1,0,5.65278563913782,0.0,10.855728431630663,0.11875558426644217,0.28325347177194604,0.7336606390130649,0.6154605591650568,0.0,0.35397412204966516,0.1599293996795209,low,0
S0019,2025-01-06,1,mid,6,54.840075133154095,0,1,5,0,0,9.709422795488184,0.0,8.244379309289195,0.10673668201459752,0.560411510015611,0.0736610720170594,0.08971051423860388,0.0,0.5526956887627854,0.8744387851607439,low,0
S0019,2025-01-07,1,mid,4,53.40567697791671,0,2,3,1,1,5.698645629050786,0.0,6.160188619268206,0.1964509333726201,0.8044403217904262,0.30591910974025105,-0.3701987342701385,0.0,0.8699509439164191,0.5592028846502348,low,0
S0019,2025-01-08,2,mid,4,54.3726705432783,0,0,2,0,1,2.687326200946513,0.0,8.954169763471107,0.19402994823960418,0.39139066438226955,0.9617866143085604,0.5284870308152967,0.0,0.3197484012265641,0.9516040689185482,low,0
S0019,2025-01-09,2,mid,4,65.8518696839758,0,1,3,1,1,8.185704128743975,0.0,10.511698080310378,0.3587978571573526,0.7167980293039524,0.5780918387686846,0.9236908090536688,0.0,0.3852849260339827,0.9012164642607903,low,0
S0019,2025-01-10,2,mid,5,56.021953187712,0,1,4,0,1,3.9523219834187784,0.0,9.944966007677314,0.9154269056756196,0.9023692429824397,0.37871696732082494,-0.941930674648775,0.0,0.7333695515076037,0.7916808768571322,low,0
S0019,2025-01-11,2,mid,2,54.97878306133414,0,1,4,0,0,4.568916243059552,0.0,6.593802144439423,0.7499174220717195,0.45881292824143416,0.16345110898092696,-0.49614925928671516,0.0,0.3675395886521824,0.06956118348641471,low,0
S0019,2025-01-12,2,mid,6,59.056990119767846,0,0,2,0,0,6.341744389003863,0.0,4.207499197827751,0.3459574900601118,0.41640927947780604,0.7975235474416056,-0.6757812891395971,0.0,0.6191146953034209,0.5055944016908456,low,0
S0019,2025-01-13,2,mid,6,35.68842149843399,0,1,5,0,0,5.259396335784043,0.0,7.347657474547211,0.11279256642678037,0.1561200881766951,0.9821752549309101,-0.36658961930584244,0.0,0.5844361896214709,0.272231942019064,low,0
S0019,2025-01-14,2,mid,4,51.94088464793728,0,0,3,0,1,3.3279011978021775,0.0,5.519264304622098,0.3497956307944279,0.6461871840148815,0.11601851127913954,-0.814727262624388,0.0,0.6600129942084604,0.5462980698788807,low,0
S0019,2025-01-15,3,mid,3,42.69062662550745,0,1,2,1,1,6.566882841257195,0.0,4.926308267544706,0.9484606443029328,0.699887578551487,0.2763529689001668,0.8781160364742966,0.0,0.03604107526520084,0.9790540072667927,low,0
S0019,2025-01-16,3,mid,5,52.79155846741999,0,1,3,1,1,4.26549490746471,0.0,8.796128692086004,0.9784342239890393,0.7172608514766308,0.2504868416012225,0.1818979203032025,0.0,0.5341118384025133,0.8444732675138475,low,0
S0019,2025-01-17,3,mid,5,50.27348235281075,0,0,4,1,0,1.4866478731882578,0.0,13.090081375536773,0.19619274902656747,0.6943952633422986,0.26852613568607786,0.8256823179117114,0.0,0.29807907376319487,0.5551805996436435,low,0
S0019,2025-01-18,3,mid,4,56.8071690240207,0,3,2,1,1,4.785401991392421,0.0,13.427634178738838,0.5306355823724562,0.7539365442663667,0.7794306078033432,0.2853016661611363,0.0,0.938431815412743,0.9822984363204194,low,0
S0019,2025-01-19,3,mid,5,57.56770597473334,0,0,3,0,1,4.633366315953392,0.0,6.718694799323474,0.14653655078907335,0.9016634146767579,0.805699185335282,-0.8567761758209635,0.0,0.24891371546726604,0.8190718846115088,low,0
S0019,2025-01-20,3,mid,3,39.60889339298351,0,1,3,0,1,4.8741309618685005,0.0,10.12065132602667,0.6565304361881861,0.05557290884870136,0.1152258213095968,-0.7842674513668184,0.0,0.0524840648225563,0.32113891694589636,low,0
S0019,2025-01-21,3,mid,4,48.7249554883119,0,1,2,0,0,6.0333910682525715,0.0,6.137412477822373,0.4475464814142238,0.15865516996309392,0.5318571093571643,-0.43696181506716547,0.0,0.09624412415757155,0.4669582985454108,low,0
S0019,2025-01-22,4,mid,4,46.0972728830431,0,1,3,1,1,4.509691631754546,0.0,7.785119351083648,0.7931752066842167,0.7031568892322254,0.026352445020828008,-0.10022118988610051,0.0,0.8292530951236177,0.7376844373337728,low,0
S0019,2025-01-23,4,mid,6,39.17466778471747,0,2,4,1,0,7.3967380208137214,0.0,12.943443478480901,0.6288397885586828,0.34193021759842224,0.5296048540659611,-0.22568458773312927,0.0,0.7006217301596944,0.5835801862336887,low,0
S0019,2025-01-24,4,mid,5,38.35568804965668,0,1,4,1,0,6.991135227226669,0.0,8.99199915371479,0.4319204050367502,0.040041280714792404,0.017364075884945707,0.2934851721690954,0.0,0.5405531182818258,0.5427446433562887,low,0
S0019,2025-01-25,4,mid,4,57.47342134664602,0,2,1,1,1,10.362609300656342,0.0,10.203202450115272,0.8418573632643214,0.9510373920730237,0.5603336247364424,-0.6374171056228202,0.0,0.6397539838222649,0.07621896838858067,low,0
S0019,2025-01-26,4,mid,6,50.04080992924194,0,0,4,0,0,2.5762610834796673,0.0,7.671861512204806,0.689181758943242,0.9695864689087949,0.7453223774257375,-0.017299918881249043,0.0,0.6005107224241482,0.14227890868578885,low,0
S0019,2025-01-27,4,mid,5,57.22639251928968,0,2,4,0,0,2.2047728763421994,0.0,13.520528026229439,0.7533402207477691,0.27123723135613587,0.6298438966745806,-0.9508367724008719,0.0,0.6285827965441736,0.9516082847335617,low,0
S0019,2025-01-28,4,mid,5,37.91800798330721,0,0,3,1,1,7.30846960979952,0.0,9.630274183446598,0.4650441535582911,0.6608175834598394,0.024140777122333645,-0.5002701145612665,0.0,0.43626928004258925,0.6306310471541632,low,0
S0019,2025-01-29,5,mid,5,38.57467831193763,0,0,5,0,1,6.734540291300039,0.0,12.024767603328621,0.44100476648944,0.5201661840242924,0.9864221115808905,0.936102791641731,0.0,0.4148171247588591,0.6851795242064951,low,0
S0019,2025-01-30,5,mid,4,40.28897436986827,0,1,4,0,0,4.355517692328558,0.0,6.062175198541929,0.8340444162214823,0.4796671828600848,0.5863625045259787,0.7475075839875609,0.0,0.3088189135888453,0.7006993211020559,low,0
S0019,2025-01-31,5,mid,4,48.958049407302084,0,0,5,0,1,3.645829153096674,0.0,5.4500262138482345,0.4410056009311637,0.6188063073304236,0.8995027601315464,-0.3393039761856751,0.0,0.8499845354992085,0.09347892092662691,low,0
S0019,2025-02-01,5,mid,5,39.086639831976285,0,0,4,1,0,6.603570368656971,0.0,6.981075983220739,0.3023653923900669,0.044920055242135604,0.5566905814103094,0.6697069810735035,0.0,0.4094684483426194,0.6172938264580871,low,0
S0019,2025-02-02,5,mid,5,46.79398039180446,0,0,4,0,0,2.825864974130164,0.0,9.951925028759144,0.5699094466892392,0.4921339923973399,0.5179217336414418,0.7578049072917405,0.0,0.8948370467062514,0.45353710676571835,low,0
S0019,2025-02-03,5,mid,5,15.884500806793511,0,2,3,0,1,3.4569332422165884,0.0,7.590953682649663,0.8331441773865687,0.5480868680606495,0.8567594515799968,0.029051830438420856,0.0,0.9092642324233216,0.25474207149300154,low,0
S0019,2025-02-04,5,mid,5,69.11438914040573,0,2,3,1,1,4.949573906005048,0.0,9.576103312583294,0.9267477713451683,0.38441820672976834,0.09310928060046075,-0.3942101142764258,0.0,0.49801039383443346,0.1851516873433331,low,0
S0019,2025-02-05,6,mid,6,43.761904751721275,0,1,5,0,0,5.8946094866304035,0.0,10.180752956690927,0.34503296646506265,0.7417769112935055,0.8824511550400854,-0.6275788750565425,0.0,0.9925271802620039,0.8093866650390302,low,0
S0019,2025-02-06,6,mid,4,37.04336131871819,0,2,1,0,1,3.2554518097292062,0.0,9.492370785023118,0.12056901695511513,0.5838937137265947,0.9790694033834728,0.14390220323839564,0.0,0.9490414766166372,0.4441328507580268,low,0
S0019,2025-02-07,6,mid,5,16.341700657734105,0,1,1,0,0,5.506479128808853,0.0,10.759865522524326,0.4712247512082587,0.9639622098722307,0.6793893186267032,0.965706493524124,0.0,0.5323953952013183,0.20161334424801558,low,0
S0019,2025-02-08,6,mid,5,44.581333034836625,0,1,1,0,1,5.825415534446884,0.0,11.560315247434431,0.851246123505876,0.2719571149103285,0.5934612224518362,-0.4335018754452511,0.0,0.10902316071949314,0.6841977434746807,low,0
S0019,2025-02-09,6,mid,5,36.18412586986266,0,2,3,1,1,5.615803142220233,0.0,11.31399577429556,0.4674377994372061,0.5869451443143201,0.8380294123603257,0.08811160372940119,0.0,0.738189576538491,0.7906590510067633,low,0
S0019,2025-02-10,6,mid,8,55.879084936474214,0,0,1,1,0,3.508969290723161,0.0,9.784292973093963,0.9688231384571689,0.9723192558042162,0.6108709419666172,-0.21559017835293282,0.0,0.5119927501945793,0.7622993204819157,low,0
S0019,2025-02-11,6,mid,4,30.229405377670492,0,1,4,1,1,5.069858267509558,0.0,6.955112760313954,0.5210960689927537,0.9716504979316054,0.6549806940388881,-0.42431941384639615,0.0,0.24079930993813847,0.1282482056450649,low,0
S0019,2025-02-12,7,mid,5,55.7338011513863,0,1,5,0,1,5.222300556697612,0.0,9.791766545030068,0.748826640128731,0.33340253220141336,0.7001559896457247,0.9315675008731212,0.0,0.07404796561391391,0.2645044043708593,low,0
S0019,2025-02-13,7,mid,5,42.19715392020571,0,0,1,1,0,2.4335148657080508,0.0,7.26678674116126,0.41362460261079104,0.7140487993824833,0.8705956337262845,-0.6348025009429197,0.0,0.6864123437411651,0.35256214224248517,low,0
S0019,2025-02-14,7,mid,5,42.63585369721365,0,0,3,1,1,4.421033461624301,0.0,15.13232733308316,0.6768855167565773,0.5382394482471339,0.6298011077219317,0.1934079463759224,0.0,0.6658227640555924,0.19963064867317126,low,0
S0019,2025-02-15,7,mid,4,28.36613288640467,0,1,3,0,1,4.0272390501486,0.0,11.798832690597605,0.8154937232409418,0.45297953091814824,0.46349488726728183,-0.45456078028351565,0.0,0.9001740208993524,0.08878527569413408,low,0
S0019,2025-02-16,7,mid,5,35.24448536388628,0,1,2,0,1,4.137518073441803,0.0,17.946670045570798,0.3210877593075345,0.3514617924326665,0.6744334724154708,-0.8694254175721794,0.0,0.5849349875446256,0.2787321924528471,low,0
S0019,2025-02-17,7,mid,7,31.06988981316767,0,2,3,0,1,0.019436583247342654,0.0,8.000560219109557,0.3536180292024953,0.10278557855729642,0.5431138867153203,-0.3963374042510328,0.0,0.6608079429275284,0.31920393582553075,low,0
S0019,2025-02-18,7,mid,4,44.0438697658808,0,2,1,1,0,6.411221706143356,0.0,6.808220786018472,0.07658722741705981,0.36305508588476754,0.26689074614956276,-0.5413287297971696,0.0,0.06098331717394123,0.19038311572480715,low,0
S0019,2025-02-19,8,mid,5,15.220784298576909,0,0,5,1,0,5.538340922284496,0.0,14.391702242867202,0.9531748511940243,0.3593012012651382,0.8278404959944035,0.4766750716155299,0.0,0.890188927441895,0.956791372923081,low,0
S0019,2025-02-20,8,mid,3,60.934567195599456,0,1,2,0,0,3.3033712257951917,0.0,12.327385335933254,0.2933275032907583,0.5695211466330334,0.9831264099816142,-0.5650136343597711,0.0,0.985903827123464,0.7143425330544813,low,0
S0019,2025-02-21,8,mid,4,43.57452762138592,0,1,1,0,0,4.349284986871904,0.0,8.818778431057359,0.35407605169112,0.14837829120147628,0.15681733442111168,-0.9124965999864894,0.0,0.8567251943544528,0.21975862406074242,low,0
S0019,2025-02-22,8,mid,4,57.76501003867682,0,1,3,1,0,5.570972325376107,0.0,6.79179283829351,0.1314155951412621,0.4012364539631279,0.568963135925293,0.11776222820431181,0.0,0.11907342598274095,0.03443596964652218,low,0
S0019,2025-02-23,8,mid,5,53.584588426390305,0,0,4,1,1,8.659079793580906,0.0,10.42605898390316,0.682008998498227,0.3728134221419914,0.8775816279385952,-0.8741348591029625,0.0,0.5845098951117265,0.9496854925695297,low,0
S0019,2025-02-24,8,mid,3,65.95987290468793,0,0,4,1,0,5.70199918353945,0.0,11.66190677704582,0.461722918166691,0.9843559883942264,0.45625610114197324,-0.7750986535329336,0.0,0.992654747252716,0.0228207300148473,low,0
S0019,2025-02-25,8,mid,3,49.87558005165364,0,1,1,1,0,3.368080476426282,0.0,12.684510064433702,0.38342613331390707,0.2682426931640579,0.8205597309882025,0.4499645184191934,0.0,0.8711964372184073,0.17004989290165928,low,0
S0019,2025-02-26,9,mid,5,32.66630518289873,0,1,2,0,0,4.823189851523693,0.0,4.223313946689391,0.3807208812354752,0.66752796926315,0.9748077672500773,0.21285298160988142,0.0,0.7214854094365493,0.0880052503057015,low,0
S0019,2025-02-27,9,mid,4,66.47098470543055,0,1,5,1,0,4.760906467580463,0.0,9.59378520650455,0.010212749612843242,0.8587068232651526,0.5601493199490124,-0.23369999397746466,0.0,0.4097788715769751,0.4633510937188695,low,0
S0019,2025-02-28,9,mid,4,41.617309935328365,0,2,1,1,1,0.7918753247790375,0.0,10.091755888608253,0.8265006669807281,0.7277210963267101,0.39361034194462197,0.6952355704577455,0.0,0.9202582501117742,0.5368662670843625,low,0
S0019,2025-03-01,9,mid,6,35.928663502376445,0,3,1,0,0,5.00618540335037,0.0,11.58918971207088,0.05151522593930513,0.22121865607745617,0.24479290641577067,-0.32428574172610003,0.0,0.04360338358621263,0.9048927004979163,low,0
S0019,2025-03-02,9,mid,7,46.8752976030293,0,0,1,0,0,5.374494763237555,0.0,12.458502452309599,0.45768422542377685,0.9371949271186536,0.09730184879790083,0.5791858762794355,0.0,0.36466550572000933,0.6953897509239716,low,0
S0019,2025-03-03,9,mid,5,52.69524620398669,0,0,4,0,1,4.39391635810585,0.0,8.363338658765418,0.5375648165827139,0.6982869266305917,0.6306372889592436,0.883285475474789,0.0,0.7956089248194732,0.5570768419744303,low,0
S0019,2025-03-04,9,mid,4,30.4306245447927,0,3,4,0,1,3.1261085693749058,0.0,12.555826064650471,0.11233723204404056,0.5497082203690948,0.1511186758941303,0.8809697573982798,0.0,0.0004490281318507705,0.7556960999665465,low,0
S0019,2025-03-05,10,mid,5,40.22325654552687,0,0,5,0,0,4.662908168192884,0.0,11.175659886826336,0.5126614453672974,0.10884232282754613,0.07093106837100926,-0.1409091025627942,0.0,0.7416973763796781,0.26936477754854893,low,0
S0019,2025-03-06,10,mid,3,49.778789360960516,0,1,1,1,1,3.1219742003499036,0.0,6.146259757182514,0.8531766083396028,0.8379874766075357,0.011557219983401201,0.06455723001018465,0.0,0.22354375560328243,0.32009309804555575,low,0
S0019,2025-03-07,10,mid,3,38.96124159513862,0,1,1,0,1,5.720500912823803,0.0,6.232870120612805,0.05064810486488491,0.8145851335678094,0.2744291227729382,0.9775068343905213,0.0,0.9220096204897769,0.732515969932714,low,0
S0019,2025-03-08,10,mid,6,44.812177565738885,0,0,1,1,0,7.2594178804321405,0.0,11.608662375020833,0.9462855535131677,0.6865071850502412,0.7320912402227293,0.7909115564699023,0.0,0.9363780288581262,0.49129754986970575,low,0
S0019,2025-03-09,10,mid,4,35.1525436462593,0,1,5,0,0,3.176957869767918,0.0,9.266844290512202,0.21479159822267102,0.17379962283342054,0.35601272714899657,0.7529785678904641,0.0,0.4379685061487193,0.5672773713978572,low,0
S0019,2025-03-10,10,mid,4,31.68507073527577,0,2,5,1,1,4.903051644579054,0.0,7.205803002982144,0.9462969204384414,0.560907528070371,0.6675621017861716,-0.7742323630163048,0.0,0.14351966414225625,0.46447326195967253,low,0
S0019,2025-03-11,10,mid,4,49.566659726899566,0,1,4,1,1,3.986394697953977,0.0,7.213264790759473,0.5296734809125339,0.8465102703846068,0.9548600759354687,-0.9588267333255165,0.0,0.3525582554710086,0.6681439245824626,low,0
S0019,2025-03-12,11,mid,5,45.43105324228335,0,0,4,1,1,5.319672352346422,0.0,10.915733944162401,0.264559127995585,0.9284207109439263,0.6674431761818748,-0.17180813451473242,0.0,0.6802420845169307,0.4013128277437509,low,0
S0019,2025-03-13,11,mid,5,38.98416020451288,0,2,2,0,0,2.597574362213474,0.0,7.486774976953427,0.04812622761485097,0.40572969298866846,0.6231148401627745,0.7651057269702026,0.0,0.9896897161914701,0.8080895864043981,low,0
S0019,2025-03-14,11,mid,6,42.528146346455856,0,2,4,0,0,3.341839074320403,0.0,8.959782276414622,0.5058958051452059,0.124239473863474,0.4924517048620648,-0.4601179476492392,0.0,0.4910472124280867,0.9496362036219659,low,0
S0019,2025-03-15,11,mid,4,38.507010971842476,0,2,5,0,1,5.377387776421776,0.0,9.819348442341315,0.9197774579738796,0.20064458726609924,0.7256224779846957,0.1580337138067629,0.0,0.04984265008772626,0.3717056112985897,low,0
S0019,2025-03-16,11,mid,7,43.27088211501986,0,0,4,1,0,4.765621931870923,0.0,3.924891056470768,0.9457113649836586,0.9455435621759695,0.3075027744634301,0.6199757500341805,0.0,0.5939440528068588,0.97548449335038,low,0
S0019,2025-03-17,11,mid,6,43.74633014002492,0,2,5,1,0,6.18839015759173,0.0,11.444600618543147,0.8045078776832267,0.621193577611887,0.2804275350582782,0.4697104116167554,0.0,0.0393619417421287,0.7981524073104483,low,0
S0019,2025-03-18,11,mid,5,56.11228914672497,0,0,5,1,1,3.70817888233496,0.0,5.94934570926374,0.5406432479523504,0.23056688223908095,0.22756266117868573,0.5556599582804076,0.0,0.9626416629468812,0.3236129677514562,low,0
S0019,2025-03-19,12,mid,3,53.58860697014663,0,3,1,1,1,4.1510401346843775,0.0,7.016501759422599,0.15063282628719232,0.7953070330111143,0.0807590899422882,-0.6211890403857898,0.0,0.6911667297807539,0.9025167124205788,low,0
S0019,2025-03-20,12,mid,4,35.774048863796025,0,3,2,0,0,10.903762456991547,0.0,11.474503238816647,0.3291092810627322,0.4717805289126291,0.27927863789849217,-0.987998436652036,0.0,0.21564830163787874,0.7000641724932006,low,0
S0019,2025-03-21,12,mid,4,54.31710750410442,0,1,4,0,0,2.422084931008159,0.0,11.392910756447874,0.25744199512243215,0.8168020229895602,0.20908420294490082,-0.33168454830573757,0.0,0.6643586916546443,0.5611123857080786,low,0
S0019,2025-03-22,12,mid,5,44.088130571326886,0,0,4,0,0,3.223003065253129,0.0,8.275569764524437,0.6243303899310662,0.2940190711937435,0.15809984371359154,0.8116523643736007,0.0,0.6950345315473295,0.24605874657512472,low,0
S0019,2025-03-23,12,mid,6,37.33846837572005,0,1,5,0,1,3.45335330911659,0.0,10.07221515896843,0.22340462463622646,0.43991044391221434,0.47391475040202147,0.1307969702939289,0.0,0.7056149627507265,0.04722863966546753,low,0
S0019,2025-03-24,12,mid,4,44.10282171207745,0,1,1,1,0,4.729229219529426,0.0,12.737523873637475,0.9421640613165049,0.4322658747979181,0.6699187154706322,-0.48078385856361305,0.0,0.6366445258895432,0.5381889446086655,low,0
S0019,2025-03-25,12,mid,6,54.36354152450869,0,0,3,1,1,3.6665802165168015,0.0,7.87845838282014,0.30526242901741474,0.6789287696603759,0.8893880924232319,0.3491353022539734,0.0,0.8278142443441252,0.5435605896944697,low,0
S0019,2025-03-26,13,mid,3,51.07915548572865,0,0,1,1,0,7.465733582773429,0.0,8.594018471560606,0.7385232465713937,0.7349148821595668,0.9851896896773885,-0.4095400452567304,0.0,0.6447255863408952,0.8554783401603135,low,0
S0019,2025-03-27,13,mid,6,48.78353969352728,0,1,1,1,0,5.696572495333637,0.0,10.849970777607,0.6942942781429461,0.18605003280869947,0.031028442418032265,0.7293132154720272,0.0,0.3963306537361231,0.2638648760399199,low,0
S0019,2025-03-28,13,mid,3,60.58626516962815,0,1,3,1,1,6.725462299197373,0.0,6.916865331892763,0.7579949977756707,0.5844984796796623,0.097475687901181,0.1447469946905946,0.0,0.9534644756724873,0.3420601443886735,low,0
S0019,2025-03-29,13,mid,5,46.170583281576846,0,3,2,1,1,2.559429631720765,0.0,8.161185991796543,0.9150784018170167,0.4267049008051277,0.6537061048017107,-0.9333424100474881,0.0,0.4140671665768363,0.81725881101388,low,0
S0019,2025-03-30,13,mid,6,28.945663336641648,0,0,1,1,1,2.5572989458166737,0.0,12.897857519107685,0.681037455305568,0.6662482704032915,0.606193624734329,0.4233922221569497,0.0,0.26831569037524006,0.9789854855895346,low,0
S0019,2025-03-31,13,mid,5,51.19631962940885,0,0,1,0,0,3.372801491282427,0.0,12.844617984470048,0.21753117379436715,0.2559389576766262,0.303739822629848,0.198329746734333,0.0,0.47152548545207984,0.3368945651790579,low,0
S0020,2025-01-01,1,mid,2,31.52799505145927,0,2,4,1,1,3.2629732253912245,0.0,15.021159302447941,0.5552030889142896,0.2532708956674702,0.03548340514569748,0.6720433168919457,0.0,0.8964844936811717,0.16247063661423988,low,0
S0020,2025-01-02,1,mid,3,53.217021225148194,0,0,4,1,1,3.3045882900061585,0.0,10.839006405086433,0.6076842404512697,0.4640740198118182,0.6427404266726113,0.13041993657038486,0.0,0.3103958602845186,0.6077619830184068,low,0
S0020,2025-01-03,1,mid,1,39.8859881842816,0,1,4,0,1,4.151486254205443,0.0,12.422921742656474,0.0014503165911271543,0.23415914505635826,0.08950064089550647,-0.8152301860075117,0.0,0.6928357341425915,0.21397633563906482,low,0
S0020,2025-01-04,1,mid,3,52.45495337576824,0,1,1,0,1,9.126596361088126,0.0,7.427675849800375,0.334407928797568,0.41856915558878016,0.011991244028255243,-0.7551481776334814,0.0,0.5698620995550041,0.21589580029502808,low,0
S0020,2025-01-05,1,mid,2,36.361148554445634,0,0,5,1,0,6.1188545091311655,0.0,5.1229424362040525,0.3090551574726176,0.744804752971554,0.04779148387012144,-0.9082122642499015,0.0,0.8108609695187914,0.43426816106367105,low,0
S0020,2025-01-06,1,mid,4,28.788722821537515,0,1,1,0,1,1.521185068507771,0.0,14.25803869668254,0.8014416946695064,0.5251589587779172,0.24166281037458137,-0.5865293887168523,0.0,0.3968592661698217,0.8598958602598796,low,0
S0020,2025-01-07,1,mid,1,50.61471977871757,0,1,4,1,1,7.290376113963129,0.0,13.488356175456612,0.6370344090727096,0.5002247809355458,0.5194726168593257,0.2712802196159192,0.0,0.690259361746641,0.6548767388313851,low,0
S0020,2025-01-08,2,mid,1,47.867162645560185,0,0,1,0,1,1.8771736574069062,0.0,8.01115573165674,0.30429185851483953,0.3300707928289921,0.5065639846823781,-0.2922353774723909,0.0,0.6472063470381876,0.4251790070829311,low,0
S0020,2025-01-09,2,mid,3,61.31477335124799,0,0,2,1,0,2.6907628649245465,0.0,6.522152802307471,0.3297530922877655,0.5024798726438054,0.28301380308094737,-0.1112327798249606,0.0,0.3677775931154158,0.7352960480205113,low,0
S0020,2025-01-10,2,mid,4,56.135213534583386,0,0,5,0,0,4.380630167447433,0.0,8.451381605930608,0.06546372130202105,0.6026324003547024,0.9981301159238253,-0.798369571869223,0.0,0.8212302126692651,0.11881624726514717,low,0
S0020,2025-01-11,2,mid,4,58.77495904468828,0,1,3,1,1,6.608422063339289,0.0,9.457109428267287,0.7815231510618561,0.7229001004453192,0.533027504862702,0.7669714846710458,0.0,0.44944179824132835,0.14968566710063824,low,0
S0020,2025-01-12,2,mid,2,52.771389479869384,0,0,3,1,1,4.490214982225472,0.0,8.386523231382675,0.9472924390472667,0.0976876734565012,0.09459598198103425,-0.8279922045305421,0.0,0.9764762390986759,0.7431085132824325,low,0
S0020,2025-01-13,2,mid,2,49.812612129458,0,1,4,1,1,6.502145439082913,0.0,11.559299685967684,0.5463138975047486,0.4747489875467311,0.3842805684597552,-0.6141020151247876,0.0,0.1465620028143647,0.7918964516618081,low,0
S0020,2025-01-14,2,mid,4,43.24710708872347,0,1,4,0,0,7.579849701867268,0.0,3.0799833587896916,0.9820819010754379,0.8129005976707453,0.9037124316303916,-0.9407208336479249,0.0,0.14033636679250594,0.0847636602245635,low,0
S0020,2025-01-15,3,mid,2,28.538219562828356,0,1,4,0,1,8.959134602648758,0.0,4.07523286734526,0.33978461088033163,0.7498177472750057,0.6756604968379388,0.9427979751399234,0.0,0.5087667992896819,0.537812364629383,low,0
S0020,2025-01-16,3,mid,2,31.06244043076419,0,0,4,0,0,1.698050062081104,0.0,10.816034950203978,0.6210362003396587,0.4475824929540444,0.48186065238629416,0.8852142796306524,0.0,0.7061603231238601,0.26189973560007396,low,0
S0020,2025-01-17,3,mid,0,48.84170108224297,0,2,3,1,1,3.4394638280775034,0.0,12.448473681579319,0.2979311574132959,0.8524678401889939,0.420074865056297,0.9811316497125921,0.0,0.15194302990744113,0.4633490380396834,low,0
S0020,2025-01-18,3,mid,1,41.14722799960701,0,0,3,0,0,1.4174413861470914,0.0,10.086842562937836,0.19331399724521459,0.6945244967855764,0.5363812857774364,0.207997857990883,0.0,0.7551267893341311,0.7259034642648929,low,0
S0020,2025-01-19,3,mid,0,52.04864276814403,0,1,5,1,0,6.613361808466601,0.0,9.679407505576432,0.7949861896174555,0.42896507958490204,0.06859297226735606,0.7366091490690017,0.0,0.7650399313583411,0.7907348372907147,low,0
S0020,2025-01-20,3,mid,2,54.43717739210783,0,1,2,1,0,2.8259393439974496,0.0,10.639271724606912,0.27219913927656547,0.16782209412292426,0.12460456961944799,0.5943640568157851,0.0,0.49575262866035485,0.6312101368487814,low,0
S0020,2025-01-21,3,mid,3,25.58305952507055,0,0,4,0,1,6.760041995650739,0.0,5.303391708557847,0.7828092360528053,0.8164129547585642,0.04607313185517248,0.4182641111151757,0.0,0.720253643471817,0.21407942145626813,low,0
S0020,2025-01-22,4,mid,3,40.19371906939442,0,0,1,1,1,5.270111409567382,0.0,12.818089192214718,0.9359337712453274,0.1760859584167611,0.7920213931794245,-0.8804368491093377,0.0,0.8831964468027265,0.6741594221996337,low,0
S0020,2025-01-23,4,mid,1,40.11863719857876,0,2,5,0,1,4.434031854018125,0.0,13.316682716467083,0.7200548752199392,0.6919249024122023,0.20545870963036728,-0.10081099126603354,0.0,0.566186712812672,0.7154629352440898,low,0
S0020,2025-01-24,4,mid,3,51.75869082794723,0,0,2,1,0,1.1734419816824881,0.0,13.33733517302759,0.7140262145869054,0.6738885121191333,0.5794864814563655,0.7232110651786292,0.0,0.1019000248916394,0.30102327592028366,low,0
S0020,2025-01-25,4,mid,3,44.93759457227712,0,0,1,0,0,7.871480121869762,0.0,6.450908004046449,0.3413897219809575,0.347288358996357,0.7335263909383032,-0.3803355509217843,0.0,0.2007726483544251,0.8076461279965721,low,0
S0020,2025-01-26,4,mid,2,59.04305505165939,0,1,1,1,1,6.380017516474169,0.0,8.016432602031717,0.69560527716475,0.6790798804701494,0.47475567371341054,0.4917756667187023,0.0,0.013519520103879024,0.3056072581654219,low,0
S0020,2025-01-27,4,mid,3,43.60880525806824,0,2,3,0,0,2.0131498802387346,0.0,10.66617417558035,0.7529810739761967,0.30346098463320115,0.27686093154656477,-0.05756330200135462,0.0,0.6761496784223647,0.9288459758762544,low,0
S0020,2025-01-28,4,mid,2,34.61197353682141,0,0,1,0,1,2.971045017967394,0.0,13.54192969498134,0.8443172414063235,0.5348280782401147,0.9436078218236551,-0.8423707217119316,0.0,0.5142768245420744,0.7664552459976987,low,0
S0020,2025-01-29,5,mid,2,45.661788318651034,0,1,5,1,0,4.653962756005185,0.0,7.642345196250249,0.8206577702855591,0.8132393318411736,0.13878281068026954,-0.02458039828558123,0.0,0.47983240272513084,0.32372145243921846,low,0
S0020,2025-01-30,5,mid,3,51.4467717644506,0,1,2,0,1,4.356934484111463,0.0,8.952692031281106,0.8028775378898347,0.5795014416659242,0.9560951631253485,-0.5370929753525671,0.0,0.485634908131234,0.97742836908247,low,0
S0020,2025-01-31,5,mid,3,52.80196131199544,0,0,4,1,0,8.067842888981367,0.0,14.59324367985166,0.7265234719135164,0.6617020926422056,0.06837087931058983,-0.08530594810178549,0.0,0.6640216067199792,0.29599298216572867,low,0
S0020,2025-02-01,5,mid,2,41.26237850032231,0,2,2,1,1,4.058088864583509,0.0,9.797516921890324,0.8906042828153832,0.5517615591668783,0.10482622712066514,-0.4231861361017295,0.0,0.9835527488777746,0.5930574264039231,low,0
S0020,2025-02-02,5,mid,2,27.969845888678503,0,0,5,0,0,4.99913274316278,0.0,14.588830882493772,0.21268722551237518,0.6344953909655563,0.15625831765764564,-0.6199524148146931,0.0,0.6266899022253577,0.9912284460886244,high,1
S0020,2025-02-03,5,mid,3,54.087833297801325,0,2,3,1,0,4.366908593580516,0.0,9.372808054982475,0.6340900343618303,0.095849633768749,0.37314853695296013,-0.15284522883655893,0.0,0.5475380670492331,0.9916595457479623,low,0
S0020,2025-02-04,5,mid,2,32.173033773896336,0,0,5,0,0,5.062123494919345,0.0,9.947847560413837,0.3012383626467605,0.8314265946981141,0.6642194924591908,0.7225668639791294,0.0,0.9761179867028973,0.8714836834566128,low,0
S0020,2025-02-05,6,mid,4,41.20944004321186,0,1,3,0,0,4.567092338615536,0.0,6.818980524825563,0.6031412451214775,0.5729461250839096,0.574793646786303,-0.4883214336965327,0.0,0.632702449421189,0.9074148337776627,low,0
S0020,2025-02-06,6,mid,4,31.58104520291931,0,0,4,0,0,2.761569500851815,0.0,14.377150138062824,0.41129010964798185,0.9177609364772998,0.013133625523062742,0.12660676164598406,0.0,0.9233611257344634,0.9139872477695967,low,0
S0020,2025-02-07,6,mid,1,57.884890830729645,0,0,5,0,1,6.470937018563378,0.0,10.088863425870748,0.7862498282487278,0.7958643141772349,0.4359599891287641,-0.22691549965439872,0.0,0.19192180809081538,0.9639412669836536,low,0
S0020,2025-02-08,6,mid,1,36.839358115082376,0,1,3,1,0,7.396964704767798,0.0,9.12132750939101,0.09060301600535803,0.35416967852025716,0.952024277169573,0.3981318255425128,0.0,0.7549391648058904,0.7575053009554764,low,0
S0020,2025-02-09,6,mid,0,43.47455052362882,0,1,3,1,1,4.723477012098934,0.0,8.023891882586819,0.8409485198048214,0.14499576556446048,0.5546214091286116,0.3570104536534884,0.0,0.22953288417216056,0.512330255269583,low,0
S0020,2025-02-10,6,mid,3,53.81841491794665,0,0,2,0,0,4.366584135348171,0.0,5.020396449226629,0.3717162978989844,0.8906498914045969,0.6121094094063371,0.7522886999236862,0.0,0.5270393249175989,0.08987047068933995,low,0
S0020,2025-02-11,6,mid,4,43.50846011032756,0,0,1,1,0,4.44514258334187,0.0,8.667664013864858,0.5097596953454672,0.979462975642382,0.06368724020035865,-0.5998559983681364,0.0,0.6272794576924252,0.3043643946670277,low,0
S0020,2025-02-12,7,mid,4,39.12652379727125,0,2,5,0,0,3.859912015165981,0.0,3.667957457234756,0.6530872509563752,0.6484977511691071,0.9498949800186242,0.7151282807982504,0.0,0.7939506871051523,0.9516272257783106,low,0
S0020,2025-02-13,7,mid,3,31.61623465164232,0,3,1,0,0,4.724424373397441,0.0,12.123192000339596,0.3937444167614199,0.3073850474867009,0.8557561929123605,0.13583057198980875,0.0,0.08952221290245521,0.8533207031183675,low,0
S0020,2025-02-14,7,mid,0,54.96072339118965,0,0,4,1,1,6.067073278600087,0.0,11.574599831586001,0.120521839792049,0.30152040388863677,0.7800260645738896,0.050824141908012654,0.0,0.9565848607252994,0.48106264534600496,low,0
S0020,2025-02-15,7,mid,3,65.33725188216292,0,2,3,0,1,0.5594873703207721,0.0,9.905790949226489,0.5442600218094829,0.13322970727684236,0.005359304625596084,-0.43883063261301847,0.0,0.6050057197835423,0.7116807696613873,low,0
S0020,2025-02-16,7,mid,4,39.384879785555086,0,0,4,0,0,7.2155611737939545,0.0,11.525537021931742,0.905067051638083,0.276527759115186,0.12873380938473156,-0.5042997722481304,0.0,0.5777216410191356,0.9187282564955316,low,0
S0020,2025-02-17,7,mid,3,46.52587641925627,0,2,3,1,0,4.211775249901731,0.0,9.138837096646247,0.5011181173310865,0.6461901695332372,0.5996544250464793,0.42774609054836166,0.0,0.056751182173023884,0.4282016127583729,low,0
S0020,2025-02-18,7,mid,3,37.138693638173926,0,1,5,0,1,4.081597932389493,0.0,9.219726127224982,0.5925863574311031,0.3951855076378654,0.49619888066776285,-0.6603570845717204,0.0,0.6490602505713831,0.6190193606394512,low,0
S0020,2025-02-19,8,mid,2,27.93914763576051,0,2,4,0,0,7.7614728252781955,0.0,6.898903561578101,0.4714563408807977,0.3290612849645498,0.26513840370804287,0.8513024138665191,0.0,0.2909895150524202,0.436393259429842,low,0
S0020,2025-02-20,8,mid,2,42.56919831022726,0,0,3,1,1,5.545544282009079,0.0,5.9947064613467385,0.7429088460488028,0.633042923475723,0.6000165080879809,0.47922177480153594,0.0,0.05678073925630689,0.7314219473614328,low,0
S0020,2025-02-21,8,mid,3,28.589918038020777,0,0,5,1,0,7.103988096297379,0.0,12.977874900058701,0.721043675357962,0.37941901186154847,0.42356241605258416,-0.41185768165391146,0.0,0.14826057567132944,0.4584434003341924,low,0
S0020,2025-02-22,8,mid,3,52.39860443895031,0,0,3,1,1,9.153118364589861,0.0,7.54522396397163,0.45252472422271883,0.6103871804869687,0.8222623026137111,-0.6390466078181534,0.0,0.695378534005984,0.7874257393381833,low,0
S0020,2025-02-23,8,mid,1,39.27596354468671,0,0,2,1,1,3.4986721143574315,0.0,11.666712051434741,0.8051200248207101,0.8458724297769336,0.6384341774274641,0.5397098867978263,0.0,0.17183516668604337,0.5759389826706368,low,0
S0020,2025-02-24,8,mid,4,57.66668104935495,0,0,1,0,0,3.9830328519629257,0.0,10.51221133186209,0.8178730575039265,0.5660541560860531,0.8478844173175661,0.949122367473523,0.0,0.9571003208802421,0.8560893463902075,low,0
S0020,2025-02-25,8,mid,3,29.931983551647093,0,0,3,1,0,4.590374324865828,0.0,11.457393820673387,0.19478468369952584,0.47842867676945544,0.04328248950118074,-0.49432633754719024,0.0,0.06765773649141082,0.12737115449419978,low,0
S0020,2025-02-26,9,mid,2,52.68235554386366,0,2,4,0,0,4.250486062067113,0.0,12.5951118159598,0.6603963636993826,0.5490476975177273,0.27844449005543337,-0.4561183943739966,0.0,0.538631647532304,0.1540028735322998,low,0
S0020,2025-02-27,9,mid,2,38.047015426874886,0,0,5,0,1,2.5336373883513486,0.0,9.857054703090723,0.8244726578557586,0.4306716054091858,0.39011392350635943,0.3307644638654028,0.0,0.7586753985326515,0.06284073662045808,low,0
S0020,2025-02-28,9,mid,3,53.79658072379444,0,1,4,0,0,7.071319561253386,0.0,6.514239713384349,0.7038735330949497,0.5625114161047662,0.6005983822716702,0.1489092765815916,0.0,0.08186440399484562,0.670265344713785,low,0
S0020,2025-03-01,9,mid,0,32.57262116790508,0,1,4,0,1,5.442364486971995,0.0,11.310911281365785,0.28992697587964134,0.5164098461734441,0.6672390301801697,-0.6132682693258094,0.0,0.2461874678868623,0.5071237458622565,low,0
S0020,2025-03-02,9,mid,2,50.92362617958776,0,1,4,1,1,6.817182190375103,0.0,11.371637908635957,0.17135024296197832,0.4525157638414533,0.31918771012384095,-0.43328200607524026,0.0,0.8608212607401726,0.4216540068218385,low,0
S0020,2025-03-03,9,mid,4,28.51432400387123,0,0,1,0,0,7.508840823344931,0.0,8.07955765681849,0.37007811705731697,0.39685747415404193,0.1109921844050974,-0.5206776283476173,0.0,0.16448428657233694,0.1592005610439271,low,0
S0020,2025-03-04,9,mid,4,43.529849433766145,0,2,1,1,0,5.242946224344521,0.0,8.255433163843888,0.5642315628575716,0.39054764672445985,0.631697592823107,0.8947356510217002,0.0,0.17025488272214617,0.12041090971645563,low,0
S0020,2025-03-05,10,mid,2,41.77294100131564,0,0,2,1,1,6.096534697667865,0.0,12.633352801953734,0.3855850050644063,0.385480313203326,0.5865675050750127,-0.20580392729094688,0.0,0.883182997365831,0.10993061829445039,low,0
S0020,2025-03-06,10,mid,2,48.51727442435659,0,2,4,1,0,6.292161875275459,0.0,11.449962035877668,0.9792350925361734,0.07398405009171904,0.21668220114599268,0.5132596847683955,0.0,0.5405987060556618,0.3276797739624182,low,0
S0020,2025-03-07,10,mid,2,36.09331866754299,0,1,1,0,1,8.154654594100947,0.0,8.483651435933456,0.671515243696386,0.21328691794893095,0.3390700861189464,0.026245125610915743,0.0,0.6378441798877269,0.5428949813566215,low,0
S0020,2025-03-08,10,mid,0,32.64293975977876,0,1,3,0,0,7.783991396225339,0.0,12.491650870990402,0.5974831337307765,0.6430176824140023,0.5783498284481802,-0.9462669556083536,0.0,0.9995983822000198,0.033609240212896685,low,0
S0020,2025-03-09,10,mid,2,42.69343831131951,0,0,1,0,1,2.125706552761716,0.0,8.371608252063792,0.32391982716666745,0.23276985623859892,0.2694376305948617,-0.8127845255285593,0.0,0.4264627207239047,0.23528390660322374,low,0
S0020,2025-03-10,10,mid,4,42.48603329586821,0,2,3,0,1,7.412985236942499,0.0,11.239162095358415,0.5215544524029898,0.5995098294218943,0.7008544778091649,0.8160232549284299,0.0,0.09175188782584576,0.3309483947357269,low,0
S0020,2025-03-11,10,mid,2,43.10921792135129,0,2,3,1,0,7.334512325313053,0.0,7.04791885982244,0.5075336069203807,0.6689986771130042,0.11093652251567776,0.03769575023219818,0.0,0.3922195535122204,0.4518495668337076,low,0
S0020,2025-03-12,11,mid,2,56.66262490724948,0,0,2,1,0,2.3516058785176965,0.0,14.292742242993175,0.898328435923853,0.7497242022136001,0.22790050754169966,0.2874779891998409,0.0,0.9223984982924015,0.49646087845041253,low,0
S0020,2025-03-13,11,mid,2,48.066606401189894,0,0,2,0,0,2.505442139956081,0.0,9.738342211790561,0.04663487864457372,0.22991622017027502,0.9456027785260209,0.6906334963760667,0.0,0.44017371592400867,0.481995221945983,low,0
S0020,2025-03-14,11,mid,3,53.702370917335884,0,2,2,0,1,3.13668171440146,0.0,11.37347516738533,0.6476018019189457,0.3822571474051205,0.3319977528111959,0.3429510821452042,0.0,0.5922391132609566,0.6491074289367045,low,0
S0020,2025-03-15,11,mid,4,60.698933830756914,0,1,3,1,1,3.4492422369399725,0.0,8.633967500758978,0.12976330729799612,0.6345588566907985,0.32795493047959023,-0.44990142281521295,0.0,0.5920593293564674,0.025669754465501904,low,0
S0020,2025-03-16,11,mid,2,32.88506347920038,0,2,2,1,1,5.0042105027463455,0.0,11.911967493131547,0.502523914693815,0.9234361453455983,0.2899182359285798,-0.3357877399085083,0.0,0.6563476943951431,0.7851759548993943,low,0
S0020,2025-03-17,11,mid,3,51.76313046316335,0,2,5,0,0,6.232565824654413,0.0,11.502380053681117,0.1330982688294109,0.7918466928681599,0.43297876605749697,-0.9533226343387058,0.0,0.06008835274328461,0.6779079397348445,low,0
S0020,2025-03-18,11,mid,3,41.72156958950027,0,1,5,0,0,4.189650476953116,0.0,11.880333327025665,0.4305648421698647,0.8437724743492744,0.3255636677778545,0.7424442884767899,0.0,0.36311506788833814,0.36339470372334237,low,0
S0020,2025-03-19,12,mid,3,26.23837379219506,0,0,3,1,0,4.491958867658651,0.0,11.797788476202395,0.7631467101641358,0.4563765932479451,0.7364673874500022,-0.6884339041212675,0.0,0.2695064583864828,0.09985782447202562,low,0
S0020,2025-03-20,12,mid,2,52.386080660934155,0,3,5,0,0,7.3418523962198305,0.0,12.32979839546802,0.43414612865822866,0.36533284351694506,0.7158826551728584,-0.5556536403293206,0.0,0.00949219553599856,0.4711660024504428,low,0
S0020,2025-03-21,12,mid,2,33.74332403454028,0,0,5,1,1,2.8426784579388955,0.0,10.78016354638234,0.2976210020509741,0.6235654061672681,0.7262257046938908,-0.9216324359774983,0.0,0.5309437310723647,0.5653139862898864,low,0
S0020,2025-03-22,12,mid,3,36.71591892761232,0,1,5,1,0,5.7561641364357286,0.0,11.303963061127714,0.09030774856562673,0.697274223674543,0.2578637555526919,-0.28853304386906653,0.0,0.4889919823111655,0.7907501660653935,low,0
S0020,2025-03-23,12,mid,2,39.78770122629891,0,0,3,0,0,5.416914434104733,0.0,3.2900645403378537,0.4991797565084659,0.6033406295022267,0.9605514828047604,0.7703853839103076,0.0,0.10890803345048827,0.26598039139339325,low,0
S0020,2025-03-24,12,mid,3,48.8658258917093,0,0,2,0,0,2.1496618772431555,0.0,9.620832839150586,0.8886431808940862,0.6778511843068348,0.1689929248783747,0.4096046896817216,0.0,0.7414337195769799,0.8868802851210407,low,0
S0020,2025-03-25,12,mid,3,34.03558356058987,0,1,3,0,1,8.735917944040027,0.0,7.475176754127069,0.38636462483531686,0.9996386539651794,0.19535925808613586,-0.984149083985145,0.0,0.1901293623127691,0.886842375101301,low,0
S0020,2025-03-26,13,mid,2,33.33870781608287,0,1,2,1,1,6.227376716894852,0.0,9.372331348546856,0.8488873295859058,0.3995062484775861,0.9928918435178526,-0.8961124946875056,0.0,0.7886322200641908,0.4338365240273626,low,0
S0020,2025-03-27,13,mid,1,42.50615029141301,0,1,4,1,0,1.7917221155847383,0.0,8.879186086271295,0.12653688341881875,0.658705542726526,0.2261119106342585,-0.9621016893103811,0.0,0.4184197837673277,0.3104329919783051,low,0
S0020,2025-03-28,13,mid,2,26.138386572296206,0,3,3,1,0,1.9301427172526964,0.0,13.937236476390595,0.8409177474016911,0.6177797050872609,0.223528062241531,-0.5203134429809233,0.0,0.8616030137732296,0.6257075456365888,low,0
S0020,2025-03-29,13,mid,1,41.013181488454165,0,1,1,1,1,5.756517964635845,0.0,10.24571623781222,0.583974652288267,0.46597382634725326,0.5428173620781757,0.6170796333939466,0.0,0.6126750567852208,0.6470480913867177,low,0
S0020,2025-03-30,13,mid,3,48.259636053279934,0,1,3,1,1,4.547892889093156,0.0,6.1813106383592205,0.7018898911702741,0.6331379993231678,0.5660271305656708,-0.3464877458911897,0.0,0.7281999535329012,0.6532552770683363,low,0
S0020,2025-03-31,13,mid,4,71.35802651990737,0,2,5,1,0,7.146329635195924,0.0,4.087607454120429,0.4496582244427424,0.8708052527096602,0.8787584797999992,-0.3125168342239264,0.0,0.09173744787873073,0.16758248332401948,low,0
S0021,2025-01-01,1,mid,4,50.22324134233963,0,1,1,0,1,5.541513047099687,0.0,6.518879646796,0.5418955167669828,0.8707001108984207,0.35030305521297433,-0.15410877988664007,0.0,0.5986590554864937,0.5244253117420254,low,0
S0021,2025-01-02,1,mid,3,46.70447050412966,0,0,4,1,0,4.157865423297984,0.0,3.4293546561600827,0.8954265836686286,0.022440627895591092,0.5592026082967854,0.28504500012478906,0.0,0.3165823090990735,0.29048677130945977,low,0
S0021,2025-01-03,1,mid,3,44.583323134370744,0,1,2,1,1,7.874416278440037,0.0,11.558004242505662,0.6089330209896426,0.4184999704668394,0.15257557330953142,-0.0725972050835384,0.0,0.2947842091785916,0.6959202887612975,low,0
S0021,2025-01-04,1,mid,6,43.08043532906656,0,0,4,0,1,5.184242564145943,0.0,4.568731354808916,0.9152482695201144,0.04963435403657834,0.8110797937356735,-0.8694560028630209,0.0,0.12679484433667665,0.11931910388921085,low,0
S0021,2025-01-05,1,mid,6,31.409335031112178,0,1,3,1,0,6.17364754024822,0.0,10.68501777185298,0.9157390202189868,0.8913730311872168,0.8852755936823788,-0.7647075220135628,0.0,0.143515708278262,0.11777941937696668,low,0
S0021,2025-01-06,1,mid,4,37.94533993358953,0,1,4,0,1,6.224323852790707,0.0,13.60959207442713,0.32627549115123866,0.6643016002599286,0.7653129228919666,0.18497116190557494,0.0,0.2394968325010085,0.00024529051199306817,low,0
S0021,2025-01-07,1,mid,5,49.784096833437765,0,1,2,1,1,5.567259331405807,0.0,6.882296231385855,0.6893743618400938,0.7465308668189244,0.1476666111414876,0.6502323239587429,0.0,0.09414856615046996,0.5195834681568073,low,0
S0021,2025-01-08,2,mid,3,42.00152762501488,0,0,5,0,0,4.706643372790907,0.0,13.310792906180133,0.4977257122150923,0.3019135405344814,0.9968745999755302,0.34154438118044683,0.0,0.9518082859355522,0.4147968443881781,low,0
S0021,2025-01-09,2,mid,4,55.05704692701953,0,1,2,1,1,3.5954055736175285,0.0,11.578857606045938,0.24649252507028063,0.43093144327002086,0.33143806901461326,0.1707844220732886,0.0,0.33784061907484764,0.3929516358588919,low,0
S0021,2025-01-10,2,mid,5,46.86047712151212,0,2,2,0,0,7.005745663699266,0.0,8.336912716710597,0.40168607056576877,0.5588311614118561,0.17588149153016097,0.8408660482111132,0.0,0.701459119437275,0.8588548191493789,low,0
S0021,2025-01-11,2,mid,5,23.97329757060371,0,1,3,1,0,2.9803661312626315,0.0,13.76609760698297,0.9791656263551416,0.17497908872073964,0.7530961246340027,0.17832722476484641,0.0,0.23309560015654174,0.7536136371406785,low,0
S0021,2025-01-12,2,mid,6,39.55914410246305,0,1,2,0,0,3.6326190297514964,0.0,10.597063338288196,0.044900277220172535,0.10671764855245891,0.00024088398716759496,0.3939803084435849,0.0,0.5622353217144787,0.20987510903772388,low,0
S0021,2025-01-13,2,mid,5,39.19120861822702,0,1,3,0,0,5.1253122898715935,0.0,11.346902666710642,0.1309819037679124,0.40609004218390676,0.3293374119469007,-0.5718250628229573,0.0,0.9334399892402595,0.8809199954597525,low,0
S0021,2025-01-14,2,mid,4,33.65025835100742,0,1,5,0,1,3.3101685026647765,0.0,12.133190713370658,0.5230732809491372,0.7059403201832654,0.6022810043529202,-0.2297367857664383,0.0,0.9401184100557549,0.5139867413878735,low,0
S0021,2025-01-15,3,mid,5,49.56168626852583,0,3,2,0,0,5.387360702176334,0.0,12.365611705058004,0.23599599583783226,0.32021840161554704,0.6231598740802718,0.1941089312300346,0.0,0.9557029102151047,0.529084564007549,low,0
S0021,2025-01-16,3,mid,5,23.20061552883045,0,2,3,0,1,5.492235458900809,0.0,11.18880374969651,0.9241555866080342,0.6832290511181625,0.18469377674232612,-0.38346599402750137,0.0,0.48684857510347335,0.6072582053602069,low,0
S0021,2025-01-17,3,mid,4,51.77840097717885,0,2,3,0,0,5.429184085934954,0.0,11.34484311610688,0.9061857710330502,0.9635188283557684,0.7951049430027913,-0.18433334211330754,0.0,0.4832249663317051,0.9312569200955986,low,0
S0021,2025-01-18,3,mid,6,50.30149665533742,0,0,1,0,0,3.557834566574798,0.0,10.932492172041691,0.48890283865400064,0.44267787454414154,0.21604022447357973,-0.39946032829639555,0.0,0.9671183544949824,0.288648486009936,low,0
S0021,2025-01-19,3,mid,5,30.302105073648512,0,2,5,0,1,4.902462759608999,0.0,9.941800250321823,0.27963809372633786,0.3550459671937439,0.03689883944873362,0.7652096312377916,0.0,0.8478567357997436,0.2515009199344028,low,0
S0021,2025-01-20,3,mid,5,50.8270184433956,0,0,1,1,0,5.0173762583432735,0.0,7.665511795950467,0.43832704087905927,0.13815291451937894,0.4905533369900844,0.8987514915138326,0.0,0.7313931471891302,0.7388723099457941,low,0
S0021,2025-01-21,3,mid,5,53.47890494452585,0,0,5,0,1,5.799657656142999,0.0,4.8735118213086235,0.6150059299531672,0.13194502911624506,0.25396337685712744,-0.9534991294316959,0.0,0.8639517200542653,0.024905069746200437,low,0
S0021,2025-01-22,4,mid,4,42.69172418732332,0,3,1,1,1,6.942490875221651,0.0,12.632839011551624,0.27917384255347766,0.07373752258424227,0.14896363854845018,0.9110129701578813,0.0,0.6135139870959812,0.7278996058639255,low,0
S0021,2025-01-23,4,mid,5,46.666033476385465,0,0,2,1,0,6.073833651042431,0.0,13.241041695177657,0.6373201681437654,0.01745890822516616,0.31749289236509126,0.8789915730449627,0.0,0.13427353951692345,0.7263659451871542,low,0
S0021,2025-01-24,4,mid,5,53.94083656888576,0,2,1,0,0,3.5037410597043026,0.0,12.245851096148332,0.4782720648259724,0.565399517984672,0.6038585624378753,0.8714510967575972,0.0,0.6614930204143176,0.7862988160773022,low,0
S0021,2025-01-25,4,mid,6,47.92135697196604,0,0,5,0,1,7.485668005086989,0.0,5.758799058218277,0.24664337536167524,0.23392839265389187,0.28620186862119423,0.18505808890709785,0.0,0.4926302839421671,0.8416359533024408,low,0
S0021,2025-01-26,4,mid,6,57.40825068963285,0,0,3,0,0,5.2926818474983595,0.0,12.992051969654577,0.6269278826274898,0.06983695310956961,0.13326372288441557,0.15934087039507916,0.0,0.39571286995802923,0.7988105198655018,low,0
S0021,2025-01-27,4,mid,6,46.1491272637148,0,1,5,1,0,2.8304823969791,0.0,7.282913226987074,0.8137385606288366,0.9803784690587429,0.7738033312474814,0.04735324560822707,0.0,0.4425112319453147,0.5396477205303649,low,0
S0021,2025-01-28,4,mid,5,12.87046389484977,0,0,4,0,1,5.648567249645095,0.0,10.391318675966506,0.284394331912838,0.08115941089361423,0.8261386603553317,0.9968339272985098,0.0,0.5784324380201994,0.058809387912681865,low,0
S0021,2025-01-29,5,mid,3,48.15461532272414,0,3,2,0,1,2.253574577194545,0.0,11.3381708325276,0.22000015071414647,0.6038716642123974,0.4067617068387297,-0.6454714024481929,0.0,0.7873970396737204,0.20024303650123054,low,0
S0021,2025-01-30,5,mid,4,43.240118094343856,0,1,3,0,1,8.131641188188226,0.0,11.862626247720241,0.07077367014030544,0.02261545816418631,0.4641958666449473,0.5823733744687276,0.0,0.16071941009932833,0.8366372722149229,low,0
S0021,2025-01-31,5,mid,3,57.03874741793595,0,2,2,1,1,6.782352319789874,0.0,12.187922937560785,0.8528352678824958,0.3014490256063107,0.510683984115327,0.715011146720796,0.0,0.8647362366118991,0.02568384305614091,low,0
S0021,2025-02-01,5,mid,5,61.50328247200332,0,0,3,1,1,6.229106744483432,0.0,9.554361153578688,0.39583680875689586,0.4962776590574022,0.2455833682738664,-0.999749722486849,0.0,0.8993344567331352,0.08171475703630482,low,0
S0021,2025-02-02,5,mid,4,34.2339164625697,0,1,5,1,1,4.44902935660041,0.0,10.663786823042525,0.8368176661978396,0.38727908715946013,0.5287766757639802,-0.1324411990102281,0.0,0.4757172044082054,0.28542768512447336,low,0
S0021,2025-02-03,5,mid,3,43.63876169819249,0,0,1,0,0,5.690828579630504,0.0,12.277376623689538,0.9237591118689178,0.644012158232911,0.8439510240338473,0.11059717853927964,0.0,0.4626300506752249,0.528477401003397,low,0
S0021,2025-02-04,5,mid,6,32.10399225392646,0,2,3,1,0,5.118346931120993,0.0,14.12287274072013,0.03928203884341008,0.9462058847148388,0.08273406343452183,0.19536700506751226,0.0,0.8776677629335158,0.07976979775019388,low,0
S0021,2025-02-05,6,mid,6,47.12326140667899,0,2,2,1,1,6.606464205249356,0.0,8.310989834860923,0.9869235760523383,0.4638640292616176,0.3217706951544964,0.8628963523191375,0.0,0.5004484464663165,0.7303535711807213,low,0
S0021,2025-02-06,6,mid,3,41.144781781876695,0,2,5,1,0,5.469140039873067,0.0,11.803248214323293,0.31207301829542244,0.79336001223668,0.48836948695485094,-0.7157459261682468,0.0,0.8845020812264927,0.3386619462364725,low,0
S0021,2025-02-07,6,mid,3,55.2038187417768,0,2,3,0,0,7.437238689662983,0.0,15.111101915151368,0.9974385048873267,0.6124261038907539,0.6461598809360338,-0.910451401406482,0.0,0.8590506020335373,0.9700894317421239,low,0
S0021,2025-02-08,6,mid,4,32.36959876310068,0,0,4,1,0,4.690143592705289,0.0,9.095349873895042,0.25501377344295495,0.35743966357383716,0.424334263114571,-0.22165705659395663,0.0,0.9521472093811999,0.4371290560843858,low,0
S0021,2025-02-09,6,mid,6,48.3448334282498,0,2,4,0,0,6.396531072984191,0.0,10.131442578495284,0.6191104376816039,0.7256451882806673,0.28265181850587207,0.17796368717839162,0.0,0.14347724429784026,0.4044831451977754,low,0
S0021,2025-02-10,6,mid,4,38.06723876076843,0,1,5,1,1,1.7986337819680287,0.0,10.173924089846992,0.9221560928441523,0.054200808842033266,0.6889130176988153,0.24247978561873773,0.0,0.4410415222565268,0.24032095529260533,low,0
S0021,2025-02-11,6,mid,6,43.07721687188555,0,2,2,1,1,4.672194179949659,0.0,11.276610378088083,0.40416382153299324,0.9078046114473945,0.5265984301668132,0.13234908351095598,0.0,0.17623283815091684,0.49866002081865446,low,0
S0021,2025-02-12,7,mid,5,53.13885648712869,0,0,4,1,0,5.230723152266456,0.0,8.558239912266307,0.5234138271181128,0.7834354691665709,0.02888817227196183,0.5616946896374748,0.0,0.5208770457581069,0.37052933277971145,low,0
S0021,2025-02-13,7,mid,3,49.501158409151984,0,1,2,1,0,4.52690684071813,0.0,10.467151958591323,0.2972585469036878,0.6501105997281013,0.13673082591560848,0.3551964215768846,0.0,0.05902671082042299,0.33493155295962773,low,0
S0021,2025-02-14,7,mid,5,50.503036740090906,0,3,1,1,1,6.031096005401482,0.0,7.820343053903587,0.2780833787896416,0.9610369280667572,0.9880693122501709,0.8528087900507075,0.0,0.9447617629095447,0.61565481741636,low,0
S0021,2025-02-15,7,mid,4,47.8090882643606,0,1,5,0,0,6.866684608414506,0.0,8.941107307773388,0.31832730385579266,0.09413976066968865,0.3027289939719451,0.43070709253577144,0.0,0.6575818868033289,0.18801715355357784,low,0
S0021,2025-02-16,7,mid,5,37.29686462109104,0,1,4,1,0,5.011217566910313,0.0,10.047988236331685,0.9219410419862444,0.13204923058341733,0.9750605256429472,-0.9329870016385731,0.0,0.5272592734711015,0.2910083294708191,low,0
S0021,2025-02-17,7,mid,4,51.110804308939564,0,0,4,1,0,7.665603460952198,0.0,11.076729944238057,0.5288433742187594,0.6111544902263005,0.5162173399765593,0.760916466735408,0.0,0.23551661858508888,0.26399358454050936,low,0
S0021,2025-02-18,7,mid,5,42.88497993149793,0,1,2,1,0,4.167531436075001,0.0,7.26061208114996,0.041631124103455264,0.43662741280130735,0.6015739292849359,0.8833085505857814,0.0,0.6258281432777371,0.6240760468558998,low,0
S0021,2025-02-19,8,mid,4,41.72984796737174,0,1,3,0,1,4.850839539792972,0.0,8.16179747495573,0.26459945414971686,0.8938070253874942,0.09605226358380392,-0.1771144666391784,0.0,0.4068161520310857,0.8883944175470226,low,0
S0021,2025-02-20,8,mid,5,33.06408435965982,0,0,5,1,1,2.9186771226715598,0.0,15.951861362844355,0.34228271266632226,0.2126764294948763,0.6039877538322589,0.909123490696476,0.0,0.359790954092403,0.8831568886620542,low,0
S0021,2025-02-21,8,mid,3,29.749395293161342,0,1,1,1,1,4.015814072735607,0.0,10.072725317546643,0.30429670155832567,0.34601707423060946,0.5587272687257594,0.11659953474260898,0.0,0.7098997977278731,0.7170272962180809,low,0
S0021,2025-02-22,8,mid,5,37.60702563639455,0,0,1,0,1,7.936550516914577,0.0,8.897850131735359,0.5037894579563624,0.6394590861399947,0.639741465720317,0.3420386049668538,0.0,0.3875961945685754,0.370004839056845,low,0
S0021,2025-02-23,8,mid,4,29.56316294688775,0,1,4,0,1,8.676677005258448,0.0,8.623433175435267,0.21975224379258884,0.9762574397174211,0.3185582581880835,0.06496041372117678,0.0,0.018966384731041175,0.8848907214308044,low,0
S0021,2025-02-24,8,mid,4,50.75749218316699,0,1,5,1,0,6.986351471636837,0.0,14.368035362795741,0.5243999724408593,0.7006744145945571,0.6640158905283466,0.8056817845219642,0.0,0.5418353053646227,0.4215025881904898,low,0
S0021,2025-02-25,8,mid,5,50.59250386023355,0,0,3,1,1,2.2162145398092723,0.0,8.566318497949608,0.019313754962087537,0.23729903609358527,0.6999187748384222,0.8231787753454609,0.0,0.09351306643176582,0.5532591871619299,low,0
S0021,2025-02-26,9,mid,3,54.49985417387584,0,2,2,1,0,6.140933681234862,0.0,11.579749980550602,0.3095504729994665,0.4234582734023983,0.7068022641232585,-0.2578753935844924,0.0,0.49397465327548096,0.6465129677051235,low,0
S0021,2025-02-27,9,mid,6,42.026018254863466,0,0,1,0,0,8.306880217651686,0.0,8.08841584822133,0.009266829456630044,0.27639354408843053,0.14237224378501667,-0.7447816344710165,0.0,0.959040216447247,0.37656033156241775,low,0
S0021,2025-02-28,9,mid,6,46.99776221835094,0,0,3,1,1,3.6047666256896047,0.0,7.93859059494028,0.17584933560393912,0.4348122635267233,0.532858202290054,-0.9785036684968365,0.0,0.8329234276131146,0.5127538925310988,low,0
S0021,2025-03-01,9,mid,4,44.464439559448735,0,3,1,0,1,5.257527472696866,0.0,12.06472285247602,0.2873253994058962,0.7047767291149508,0.37492905135932886,-0.73576871124198,0.0,0.2372322298435804,0.6427472844593757,low,0
S0021,2025-03-02,9,mid,4,39.07256270588052,0,3,2,1,0,2.215361597295992,0.0,12.505357940454559,0.6357227517102035,0.3809550957236558,0.33645494436066525,-0.42142450586701474,0.0,0.345645260134289,0.786744892061148,low,0
S0021,2025-03-03,9,mid,5,33.86613636070436,0,1,2,0,1,7.361918997708397,0.0,7.218099355224405,0.8188193868703041,0.5880560673389637,0.3224787537195516,-0.37904353376544364,0.0,0.12430834990546302,0.9333010482351946,low,0
S0021,2025-03-04,9,mid,4,45.676002962324496,0,1,2,0,1,6.077253166326458,0.0,7.587063206653344,0.4855660038352634,0.18704516366992818,0.6987399073299491,0.09477515738849074,0.0,0.030373878771570495,0.6465879505288259,low,0
S0021,2025-03-05,10,mid,4,48.70382638005033,0,0,4,1,1,5.149382568464566,0.0,6.939551857129791,0.6201140121686253,0.40374079650148653,0.2886668276681662,0.6186347512511148,0.0,0.06828598372642014,0.2802918611327917,low,0
S0021,2025-03-06,10,mid,3,39.59199308294433,0,0,2,0,0,5.329460386073997,0.0,14.428755545485252,0.7581100878836062,0.4373383736628297,0.041281914888519844,0.363489971753596,0.0,0.44412849252872655,0.8740434955452465,low,0
S0021,2025-03-07,10,mid,4,58.260900214323364,0,1,4,0,0,0.6421743846724972,0.0,5.944953893272224,0.18140811730554351,0.9668685065373809,0.6037336049268583,0.6270260914496717,0.0,0.4961405572349502,0.7228119173729131,low,0
S0021,2025-03-08,10,mid,4,47.15474615528663,0,1,1,1,0,5.030965029099626,0.0,13.902226013037232,0.38449358140731993,0.16125634752498497,0.8206880082146192,0.1524965002423755,0.0,0.09245996592275729,0.6488983979970758,low,0
S0021,2025-03-09,10,mid,6,41.87716865870145,0,3,4,1,1,10.174565140846422,0.0,9.73135565346895,0.8989481855810443,0.19809957203119943,0.09824650755191189,0.3812872262790019,0.0,0.822848905522444,0.8504901885825635,low,0
S0021,2025-03-10,10,mid,6,49.4451409265664,0,1,5,1,1,3.881671303709412,0.0,5.805993114288039,0.3145670663263369,0.32165173830291205,0.16925952420404577,-0.41225790578091126,0.0,0.019662589975881772,0.472910946688326,low,0
S0021,2025-03-11,10,mid,5,48.82727184155683,0,1,5,1,0,7.115788411291852,0.0,11.007876288701702,0.3307101178824615,0.16603414566538777,0.15704067510445563,-0.4592821723685918,0.0,0.44622713218005283,0.8760228650812267,low,0
S0021,2025-03-12,11,mid,5,48.34235487276817,0,2,4,0,1,4.529343203770077,0.0,9.14184274254048,0.5233687238701609,0.11522831277094181,0.9649792960461111,0.014254557028843262,0.0,0.3800861448130596,0.1575400375915592,low,0
S0021,2025-03-13,11,mid,3,37.839612698646214,0,0,1,0,1,7.042795367680796,0.0,13.035716751249314,0.6411627058451771,0.4773640243842032,0.6749080911719451,0.5476015965775765,0.0,0.9664816590367438,0.888641031548605,low,0
S0021,2025-03-14,11,mid,5,54.83926909206224,0,1,2,1,0,5.033152876376622,0.0,10.35886906238536,0.11314396058899856,0.8801677407371972,0.14511498425764058,-0.6888113479416877,0.0,0.19339756748608794,0.6534188353930929,low,0
S0021,2025-03-15,11,mid,5,41.82137107741735,0,0,5,0,1,5.263729875661492,0.0,10.91905140494045,0.40884316553323397,0.7396309321609413,0.9001409657065468,-0.63971689240205,0.0,0.19598426137766112,0.4087207622276604,low,0
S0021,2025-03-16,11,mid,4,34.39610182615212,0,2,4,0,0,4.44763242647768,0.0,7.616079176829176,0.2993201091392361,0.6344992293392767,0.8833026637337129,-0.09031655825356832,0.0,0.7466651727668185,0.14601036711067428,low,0
S0021,2025-03-17,11,mid,4,44.68445000049337,0,0,4,0,0,3.980170996323455,0.0,13.753446739056708,0.5758460579035705,0.6233080309392077,0.8227272212473471,0.472903570839601,0.0,0.5692911269711404,0.6691830270396567,low,0
S0021,2025-03-18,11,mid,4,48.92272526650548,0,0,3,0,1,6.570262631490143,0.0,12.581523113001937,0.771272616208134,0.04444347632452306,0.8951015649625885,0.7785662104233493,0.0,0.531923989097614,0.24859433226876537,low,0
S0021,2025-03-19,12,mid,6,65.91369056216982,0,0,1,1,0,6.176631395143217,0.0,6.8227318102596675,0.8598319454143022,0.5212170824492155,0.7075256683349804,-0.9578559786861989,0.0,0.6084208118853993,0.9619091444366017,low,0
S0021,2025-03-20,12,mid,5,47.2654125710978,0,2,2,1,1,6.28432936997646,0.0,7.968616267546379,0.29886215852664344,0.5804100231779726,0.2715222255379748,-0.14966425402645966,0.0,0.20751462525023023,0.6330077925320383,low,0
S0021,2025-03-21,12,mid,4,44.55864223831842,0,0,3,0,0,1.546327703959696,0.0,14.798710366211768,0.6544198355397227,0.9523951740639516,0.5287361347952536,0.5747572071801992,0.0,0.7530409963159371,0.9217911043238652,low,0
S0021,2025-03-22,12,mid,5,40.075586160787374,0,1,3,1,0,2.1989552179385754,0.0,14.494150853609785,0.7918277209316302,0.3044739016157151,0.17640758606986207,0.08793927159541104,0.0,0.5662120449106034,0.825746482267338,low,0
S0021,2025-03-23,12,mid,6,43.17591299264081,0,0,3,0,1,6.654195794631325,0.0,11.942191745766804,0.9129318014978482,0.5977715612220723,0.8462800106620166,-0.5362555379496559,0.0,0.8147331707919729,0.22168674130648025,low,0
S0021,2025-03-24,12,mid,4,49.88951524072801,0,0,5,0,1,6.731091267064904,0.0,10.138994430653733,0.3810148029276955,0.2174823087870541,0.7438211118393816,-0.7306911841427881,0.0,0.8922833720151879,0.40939963520880396,low,0
S0021,2025-03-25,12,mid,3,49.33504079976333,0,0,5,0,1,3.6658825519886094,0.0,4.134810871835479,0.8994782704536088,0.3584838731584227,0.48051298619173577,0.8090082824361577,0.0,0.8022432179898482,0.2434309250098028,low,0
S0021,2025-03-26,13,mid,3,31.45211482662784,0,3,1,1,0,6.213261613964169,0.0,8.838819378497595,0.888823066701695,0.3672422057452206,0.18298173654368066,0.7493188682667364,0.0,0.8850973152528143,0.10090608455121408,low,0
S0021,2025-03-27,13,mid,5,50.11785500445832,0,2,5,1,0,3.178767604590867,0.0,12.396494302820452,0.4747376149873008,0.24698899528567952,0.5802338234353299,0.44114753611993596,0.0,0.3310747386981765,0.603020848287122,low,0
S0021,2025-03-28,13,mid,4,56.84156479322327,0,0,5,1,1,5.097662249616819,0.0,7.1997361998692,0.5889417840769567,0.7298866645227469,0.2592607282521938,0.6835208164265836,0.0,0.9531423397737832,0.4990393035948636,low,0
S0021,2025-03-29,13,mid,5,61.01900784769872,0,0,2,1,1,2.2223132635410643,0.0,12.625644925490157,0.6532462153559259,0.21040169087048244,0.7852700659100745,-0.778376794326729,0.0,0.8951504000902802,0.8404216925407945,low,0
S0021,2025-03-30,13,mid,4,46.962171113361805,0,0,2,0,0,8.719844775040634,0.0,8.408890877637756,0.1389144232435333,0.02194748239275579,0.890483957348864,0.14909127909804387,0.0,0.01998775557100685,0.9923394809279871,low,0
S0021,2025-03-31,13,mid,1,34.365874790482835,0,1,3,0,0,2.15882111802046,0.0,8.504579329047553,0.03042602820271112,0.8476891943646455,0.3264100860344259,0.36218207945969416,0.0,0.9475873997767074,0.5649902980821316,low,0
S0022,2025-01-01,1,mid,4,43.8058233010784,0,2,2,1,1,0.7251950767085722,0.0,9.050510740656598,0.505846376942053,0.18591702734373627,0.6821541399331646,-0.8885302376325377,0.0,0.36144950620796157,0.17903324467112258,low,0
S0022,2025-01-02,1,mid,4,48.4319548464232,0,0,1,0,1,5.8448456443552725,0.0,6.456411176480865,0.23628770803952126,0.10554913671295041,0.05017417206592911,-0.9542374519606323,0.0,0.4311646483110637,0.42672577987339366,low,0
S0022,2025-01-03,1,mid,4,38.96181841779216,0,0,2,0,1,3.299041230354005,0.0,12.583445627394385,0.95338173440055,0.21370279379170354,0.7314313224276058,-0.7694833766159224,0.0,0.6489044985598341,0.759515003356136,low,0
S0022,2025-01-04,1,mid,4,51.54631435075767,0,2,3,0,1,3.064074321076408,0.0,7.126649929291098,0.8338812602603769,0.14783379456878265,0.6167275917865472,0.910026965965171,0.0,0.8413031495773076,0.061815233779729195,low,0
S0022,2025-01-05,1,mid,3,40.76058700439217,0,2,2,0,1,3.986820054857687,0.0,9.394341963004344,0.9919894404667426,0.6807042874617848,0.9265804970841343,-0.316251051361077,0.0,0.6476854190829942,0.6744972302066128,low,0
S0022,2025-01-06,1,mid,4,36.69368456334839,0,0,1,0,1,4.39268844554044,0.0,12.287767979533292,0.18453034415776504,0.0218016771511641,0.25550668371821117,-0.26565692048953804,0.0,0.946066985947992,0.4913726338472527,low,0
S0022,2025-01-07,1,mid,5,46.5069077526305,0,2,3,0,1,4.915912464071379,0.0,9.948261135067012,0.5114885881219537,0.21374091548932017,0.5193106413968722,-0.7184715626015596,0.0,0.42985722901749235,0.5979168584012445,low,0
S0022,2025-01-08,2,mid,3,38.645022591998575,0,0,1,0,1,3.2370779147665756,0.0,11.839366142819294,0.8386197944064862,0.26446882881443,0.03232710649084147,0.6413506879504582,0.0,0.4661458505309871,0.5995054402689939,low,0
S0022,2025-01-09,2,mid,3,43.722574858749574,0,1,4,1,0,6.207786024723221,0.0,16.627985063392195,0.15437349124073874,0.16777970610442305,0.9892517284795547,-0.09454001275813462,0.0,0.1258012920000735,0.21479003873925429,low,0
S0022,2025-01-10,2,mid,4,27.489314144377232,0,0,3,0,0,8.21771597792598,0.0,2.0174107612803436,0.3152782983311285,0.48418708293700563,0.9199384581811736,0.0002752743594613971,0.0,0.8309903105675974,0.31739042916343385,low,0
S0022,2025-01-11,2,mid,5,49.01774953769765,0,1,4,1,0,5.46462008972464,0.0,7.647228442088187,0.5134067340104331,0.11390571557630835,0.6491036348645998,-0.10688568593184833,0.0,0.2171150508170857,0.3533841557021773,low,0
S0022,2025-01-12,2,mid,3,44.8261926707836,0,2,4,0,0,9.517805715209832,0.0,11.495386330811593,0.9481225427392382,0.5386819335887252,0.6385891232915506,0.25845900748465644,0.0,0.7081211518124652,0.6402850995783188,low,0
S0022,2025-01-13,2,mid,5,54.09291073706137,0,1,5,0,0,4.578161179405043,0.0,12.74755917494225,0.02690415384963385,0.6949616208941519,0.7840332361831295,-0.9639514936711195,0.0,0.5950308533415132,0.588368758244175,low,0
S0022,2025-01-14,2,mid,5,38.2994031413466,0,1,5,1,1,7.9524330360594675,0.0,11.990874154963691,0.9739056734370036,0.38010894680241347,0.0644725446663511,0.9759424424427037,0.0,0.6238066594255363,0.9464504581607692,low,0
S0022,2025-01-15,3,mid,3,37.59255381110955,0,0,1,1,1,1.9688786633810413,0.0,14.287002121574611,0.5652712071472329,0.210212033898861,0.5461072586951875,0.5976591809807583,0.0,0.7589477695912663,0.35795454980707164,low,0
S0022,2025-01-16,3,mid,4,42.79126246869602,0,0,3,1,1,2.612562435462546,0.0,15.012154888532743,0.26358918087335037,0.9052849426076388,0.016265074117443268,-0.3461750654952156,0.0,0.943505583788035,0.6540330069815741,low,0
S0022,2025-01-17,3,mid,2,46.5769421996281,0,1,4,0,0,1.3616245539145004,0.0,10.26203867992562,0.2842840597184866,0.018299986703970483,0.69243089075629,0.5518966053511956,0.0,0.03242777292368959,0.5859345391309533,low,0
S0022,2025-01-18,3,mid,3,57.75975958834302,0,1,4,0,0,3.2023982585534734,0.0,7.8104320541848855,0.33252835975457073,0.3531330751434124,0.3087757763619975,0.9575054314390179,0.0,0.9327310855094871,0.5745100995248622,low,0
S0022,2025-01-19,3,mid,3,24.722320768350134,0,2,5,1,1,2.6681599940860785,0.0,7.937570120789424,0.24498021593384223,0.004655581566782252,0.8807088321994518,-0.4080190094484124,0.0,0.08637437952279448,0.08698740568108854,low,0
S0022,2025-01-20,3,mid,4,45.200013221509245,0,0,3,1,1,1.489560051198092,0.0,11.621833611885858,0.3025220925138664,0.4244765018489495,0.314145615150606,0.8306631671370335,0.0,0.04195457129062896,0.23457015987027463,low,0
S0022,2025-01-21,3,mid,4,49.183644931773536,0,0,2,0,1,3.504099679952514,0.0,10.7952315847053,0.4194689031692016,0.5249085075495993,0.29403628841111007,0.7619492236669314,0.0,0.8376699415112218,0.49362091234253,low,0
S0022,2025-01-22,4,mid,5,39.209244928641205,0,0,1,1,0,4.972717851825196,0.0,8.300964469608985,0.2553136360993602,0.6903751213619475,0.6538915740405054,0.08404001428804975,0.0,0.35284328142796295,0.8504562449857302,low,0
S0022,2025-01-23,4,mid,2,54.34659468226628,0,1,1,0,0,5.927998258099704,0.0,12.79265461505545,0.6415363642455536,0.9490295420448075,0.38368740163842463,0.6655666283769766,0.0,0.9215037270922941,0.4915392442651969,low,0
S0022,2025-01-24,4,mid,3,59.24893676638832,0,0,4,1,0,8.406495215778161,0.0,12.787531504957943,0.25312901352359485,0.7014750617029408,0.9232762501126367,0.5158554066875773,0.0,0.08423280282272172,0.46912622009002103,low,0
S0022,2025-01-25,4,mid,2,37.473358417627814,0,1,1,0,1,5.042828128989758,0.0,7.043398475202424,0.730079026495016,0.6983927849992124,0.7608418524044702,-0.08509069022392945,0.0,0.17592292933028209,0.46487244391937266,low,0
S0022,2025-01-26,4,mid,5,61.1411451609428,0,0,2,0,1,2.5503053557219215,0.0,6.610784213540392,0.801646274096891,0.42152539978002457,0.6115670496146833,-0.1912339883342491,0.0,0.551457015136869,0.062440724017431726,low,0
S0022,2025-01-27,4,mid,5,41.44335997379953,0,3,4,1,0,4.174412311295416,0.0,9.106377630141509,0.20269890835021054,0.16957245653184194,0.09067465061294899,0.5956784695574149,0.0,0.495537774744111,0.3885194403786828,low,0
S0022,2025-01-28,4,mid,3,49.88661537260477,0,0,4,0,0,9.135454278601992,0.0,10.58850699539864,0.7772987857132578,0.7101577812672308,0.20559071645636096,-0.7682005615144925,0.0,0.5424501591012509,0.19891179120814517,low,0
S0022,2025-01-29,5,mid,4,36.43815545955054,0,0,3,1,1,4.912840432466148,0.0,14.160679083964325,0.3663217057115824,0.10923586419874975,0.05175330909058817,-0.20164171315278545,0.0,0.09992538018373243,0.10354817273798278,low,0
S0022,2025-01-30,5,mid,4,20.000406893961838,0,0,4,1,1,5.452246077096543,0.0,9.368266115389147,0.5866334591233839,0.7787805493770656,0.8087815461396943,0.6464728784221465,0.0,0.5506137077446087,0.17712059569910488,low,0
S0022,2025-01-31,5,mid,4,33.756925936786466,0,0,3,1,0,4.188934616475084,0.0,10.265734388250205,0.03283668063012335,0.7215951708485088,0.19312724382271984,0.3043969243841127,0.0,0.5465759107914545,0.9817944714046234,low,0
S0022,2025-02-01,5,mid,3,56.726039587430066,0,1,5,0,0,4.406228034615402,0.0,17.035913690415484,0.17652910405266908,0.8031459261575447,0.2731666044115769,0.640958163323819,0.0,0.6116090627949935,0.37273142794878744,low,0
S0022,2025-02-02,5,mid,2,69.5171262499729,0,1,2,1,1,5.9994525459693,0.0,12.513238676665456,0.3299756284276918,0.8306661148234412,0.4873425308531789,-0.650722270525077,0.0,0.07771246200352666,0.6996057476372204,low,0
S0022,2025-02-03,5,mid,4,48.2962553117474,0,1,4,0,1,4.479778849171893,0.0,7.859015232719088,0.135754341195232,0.5657117051042293,0.424114909573415,-0.07515132379818912,0.0,0.5428634773412074,0.9820521459426015,low,0
S0022,2025-02-04,5,mid,4,57.21859250482062,0,0,4,1,1,5.58661247203405,0.0,9.11209728085522,0.4173059190395283,0.7969455636216577,0.5312330609895951,-0.03888175041113717,0.0,0.8069131514924653,0.4234876117123759,low,0
S0022,2025-02-05,6,mid,5,54.45214312250382,0,1,3,0,1,3.2963880036346604,0.0,9.238297111777374,0.13423333059494225,0.8369884614476463,0.749753432325562,-0.235317739417799,0.0,0.8284865813896308,0.08076618482357845,low,0
S0022,2025-02-06,6,mid,4,48.22047204325693,0,1,3,1,1,8.150491213538192,0.0,10.548872990178168,0.07857158229167172,0.5900259716088628,0.5502841774693387,0.2199534434703203,0.0,0.6956416079155902,0.9181089700341419,low,0
S0022,2025-02-07,6,mid,3,51.73271044960149,0,1,2,1,0,0.5109243304342144,0.0,11.326489219377677,0.4255948647753949,0.4820753969533401,0.1520944037206292,-0.27052655211928167,0.0,0.8161084426094453,0.18239811958147245,low,0
S0022,2025-02-08,6,mid,4,57.89612614339787,0,0,5,1,1,12.3749336029966,0.0,10.54648286333386,0.03631473933573526,0.956526749577266,0.17423344088441794,0.07668119762088521,0.0,0.3956746099587316,0.41558470074460574,low,0
S0022,2025-02-09,6,mid,5,57.124509509434844,0,0,4,1,1,2.541363958374992,0.0,9.374148290086382,0.3132169431566907,0.2123795641050702,0.12581746791483706,-0.24483774512929246,0.0,0.5409362431980751,0.07275152527663176,low,0
S0022,2025-02-10,6,mid,4,30.760196661790328,0,0,5,1,0,7.448011245167216,0.0,8.243516610530536,0.6833407532817237,0.07829277714226213,0.557976850286288,-0.6329823329212283,0.0,0.6835492921777645,0.6100848469406392,low,0
S0022,2025-02-11,6,mid,4,55.73022844829656,0,1,1,0,1,7.515476935007319,0.0,7.844204792957404,0.7800417458367648,0.014398772532819515,0.143790475840733,-0.5738036377030404,0.0,0.3516004687578763,0.29144808343195305,low,0
S0022,2025-02-12,7,mid,4,50.038878713794006,0,0,5,0,0,6.685605382521066,0.0,10.775724702211425,0.19229266782728072,0.08700658705606035,0.6272119190453525,-0.211738302454747,0.0,0.16290269329298857,0.1170871673548447,low,0
S0022,2025-02-13,7,mid,2,50.303061822496026,0,2,3,0,1,3.030392223735256,0.0,8.67573182976747,0.9659442041334333,0.5775115474766916,0.4466004313276186,0.8241037563131346,0.0,0.9003613873671032,0.4156972790742096,low,0
S0022,2025-02-14,7,mid,3,51.987023932035676,0,1,4,0,1,4.391690701757597,0.0,8.53484869133377,0.8376738186088084,0.6151758113832423,0.22732322508948066,0.7435170595986753,0.0,0.8007120592184848,0.7536492823215806,low,0
S0022,2025-02-15,7,mid,4,55.48649894473539,0,1,1,1,0,6.6836062135734435,0.0,7.066266548830187,0.19192528664772845,0.6333540406593484,0.4305307097370771,-0.3616656713386557,0.0,0.9459822674873012,0.3244075078147799,low,0
S0022,2025-02-16,7,mid,4,41.42108617445695,0,0,1,1,0,0.053108212663632415,0.0,6.804495802804915,0.36001895821507623,0.7819838535767095,0.7453502883125159,0.8104498470598807,0.0,0.3954875261869222,0.5641795279294597,low,0
S0022,2025-02-17,7,mid,4,48.363673927668586,0,1,2,1,1,7.566219434624097,0.0,7.25590418208405,0.21357104862958254,0.6586840840738812,0.9269875331045009,-0.44017286060778016,0.0,0.6768906165888243,0.14356112155737832,low,0
S0022,2025-02-18,7,mid,3,40.43364503449135,0,2,3,0,0,5.180507784689312,0.0,14.138382748905038,0.03537921517331999,0.28195100527470085,0.6391406559794214,-0.6012810608439505,0.0,0.8273914062194143,0.6765759070836642,low,0
S0022,2025-02-19,8,mid,4,44.41308847070685,0,1,2,1,0,9.825443052063461,0.0,13.228700588607312,0.6150208890304737,0.8910479269261551,0.06025564454675758,0.7865755357050657,0.0,0.2396765086112741,0.07795024959634744,low,0
S0022,2025-02-20,8,mid,3,38.521337607974985,0,1,1,0,0,6.170337488418376,0.0,9.588324470324393,0.8273499634411624,0.9848018478837451,0.8762030410414817,0.23345189861875837,0.0,0.5984792878167189,0.12952612675421704,low,0
S0022,2025-02-21,8,mid,4,60.4479734638426,0,1,4,1,1,2.6533879416223245,0.0,13.067296907308936,0.44154426363565746,0.806812478906251,0.3306762187631821,-0.6698767689796135,0.0,0.37830491298348057,0.06921866740938809,low,0
S0022,2025-02-22,8,mid,3,49.565078443153574,0,0,3,0,0,8.488769236351981,0.0,7.536759970857155,0.5489495100466395,0.2757363066355323,0.6463294454971398,-0.5915058273109532,0.0,0.6939882842591655,0.0031108776232428026,low,0
S0022,2025-02-23,8,mid,1,55.87209461771397,0,0,5,0,0,4.174357318398561,0.0,8.719651859070146,0.11025945631526313,0.9429747199935236,0.6727516978393802,0.5798195009310492,0.0,0.3311573368243642,0.4604217100767578,low,0
S0022,2025-02-24,8,mid,4,49.85907830245425,0,0,2,0,1,9.316038021714391,0.0,6.8271132092955815,0.5468869000288528,0.7988445872971748,0.7510119123114727,0.5429077062757588,0.0,0.49923900694167556,0.3538813513539305,low,0
S0022,2025-02-25,8,mid,3,33.67021905308732,0,1,2,0,0,0.0,0.0,8.396590972474836,0.5194870317406245,0.1617857344817476,0.10871173927698252,-0.42072504249632314,0.0,0.7095047919853247,0.5882878838354964,low,0
S0022,2025-02-26,9,mid,6,37.60370951531412,0,1,1,1,0,8.220969470646407,0.0,12.441069901122185,0.4639972243669551,0.7564805799765626,0.5844972639786672,-0.8923977558056195,0.0,0.8900970353936911,0.3055361467878869,low,0
S0022,2025-02-27,9,mid,4,55.48083664571886,0,2,4,1,0,7.533008028619243,0.0,14.007190028155133,0.7594708797062277,0.8666207056398267,0.26191247823835495,0.23349771846660805,0.0,0.5839749635524752,0.13484948149834253,low,0
S0022,2025-02-28,9,mid,3,45.36357051478287,0,0,5,1,1,1.4406491170848983,0.0,12.386912891337872,0.5553132907266125,0.2349735424524031,0.44437945467766016,0.7346668662965212,0.0,0.37621697781935637,0.35303093800093566,low,0
S0022,2025-03-01,9,mid,3,43.759434616636675,0,1,3,0,1,5.737286280899494,0.0,7.925675873825632,0.6672070550215495,0.2505063553118331,0.813144791014519,-0.7424424890450736,0.0,0.9257418447767598,0.2010319303324214,low,0
S0022,2025-03-02,9,mid,3,38.83355896213993,0,0,3,1,0,9.25288365505277,0.0,9.63940496923769,0.3649205143999844,0.02792259723863999,0.9740641242251491,0.6388270090799908,0.0,0.07341882408462808,0.4491763961563344,low,0
S0022,2025-03-03,9,mid,2,50.01336627180863,0,1,2,1,0,4.985621363288685,0.0,7.972171593791711,0.32888549471325024,0.39367985493131097,0.45163475234630857,0.4794079129023796,0.0,0.5912997031711763,0.9612010882167803,low,0
S0022,2025-03-04,9,mid,4,24.964907394455352,0,1,5,0,0,4.219231801179417,0.0,6.077155479435931,0.5319854954775457,0.7800627423459461,0.6539042371695426,-0.14681810962813047,0.0,0.9743998321591455,0.10779552167972517,low,0
S0022,2025-03-05,10,mid,3,33.80210124664553,0,0,1,0,1,3.6290648521266533,0.0,13.997791956633725,0.5750257879383248,0.27032826976538393,0.17296887610409972,-0.407845764904877,0.0,0.24671370022398809,0.4483074382393344,low,0
S0022,2025-03-06,10,mid,4,61.14484304484757,0,1,2,1,1,0.6365355393977161,0.0,9.470677247941074,0.9369689504338609,0.562530297556382,0.8428926739468967,0.5214570941111605,0.0,0.6611663092677765,0.49688874830258223,low,0
S0022,2025-03-07,10,mid,3,41.82888719248949,0,1,1,0,0,3.2825134258809063,0.0,10.124688484648138,0.10782137762009658,0.29900886224401924,0.2115222683689134,0.9050619438159886,0.0,0.40981251865173207,0.876605438658752,low,0
S0022,2025-03-08,10,mid,4,49.82475076575265,0,0,3,1,0,2.2752799322290334,0.0,10.125961375603254,0.4879903705755618,0.7832111553790515,0.8269203657235237,0.7279385132984846,0.0,0.5695709030874185,0.8669460143678803,low,0
S0022,2025-03-09,10,mid,6,47.31276335761543,0,1,3,0,0,4.29702400707908,0.0,11.108576033372461,0.6738667648165327,0.35737581769437,0.8160654532321651,0.019373800507529015,0.0,0.3244019244515568,0.32387066725074043,low,0
S0022,2025-03-10,10,mid,5,38.52667890660631,0,1,2,1,1,6.06283836846368,0.0,9.041356087754982,0.596796693012926,0.5678201622160424,0.16271874231422156,-0.8609292808199671,0.0,0.5526165809818268,0.467989123255224,low,0
S0022,2025-03-11,10,mid,2,39.61635909557986,0,2,3,0,1,4.809700366802339,0.0,13.714849632566942,0.7173037377050443,0.9799808063750867,0.15348855712975773,0.8538413846317798,0.0,0.5223639478419028,0.643218030730058,low,0
S0022,2025-03-12,11,mid,3,54.76982807661957,0,1,4,1,0,5.793411383027833,0.0,9.419025159118629,0.08773529875303132,0.4593204620198018,0.9474681703773609,0.8020705006369551,0.0,0.7013484423745502,0.5893610519960747,low,0
S0022,2025-03-13,11,mid,3,31.029449768530267,0,0,2,1,0,1.7096517982519588,0.0,8.04883951031853,0.5402641032958808,0.8854435276612823,0.8767425105113715,-0.10897010250156569,0.0,0.24622035323653657,0.22534445025087568,low,0
S0022,2025-03-14,11,mid,3,31.704832207541603,0,1,3,1,1,9.08588972227006,0.0,8.957237131165538,0.6412800749860456,0.1444230862644985,0.6334889518377088,-0.19026875156480116,0.0,0.46474378429946506,0.8014304062453171,low,0
S0022,2025-03-15,11,mid,3,40.742301272246394,0,1,3,1,1,0.7473389164815618,0.0,11.222342329084789,0.870133283378779,0.9007147634467724,0.3259904573935206,-0.8159446076665731,0.0,0.21015823400717704,0.4743929207350639,low,0
S0022,2025-03-16,11,mid,3,27.133247146596208,0,1,2,1,0,3.8787502312495974,0.0,9.691505481042128,0.3059561420197624,0.6757708521739515,0.13516380976741527,-0.4000556424799979,0.0,0.05616616454485868,0.47496703839023424,low,0
S0022,2025-03-17,11,mid,2,34.448624530676376,0,2,1,0,1,3.7282909164602716,0.0,16.68765102885103,0.6078382624232994,0.7133273345138818,0.04271866766767052,-0.483444505992771,0.0,0.17090387254473238,0.18745511917097124,low,0
S0022,2025-03-18,11,mid,5,45.22313377825122,0,0,4,1,1,5.520513127247304,0.0,12.613852905656675,0.31610705512783144,0.04564239952731031,0.632226695771633,-0.2531194773033263,0.0,0.9076181048784876,0.03487783271417455,low,0
S0022,2025-03-19,12,mid,3,52.248346986695466,0,2,2,0,1,4.783819656214818,0.0,10.62931315028945,0.6382157862237271,0.7292395628861537,0.578013461032595,0.6859233496761956,0.0,0.07782464843201375,0.8964940341502134,low,0
S0022,2025-03-20,12,mid,3,20.75205566579484,0,1,5,1,0,8.93710647457957,0.0,10.797134600852123,0.3382974435907006,0.9366808702579869,0.06453101979976916,0.09108121712218709,0.0,0.08739617602171468,0.44276703603693035,low,0
S0022,2025-03-21,12,mid,4,44.743524521507,0,0,4,0,0,7.3451810661946295,0.0,11.36439836702141,0.9924483202994093,0.02964007265172286,0.660058172583868,-0.17090089370407568,0.0,0.009787888706205283,0.6143609437085114,low,0
S0022,2025-03-22,12,mid,3,35.836654937409655,0,0,1,0,1,1.0742099750251493,0.0,11.518634517987167,0.863717975010348,0.21095743503691078,0.8823017914128527,0.32818490600685823,0.0,0.9566292204549701,0.015107241635693436,low,0
S0022,2025-03-23,12,mid,4,37.906978851391194,0,3,5,0,0,1.679119164096075,0.0,10.865674448369026,0.26715571517776004,0.6208608000767594,0.9445675433141566,0.3203582072733906,0.0,0.6681301239810351,0.9862148133881156,low,0
S0022,2025-03-24,12,mid,3,61.015489278058055,0,1,3,0,1,3.536149489909023,0.0,4.072865746340708,0.38383477072288985,0.9398963580895366,0.9802516574758353,0.679801865023508,0.0,0.990414091012125,0.26571942902918,low,0
S0022,2025-03-25,12,mid,3,56.27438382396173,0,1,3,1,1,7.165913658081351,0.0,12.382347803720636,0.20717692748641037,0.6223035132347998,0.5800486593363733,0.8873200516069475,0.0,0.23236772423964858,0.058722934374331404,low,0
S0022,2025-03-26,13,mid,5,53.07419182382428,0,0,3,0,0,0.8526365686402473,0.0,7.784838862705406,0.16667508384265395,0.8420627269455057,0.3890854077582948,0.05821685637771701,0.0,0.019886916463436433,0.06025387271399907,low,0
S0022,2025-03-27,13,mid,4,47.45582290485782,0,1,4,0,1,9.382051879582304,0.0,14.395689009835014,0.46920198735275565,0.7426769177482193,0.9998392904764046,0.42107671854832684,0.0,0.6780504160393229,0.6544377156800809,low,0
S0022,2025-03-28,13,mid,2,57.90660523985618,0,0,1,1,0,6.398419295702552,0.0,11.732739015170553,0.5215979595862678,0.9101480954130152,0.4730874371471845,-0.6438266638083112,0.0,0.3613986487066728,0.9058675059310862,low,0
S0022,2025-03-29,13,mid,3,45.300531200630274,0,0,2,1,0,3.831880539131019,0.0,9.383581697101254,0.7438247703851323,0.5610144530299322,0.5721718772876565,-0.42697742820059403,0.0,0.8148962902529736,0.003270925331250174,low,0
S0022,2025-03-30,13,mid,5,32.29440493061657,0,1,5,0,1,2.4585934407088423,0.0,9.093302884549951,0.021532600298598048,0.14703094052048282,0.9764706728481991,-0.5703029809594642,0.0,0.9350307733358,0.20525434263094167,low,0
S0022,2025-03-31,13,mid,4,50.56454502757143,0,0,2,0,1,4.434244262780033,0.0,6.295991515656688,0.4340003902403837,0.5528646478382048,0.7825323487703972,-0.055703698982440875,0.0,0.02575326722047311,0.7711104111750895,low,0
S0023,2025-01-01,1,mid,7,50.35437261454216,0,0,5,1,1,6.24440563723502,0.0,12.790578449123318,0.23138739438784306,0.39022619786578927,0.6953165018011114,-0.2836737562975866,0.0,0.1624147755576998,0.5185055288779082,low,0
S0023,2025-01-02,1,mid,5,56.64510786126019,0,0,4,1,1,4.850353107175673,0.0,3.5316947255549618,0.8186421885384328,0.8385586427461407,0.7249394406104555,-0.5056047549202043,0.0,0.7201869343191708,0.24653919787694167,low,0
S0023,2025-01-03,1,mid,6,30.401850792659378,0,1,1,1,0,2.4628876011165173,0.0,10.018746048167275,0.3327610845030623,0.2668063609271809,0.4754260429721856,-0.16043607595570308,0.0,0.3307977946003753,0.10587761764841208,low,0
S0023,2025-01-04,1,mid,7,44.47258902812925,0,2,1,0,1,4.795478425861154,0.0,15.037598994811251,0.36102206358863875,0.47489130582275096,0.8486706988741405,0.9808633965679152,0.0,0.6311432892894355,0.7934440426487007,low,0
S0023,2025-01-05,1,mid,6,50.6805215631198,0,2,1,0,0,2.648458588949188,0.0,9.71016017835883,0.8511996109485862,0.07835528054763463,0.3102610946530415,0.34693614344035884,0.0,0.5072575508080298,0.8813783269715362,low,0
S0023,2025-01-06,1,mid,6,41.60446863709306,0,1,1,0,1,7.731664577579749,0.0,9.075056892370458,0.7604567395401959,0.3121304867385143,0.702728783061762,-0.010899619805631922,0.0,0.32329210081399706,0.41296659276464,low,0
S0023,2025-01-07,1,mid,5,52.89222499060473,0,0,1,0,0,5.43630101073864,0.0,12.646412281959863,0.5076269568312449,0.7832801433323342,0.2669862031791733,-0.9693026375021712,0.0,0.4070945827547695,0.5077741328967769,low,0
S0023,2025-01-08,2,mid,5,29.889665708420104,0,0,1,0,1,5.595732011628115,0.0,7.999828948273726,0.26582723527378116,0.7858716640665898,0.9568687598478888,0.8029790596853916,0.0,0.1149522224736661,0.369552420672821,low,0
S0023,2025-01-09,2,mid,5,41.829985309383474,0,0,3,1,0,8.927998471976869,0.0,13.335560106389874,0.47101891001868235,0.6623305523040228,0.9566620807447695,0.17739590722878362,0.0,0.06503845972119326,0.4928905691681986,low,0
S0023,2025-01-10,2,mid,5,47.13862232828949,0,0,5,1,0,6.359963659901055,0.0,10.58135174855275,0.5755055767780443,0.637700178357888,0.642862564465136,0.22479837151703053,0.0,0.1597693774809541,0.45641541474875547,low,0
S0023,2025-01-11,2,mid,4,52.39173312448408,0,1,2,0,1,6.555463698173815,0.0,12.395315094578624,0.4697821502398424,0.7175089524159796,0.45080128023093613,0.7027480697922641,0.0,0.3328066822086133,0.9272924998454011,low,0
S0023,2025-01-12,2,mid,7,67.67619193354325,0,1,3,1,1,5.720380368730443,0.0,4.905771556241307,0.3601556895557724,0.5403132677076319,0.40598476582692156,0.6734683651053217,0.0,0.07313023974546073,0.5722105936046746,low,0
S0023,2025-01-13,2,mid,4,57.34695279194262,0,1,3,1,0,7.407577313329918,0.0,11.99349845364568,0.6129475283544884,0.5252591137465916,0.9666777542502296,-0.43469007154507167,0.0,0.15415094664311213,0.28748536314251527,low,0
S0023,2025-01-14,2,mid,4,49.3296591751486,0,2,5,0,1,10.176658620665748,0.0,7.007996271274913,0.006160508302674561,0.20927383785539744,0.8989881314600454,-0.9565411945296283,0.0,0.9047949528969819,0.1132526081281674,low,0
S0023,2025-01-15,3,mid,5,42.86356760361901,0,2,2,0,1,5.311552911735001,0.0,4.840174244192764,0.9677721619298484,0.9205229776060853,0.3596384817559818,0.5596590123660883,0.0,0.9213177640914574,0.260926465717605,low,0
S0023,2025-01-16,3,mid,5,52.56907721993194,0,0,3,0,1,1.982314817880956,0.0,10.762137794065616,0.15213820430219172,0.6453055385632509,0.5886127469156821,-0.9913222851874315,0.0,0.28478153479774215,0.6435795730129144,low,0
S0023,2025-01-17,3,mid,5,54.646904208061834,0,1,5,0,0,7.764660160608762,0.0,13.392816377685552,0.7214044133839546,0.26050245145406514,0.5826778747168274,0.6843502290889125,0.0,0.2961627302607507,0.8971704995968602,low,0
S0023,2025-01-18,3,mid,4,63.87278562205685,0,1,1,0,1,5.056056701829751,0.0,10.459416863080525,0.3274355952469139,0.9001488685439856,0.31221495678250366,-0.45244872962341987,0.0,0.49437179519885943,0.9131747844730791,low,0
S0023,2025-01-19,3,mid,7,56.81795929681963,0,2,4,1,1,2.4437362401088114,0.0,10.211883486095024,0.1293592282716498,0.5639907834416131,0.04892154797499948,0.7474706059068781,0.0,0.8070829198026205,0.7853699717110894,low,0
S0023,2025-01-20,3,mid,6,45.15738579732319,0,0,3,0,1,4.550489836230318,0.0,16.865425022714014,0.9473380453983129,0.5218807270185074,0.20959788312818783,0.33578509827727276,0.0,0.5484673282084135,0.8038294972201466,low,0
S0023,2025-01-21,3,mid,5,37.48706379312065,0,3,2,1,1,1.5436873193553562,0.0,7.572136552379755,0.8289923438524542,0.003036019125454037,0.6446318535114982,0.32854045031208656,0.0,0.6606265752890429,0.5205946805145697,low,0
S0023,2025-01-22,4,mid,7,49.347054993140304,0,1,5,0,1,6.087008561515288,0.0,10.266376112275669,0.43159159691647575,0.1767418213957438,0.4732349123878091,-0.1269113840769538,0.0,0.5171773814385163,0.8079472338769499,low,0
S0023,2025-01-23,4,mid,4,50.27032873419718,0,2,4,1,0,1.9885806752413848,0.0,10.50604257823153,0.6153054291287591,0.9671761782897036,0.1243082992512724,0.014559529098457924,0.0,0.051608354150528224,0.3212162988963623,low,0
S0023,2025-01-24,4,mid,7,48.79325364030614,0,1,4,0,1,4.666157332821435,0.0,14.893457545084011,0.8986357546727757,0.7974328216537602,0.9014696613070952,-0.5715043021158532,0.0,0.668150432116208,0.73846340808164,low,0
S0023,2025-01-25,4,mid,6,62.01325106456654,0,0,4,0,0,5.717732429161553,0.0,11.76895274825492,0.024214805531930006,0.3149534494754631,0.12893628489343045,-0.6904827973197034,0.0,0.290907187382892,0.0747404571885526,low,0
S0023,2025-01-26,4,mid,5,40.148013042429916,0,2,1,1,0,3.4540690061782167,0.0,9.400350819485933,0.6691292265562063,0.8222263252564589,0.663682279739218,-0.1576006202139031,0.0,0.28896224734423925,0.4094461645115737,low,0
S0023,2025-01-27,4,mid,7,36.631480499889946,0,1,5,0,0,4.778193417837178,0.0,9.598046077483199,0.3115956014469229,0.5596660409651919,0.13447619607861327,-0.599330093456226,0.0,0.9026752939396792,0.10930063077092578,low,0
S0023,2025-01-28,4,mid,7,39.56440978655102,0,1,5,1,0,3.1468747960370473,0.0,9.223933143835282,0.2258213545347888,0.2616472520636087,0.0676348762012462,-0.34780059882060543,0.0,0.07222157275550722,0.7034578431096701,low,0
S0023,2025-01-29,5,mid,4,34.689176811891514,0,0,5,0,1,7.144098962766581,0.0,8.267429257430924,0.10711261344579293,0.7602111269228912,0.7140115432767341,-0.5164353444337881,0.0,0.08327166834179711,0.8418334457556961,low,0
S0023,2025-01-30,5,mid,5,40.658423321422234,0,0,3,0,0,4.468260094226563,0.0,12.938672847409318,0.9628696397384934,0.6840152962916977,0.8319946687050768,0.001750250108724094,0.0,0.16061729319935236,0.8868855049846766,low,0
S0023,2025-01-31,5,mid,6,44.85288040102801,0,0,5,0,1,4.566453707530697,0.0,10.468352633563525,0.7737524712106747,0.2429520001728267,0.28081254718323756,0.19890754664015975,0.0,0.9019344250462051,0.5784069497708648,low,0
S0023,2025-02-01,5,mid,7,51.464489772378144,0,0,3,0,0,3.401300107726315,0.0,10.59949028764254,0.1569956559399598,0.6049343886130572,0.4439955225777864,0.09699799390034092,0.0,0.8798721705950927,0.8172402425109725,low,0
S0023,2025-02-02,5,mid,6,53.79329026548271,0,1,1,0,1,5.434711588223942,0.0,4.696837406183844,0.32363717524023916,0.7905117650912953,0.8912718388380946,0.4851624467432625,0.0,0.1755837128492468,0.2748668983883623,low,0
S0023,2025-02-03,5,mid,5,53.02965683807511,0,2,5,1,1,0.5301896699751882,0.0,7.386649644313683,0.4544128172936672,0.7815282187246553,0.033514307345358985,0.5676371216652167,0.0,0.6663421156667912,0.24142655415741987,low,0
S0023,2025-02-04,5,mid,5,45.35056863550782,0,1,2,0,1,5.749295985104692,0.0,10.603621116875647,0.6622635130906498,0.40197012813039046,0.9994961124018776,-0.4341129837995794,0.0,0.18713143270818056,0.46368226922591804,low,0
S0023,2025-02-05,6,mid,3,45.75182330985252,0,1,5,1,0,8.962957541728912,0.0,13.029090160760507,0.050462303233228756,0.2904848847640389,0.8514544141780167,-0.7973832663541718,0.0,0.21654716455333123,0.42439120847242706,low,0
S0023,2025-02-06,6,mid,5,51.742317925034584,0,1,5,0,0,2.763637715574286,0.0,12.356333890165525,0.6288675952950463,0.22315772840292658,0.38787226722646795,0.713344183908835,0.0,0.73890591147407,0.15459089994372344,low,0
S0023,2025-02-07,6,mid,7,58.41677561049988,0,0,1,1,1,4.5560439551134895,0.0,13.766924882268869,0.9500640046466854,0.5520212286956921,0.3268721496262885,-0.8279600448567355,0.0,0.3756952192472235,0.5686383770365704,low,0
S0023,2025-02-08,6,mid,6,48.79521006043499,0,1,1,1,0,5.868556321322414,0.0,5.832694060242573,0.7002100149902226,0.8255644893453816,0.4069710304280071,0.373843815314963,0.0,0.3032014713842828,0.4354760923618203,low,0
S0023,2025-02-09,6,mid,5,59.34304152580655,0,1,2,0,0,4.829514141721082,0.0,11.805341809896003,0.429364820389177,0.6780795101909313,0.7675685623061896,-0.048882523749727014,0.0,0.21400090171172415,0.7733086427256216,low,0
S0023,2025-02-10,6,mid,5,39.71919359896654,0,1,5,0,1,3.3183743968804356,0.0,9.787498277424234,0.5121678841676017,0.3275005035089005,0.3356289924741156,0.27121799309033956,0.0,0.16309800615162018,0.766553370339731,low,0
S0023,2025-02-11,6,mid,6,46.58647451212279,0,0,1,0,1,6.616734860115846,0.0,11.746141241732248,0.053173286676487574,0.5789696640162457,0.8019422935894484,0.12207745044614549,0.0,0.06381359040546664,0.6934472408983114,low,0
S0023,2025-02-12,7,mid,6,31.14876609315395,0,1,1,1,1,7.871803104095445,0.0,11.103957379513476,0.9294896373272732,0.06705260694923865,0.30396658376249064,0.3049279660159334,0.0,0.31545300284478917,0.45102561119303863,low,0
S0023,2025-02-13,7,mid,5,66.82024548474946,0,5,1,1,1,5.719384208634094,0.0,12.545982856516668,0.31043425318273443,0.1872503617056993,0.11620386299731711,-0.899526201484478,0.0,0.7541032479507565,0.23584299894327532,low,0
S0023,2025-02-14,7,mid,5,41.79154105664903,0,1,3,1,0,7.4284001947241425,0.0,11.984679237644395,0.5030222129452007,0.19722628702530254,0.36899761256344,-0.4556769670087415,0.0,0.41910551563520226,0.5299683077127002,low,0
S0023,2025-02-15,7,mid,7,48.787962261566506,0,2,3,1,1,4.115548947983694,0.0,11.350449280179197,0.12440920585502824,0.044956333489487355,0.9393103630055759,-0.38397820458945264,0.0,0.9176178801779059,0.2726135615193297,low,0
S0023,2025-02-16,7,mid,5,53.13840570650689,0,2,2,0,0,5.520086205876926,0.0,10.727953031917862,0.7875072440049956,0.8476066032312689,0.7508790353112926,0.8749688907462876,0.0,0.5763922501998051,0.5826425465861862,low,0
S0023,2025-02-17,7,mid,5,54.189924883335095,0,0,2,1,0,3.50901746136097,0.0,7.8204151948188585,0.4649246471158478,0.00880900739351631,0.5313507546113662,0.9055590515341108,0.0,0.1547068818625965,0.5733456214756034,low,0
S0023,2025-02-18,7,mid,6,48.28300882380092,0,0,3,1,0,0.5575329984497515,0.0,9.80720461471117,0.4142290156058561,0.3342064418312656,0.21241844202454008,0.2368969405057788,0.0,0.5625968862453229,0.4625850710392756,low,0
S0023,2025-02-19,8,mid,4,61.50520903087973,0,0,4,1,1,2.707864115783343,0.0,8.46925063081441,0.6317956208047733,0.8875553009463553,0.6462727180159138,0.6258077093004484,0.0,0.521527838554371,0.7179711067410288,low,0
S0023,2025-02-20,8,mid,6,48.217213720157986,0,2,1,1,0,3.4665553174652293,0.0,16.343792858367344,0.05982311701756027,0.4876123530730756,0.16856984542151487,0.2594983253621266,0.0,0.4450455776449246,0.1711247519049519,low,0
S0023,2025-02-21,8,mid,4,40.25549076482095,0,1,2,1,1,3.2414510758386443,0.0,7.532441067454951,0.7422223837867996,0.5727443860161445,0.7639760846452411,-0.8602078851782597,0.0,0.48521423747160064,0.32377557926526945,low,0
S0023,2025-02-22,8,mid,6,52.802139722002416,0,1,1,1,1,4.9673124787430805,0.0,6.739959372242602,0.24520111486471496,0.08096923717683091,0.25455449274571884,-0.8776438046523949,0.0,0.5299124421156489,0.4902501036706355,low,0
S0023,2025-02-23,8,mid,5,42.800806023774285,0,1,5,1,1,3.4515927777822526,0.0,8.593945865037158,0.6392625620879236,0.48810559186882385,0.09874671869517104,0.3550826320448217,0.0,0.5628600074847734,0.8630674008104391,low,0
S0023,2025-02-24,8,mid,7,64.11757801309896,0,1,1,1,1,4.545775665960638,0.0,9.693785305567069,0.9955058715295595,0.42784400458377625,0.6621735196106374,-0.5316188503552264,0.0,0.9337362386675517,0.27417408853947167,low,0
S0023,2025-02-25,8,mid,5,33.80598489002627,0,1,4,0,0,7.005449100163249,0.0,8.636475102093188,0.2563853132914532,0.07615289337760223,0.0317333616738007,0.21233685328956708,0.0,0.3115736716735894,0.44351988047582835,low,0
S0023,2025-02-26,9,mid,5,52.15223268081752,0,0,2,1,1,3.4992906305009033,0.0,12.625209824010053,0.3757691189525274,0.7300180656249698,0.17951960054297633,0.06347404266571521,0.0,0.9178196637646631,0.5538268193784887,low,0
S0023,2025-02-27,9,mid,6,39.334546440872415,0,0,3,1,1,3.959006582273048,0.0,8.198754746449032,0.31472824039581504,0.7881790325000575,0.37265154936808276,-0.28366358343847686,0.0,0.9988163452552418,0.38380614309947947,low,0
S0023,2025-02-28,9,mid,6,31.346407526436366,0,1,1,0,1,2.8680724130345774,0.0,13.53190272556539,0.8027402930456525,0.9717578773729202,0.04368524199059198,0.9862437801162496,0.0,0.2541042263570844,0.4201103572545275,low,0
S0023,2025-03-01,9,mid,6,56.35102514786299,0,1,2,1,1,4.036685097890851,0.0,7.554159011826632,0.3623676595170363,0.32655781816731055,0.2519915301498806,-0.11306856848644431,0.0,0.6422981233693712,0.31125692288669604,low,0
S0023,2025-03-02,9,mid,6,40.48163271796479,0,1,3,0,1,3.4488975781218825,0.0,13.295095869359727,0.37558602806510466,0.48523105324901106,0.5071949029713082,-0.5876288460591779,0.0,0.6706419901884709,0.6925399799558736,low,0
S0023,2025-03-03,9,mid,6,33.54703944985274,0,1,2,1,1,6.37532524759003,0.0,7.216289002722796,0.1789762827151259,0.01687739085793938,0.15979860378902566,-0.2460226068483562,0.0,0.10661824712979828,0.19767908423568203,low,0
S0023,2025-03-04,9,mid,6,52.406481588024334,0,2,5,0,0,7.398280221216355,0.0,9.317766360827267,0.5632735581235468,0.3772961481623156,0.1797431515862481,-0.009284315596589376,0.0,0.2524041095324747,0.9555798781283702,low,0
S0023,2025-03-05,10,mid,5,44.95088193984445,0,0,4,1,1,6.182865198642135,0.0,8.459052953653485,0.2092074824188761,0.9240901299302697,0.6673503789712827,0.7942555833383893,0.0,0.5540098543941463,0.6906798621824968,low,0
S0023,2025-03-06,10,mid,7,49.018846631275466,0,2,2,0,1,5.889807100527581,0.0,11.34402029942579,0.5986820094616057,0.021994053259063673,0.36932995233471777,-0.5423668293130521,0.0,0.3387881087552508,0.6172926545160619,low,0
S0023,2025-03-07,10,mid,7,41.997751857158256,0,0,1,1,0,5.707794453339563,0.0,7.260563280780477,0.8044414516714257,0.7911886687763996,0.7196831530826893,0.774855908996184,0.0,0.21734887957081284,0.10729094649194715,low,0
S0023,2025-03-08,10,mid,7,49.14914855716203,0,3,1,0,0,6.9378556588406175,0.0,9.942642008626411,0.9743819685938594,0.8198020675090005,0.992679617485444,-0.30325880321139365,0.0,0.8957553787544835,0.32993362879737953,low,0
S0023,2025-03-09,10,mid,6,36.03554591359534,0,2,4,0,1,3.539311040557762,0.0,9.512953297291643,0.5986702575069638,0.6417014709360642,0.8164059275031351,-0.42284629416127295,0.0,0.9814280804800964,0.4394657393139495,low,0
S0023,2025-03-10,10,mid,5,31.793164489555885,0,2,1,1,1,3.9181275866758876,0.0,9.521731895655215,0.7806683833055846,0.7054565083310914,0.5275343822383461,-0.3472175136193707,0.0,0.18826514768943925,0.4822760441763143,low,0
S0023,2025-03-11,10,mid,6,63.06642249806119,0,1,1,1,0,2.447854636058858,0.0,10.018348201025331,0.6829503998028645,0.7567913427452954,0.0716997494231022,0.7002782592624577,0.0,0.8293223899958574,0.47254105403911795,low,0
S0023,2025-03-12,11,mid,7,49.91221491363593,0,1,2,1,1,8.329336060535253,0.0,3.424051405779406,0.7726874368954841,0.3409822690640908,0.7488902273187731,-0.1154014507408807,0.0,0.3771801877742066,0.3330372640547401,low,0
S0023,2025-03-13,11,mid,5,49.173992775365285,0,0,5,0,0,6.57762517812176,0.0,11.670395808175886,0.06604404334481784,0.061847107200996176,0.285463802893301,-0.5833863687966696,0.0,0.5811336736901933,0.6754515435016336,low,0
S0023,2025-03-14,11,mid,4,58.265301578664136,0,1,1,1,1,6.309959587827676,0.0,15.03455613669673,0.494894607373747,0.3539631310924124,0.309974171531501,-0.24742764979003984,0.0,0.6116349540090713,0.1677539558655362,low,0
S0023,2025-03-15,11,mid,6,59.602877611748,0,0,5,1,1,9.138177890048738,0.0,7.685508026429014,0.2122282662854852,0.9314039483761962,0.6425720124246421,0.754863897912861,0.0,0.3293179302503185,0.8289539343066296,low,0
S0023,2025-03-16,11,mid,4,38.179885465799494,0,1,2,1,1,6.003076816241304,0.0,8.452137217241212,0.4652622920087588,0.4437597543528006,0.747537787978849,-0.7039231399081132,0.0,0.46629592614492044,0.03583368776774831,low,0
S0023,2025-03-17,11,mid,5,46.68473160103927,0,0,2,0,1,5.8096186520219995,0.0,6.077710718099732,0.5192832645845314,0.41090832674285815,0.9054170667493474,0.4989159963046921,0.0,0.15159287125529664,0.5707746499474199,low,0
S0023,2025-03-18,11,mid,5,41.94353355256196,0,3,3,1,0,3.651946905460134,0.0,14.889607464253224,0.9403964325741719,0.7665980946514712,0.9678609416065774,0.8586305190949346,0.0,0.4812936029793071,0.754708978643566,low,0
S0023,2025-03-19,12,mid,7,50.60021515339696,0,1,4,0,0,5.5183988067354575,0.0,10.074092050904591,0.49622441452246413,0.8643036826016922,0.18589985241682938,0.2085741804926633,0.0,0.8703059632344452,0.43153313161877116,low,0
S0023,2025-03-20,12,mid,5,44.731586713590815,0,0,5,1,0,5.957880377865262,0.0,12.913655239577524,0.4250746647630197,0.12335361317907134,0.9107742441373549,-0.44808334849323406,0.0,0.22428703649295934,0.8159766656096541,low,0
S0023,2025-03-21,12,mid,4,55.31798754599401,0,0,2,1,1,7.829657726334659,0.0,7.394590235245452,0.9313693880151561,0.538883451537076,0.46194019550094934,0.10598654454865497,0.0,0.31153004115398275,0.9073488106841906,low,0
S0023,2025-03-22,12,mid,6,54.374343834877,0,2,5,0,1,4.532313569731735,0.0,8.571328357885115,0.9866128566843088,0.021573776406316747,0.6728922395728768,0.21702746768195436,0.0,0.6465782804578168,0.21828588977074148,low,0
S0023,2025-03-23,12,mid,5,30.327276018078862,0,0,2,1,0,5.27645868875976,0.0,7.372784508730842,0.36333643118751624,0.20249361780151254,0.5951676682180412,-0.27321642024062087,0.0,0.16678825172080147,0.700086412564263,low,0
S0023,2025-03-24,12,mid,5,52.58746691671533,0,0,3,0,0,6.187077972796631,0.0,10.780445730335325,0.13921879351737687,0.17631477418691532,0.2521525920588158,-0.5103769464682182,0.0,0.31084827092716016,0.5756308982730933,low,0
S0023,2025-03-25,12,mid,5,41.76470938438799,0,0,5,1,1,0.0,0.0,11.900895484372432,0.36824354514511615,0.7849492188798577,0.07198093165072694,0.919541028920243,0.0,0.4179178859880456,0.313700725825113,low,0
S0023,2025-03-26,13,mid,5,56.99855335521919,0,1,3,0,1,4.412407619887524,0.0,7.387676771548778,0.8065470207062652,0.08630347139625794,0.5407810654724602,0.7167959178562613,0.0,0.0189912632081658,0.9395188985590724,low,0
S0023,2025-03-27,13,mid,5,48.42822914119682,0,2,5,1,1,3.7375922662185705,0.0,11.821124376171635,0.8182872775698214,0.9579855009418692,0.616078599920631,0.5697008335811009,0.0,0.5325838593596457,0.5981033609956308,low,0
S0023,2025-03-28,13,mid,6,41.79001932096614,0,2,2,1,1,5.083602900171025,0.0,8.771595824265834,0.22437985428042873,0.07891203124213286,0.72982831289523,-0.004050823270709936,0.0,0.7962770109584505,0.6639442396805569,low,0
S0023,2025-03-29,13,mid,5,55.95936147607574,0,0,3,0,0,4.682556714119686,0.0,10.04214479764772,0.9985901908961551,0.7610964696484486,0.2417330598987245,0.3675897882781207,0.0,0.2933073628234799,0.08945581398601654,low,0
S0023,2025-03-30,13,mid,7,32.473936007880084,0,0,4,1,1,6.745843964714407,0.0,10.046268912666951,0.7686681003916374,0.9838102558617108,0.4764554232253223,-0.8313407803216422,0.0,0.9555306429428746,0.004113161589097358,low,0
S0023,2025-03-31,13,mid,4,39.04509593193146,0,0,3,1,1,6.882746585291922,0.0,11.599974705001394,0.525533477389138,0.9655986909664093,0.004312422443833119,0.6373159012486078,0.0,0.33481973191919445,0.6504497817378274,low,0
S0024,2025-01-01,1,mid,2,39.28770460064743,0,1,5,1,0,4.4341891038086825,0.0,7.277414762470402,0.7331422118962014,0.7914918608357383,0.9546691768127924,0.5791476693484001,0.0,0.8445323841197574,0.9493760056944107,low,0
S0024,2025-01-02,1,mid,1,51.82107990363865,0,1,2,0,1,8.163762249516505,0.0,8.972857433984126,0.7139279481853057,0.026600230463005414,0.17872103596715516,-0.05794551413545124,0.0,0.9335941719120803,0.3420734567548015,low,0
S0024,2025-01-03,1,mid,3,60.61940737186782,0,2,2,0,1,1.0528065367601607,0.0,11.857828569814277,0.8579466806906505,0.15278370093654137,0.17997411389903029,-0.5505546452663812,0.0,0.5976968978461871,0.3143252245525142,low,0
S0024,2025-01-04,1,mid,1,37.79170230590027,0,1,4,0,1,3.8313682406406877,0.0,12.890217840845647,0.18728424501148322,0.6930398514232626,0.25757653570794026,-0.028906260043168874,0.0,0.13153342231404497,0.7245980110431726,low,0
S0024,2025-01-05,1,mid,1,42.26238440130428,0,1,1,0,1,2.6125856563728407,0.0,14.605765448158335,0.40081434702630936,0.5018251819438082,0.23378461204900525,-0.0776335220950839,0.0,0.686846168400835,0.4571130395484593,low,0
S0024,2025-01-06,1,mid,1,31.60113967996952,0,0,4,0,1,2.666615608121467,0.0,13.421549004538658,0.34273426986737665,0.1319053932554447,0.57547066765642,-0.31571271690652547,0.0,0.6763168034302147,0.7414594688425534,low,0
S0024,2025-01-07,1,mid,1,51.07151040779306,0,1,1,0,0,3.9455099618990745,0.0,12.435652487833433,0.21086959945966033,0.05675136193943475,0.7399066900217438,0.016416350075111774,0.0,0.11378299738048281,0.2213347826175116,low,0
S0024,2025-01-08,2,mid,3,24.235975357761085,0,1,1,1,0,7.238211833078271,0.0,9.114824681614287,0.5347390948892145,0.06520843941180343,0.25940629024688133,-0.07645432782830786,0.0,0.10344923871079714,0.571081192862905,low,0
S0024,2025-01-09,2,mid,2,42.11428517396099,0,3,1,0,1,3.6235434767221406,0.0,10.24178747208925,0.7058462540441491,0.38315455883526794,0.32028500121910985,0.9833470990674695,0.0,0.5903997659597278,0.7107190732694113,low,0
S0024,2025-01-10,2,mid,4,46.517959488725005,0,3,4,1,0,1.9420446379286451,0.0,14.127252552135003,0.49658409483110355,0.5469151290676818,0.9535424361772511,0.7658162636490606,0.0,0.12924584747452283,0.041282466792517125,low,0
S0024,2025-01-11,2,mid,2,46.27284332793701,0,0,3,0,1,6.615088657367887,0.0,1.8732438055980545,0.9922881929721737,0.3852327547120866,0.24275309651976051,0.15050481716945807,0.0,0.2151509526070049,0.9405434317918847,low,0
S0024,2025-01-12,2,mid,4,41.67305189664794,0,3,1,0,1,5.761649391675819,0.0,12.094004762531597,0.687498086697512,0.0566756653364725,0.10977924145817153,0.6251254207817467,0.0,0.23295126162363156,0.355565060217083,low,0
S0024,2025-01-13,2,mid,2,41.08052092805733,0,1,4,1,0,4.609071267366887,0.0,10.381528685787137,0.1434191076811152,0.898215593694945,0.7530746586017598,-0.26898345753603325,0.0,0.638724356656204,0.4572472217106943,low,0
S0024,2025-01-14,2,mid,3,42.0644595788942,0,2,2,1,1,6.544456202831178,0.0,12.031581995599566,0.43781829660561955,0.510450234676244,0.9324854267666343,-0.24348817689470104,0.0,0.041947073064207197,0.7627543854747729,low,0
S0024,2025-01-15,3,mid,4,47.989146085285526,0,0,4,0,0,11.82705195859988,0.0,9.366540774389902,0.3967540177931582,0.3317703387778569,0.5044093282900554,-0.93276919074268,0.0,0.6452017600316147,0.6059825169036446,low,0
S0024,2025-01-16,3,mid,2,39.32023834042948,0,0,2,0,0,7.61561865871611,0.0,5.697644807341367,0.913088178051939,0.8679934226938952,0.8951919995171636,-0.8742934126340358,0.0,0.8409232614634595,0.7799125785441191,low,0
S0024,2025-01-17,3,mid,2,51.221351865315604,0,1,2,1,0,8.491215876624636,0.0,9.194178458418127,0.703344995945146,0.2998225449974611,0.27236585046081785,-0.11954698428875576,0.0,0.18866708301778723,0.9746990127084798,low,0
S0024,2025-01-18,3,mid,3,42.7777659195311,0,1,5,0,0,10.174498270808975,0.0,13.995640912826062,0.18896557473159858,0.348378944292159,0.9457692956786969,-0.4299935358250202,0.0,0.15556806076536867,0.992561958665454,low,0
S0024,2025-01-19,3,mid,4,33.31279088431674,0,0,3,1,0,7.988840814830428,0.0,12.196071999007664,0.14721948343645164,0.7571245725808013,0.7001616357954912,-0.6053142383447534,0.0,0.6489476251179033,0.39367167936352254,low,0
S0024,2025-01-20,3,mid,2,65.14593829767698,0,0,4,0,0,7.86262522580274,0.0,16.688393928737003,0.18935578853839985,0.5417304293339414,0.9731018826310861,0.42881719170757937,0.0,0.4809825595833519,0.9160839855813753,low,0
S0024,2025-01-21,3,mid,1,47.19170213690433,0,1,3,0,0,7.682667659755541,0.0,12.336184850916752,0.13910827998295405,0.5496440439982709,0.509129670394423,-0.3149404218189187,0.0,0.43615026651923605,0.5188120766512172,low,0
S0024,2025-01-22,4,mid,1,34.83473710680051,0,1,1,0,1,4.787358152374363,0.0,14.231385479073952,0.9046034835440229,0.5751384410508071,0.9285721953957478,0.9652198140251123,0.0,0.45389455951827595,0.565156572577808,low,0
S0024,2025-01-23,4,mid,2,50.71226156778245,0,3,1,1,1,5.084185468249565,0.0,14.211310780947787,0.27461433481563313,0.9527596970216541,0.7650623977114992,0.9713721477472939,0.0,0.3644698984122038,0.6492196335416387,low,0
S0024,2025-01-24,4,mid,4,54.310865203268435,0,0,4,0,0,5.065581875017889,0.0,9.897365554145129,0.02388640652226781,0.7532004043267962,0.5733640767453678,0.39344654644121846,0.0,0.4123445257310656,0.8644411258921632,low,0
S0024,2025-01-25,4,mid,1,35.64531018511063,0,0,3,1,0,4.805856359702892,0.0,10.343139282107908,0.737725934634846,0.02540075899465455,0.9262030165625189,0.9658342320623725,0.0,0.35418006679809444,0.10707384971533485,low,0
S0024,2025-01-26,4,mid,2,45.559206609232184,0,1,2,1,0,6.507418387254292,0.0,9.738597560297457,0.8792575391617268,0.8286103877920145,0.5883088848308269,-0.7968882280987188,0.0,0.32391144955153617,0.6035862092860723,low,0
S0024,2025-01-27,4,mid,3,48.30826795434867,0,1,2,1,0,2.0078090172111103,0.0,-0.4851356674658156,0.7677187648213535,0.7261766255722525,0.2012730385178173,0.18991324111653007,0.0,0.02062180074288833,0.39854739938433337,low,0
S0024,2025-01-28,4,mid,2,59.120694308092794,0,3,2,0,1,3.3677105622974213,0.0,9.201765728440762,0.5970689850296086,0.16919152279262406,0.6930899381630414,0.4744934864493098,0.0,0.4793348183234317,0.0938167711441853,low,0
S0024,2025-01-29,5,mid,1,58.643424934502676,0,2,3,1,0,4.636026744235337,0.0,6.361557577655995,0.7431969532378214,0.020493615388880837,0.028969796097377043,0.35382413376572264,0.0,0.7251264983250967,0.8458694373197216,low,0
S0024,2025-01-30,5,mid,1,30.18513690303925,0,2,2,0,0,6.669003123170636,0.0,9.402607067444432,0.22442688120883825,0.6844511043503504,0.14178451039783935,-0.2921867519795385,0.0,0.3211747805452563,0.9370293944083278,low,0
S0024,2025-01-31,5,mid,4,38.29573411630074,0,1,5,0,0,6.123207366387355,0.0,12.418483295810578,0.1281006119604805,0.12338896557671875,0.895648638507457,0.6390224788954049,0.0,0.46791732316270884,0.13036413477397257,low,0
S0024,2025-02-01,5,mid,2,48.259598796824314,0,0,3,1,1,3.6482391277841835,0.0,8.4526477974403,0.6739994269560816,0.42083320372606725,0.5377915945153631,-0.9053264223816835,0.0,0.8612489631007233,0.17057155320619222,low,0
S0024,2025-02-02,5,mid,2,42.991827654583496,0,0,5,1,1,4.3122285005051255,0.0,11.812688961634644,0.20991110766322651,0.6144574769376007,0.2118490744338335,0.01607698571004801,0.0,0.4070296965453738,0.23203426262851745,low,0
S0024,2025-02-03,5,mid,2,27.902719040910654,0,0,5,1,1,6.809314963819682,0.0,8.592015456047344,0.8729861363924074,0.9960737887570796,0.3427201297779794,0.5120827874282115,0.0,0.22880900364198542,0.6247960012921433,high,1
S0024,2025-02-04,5,mid,4,53.7599038257929,0,0,2,0,1,4.350603258455937,0.0,9.770416244325627,0.9041443318547523,0.020144664754724206,0.029612862141981555,-0.6693452432570794,0.0,0.6270151315855603,0.5415541405863561,low,0
S0024,2025-02-05,6,mid,3,48.03600873557206,0,1,4,1,0,1.5951929203800934,0.0,7.486310923503607,0.4384266120984911,0.6103772623550536,0.49298400784024143,0.6758340123769004,0.0,0.9001391686098242,0.4696838533675992,low,0
S0024,2025-02-06,6,mid,3,58.337513154370605,0,1,4,0,0,2.098332610423819,0.0,7.159756036208494,0.49119881971252655,0.6329325688500843,0.037102245313097026,0.796377026901063,0.0,0.958481364820397,0.4173068161548692,low,0
S0024,2025-02-07,6,mid,3,42.740879911224084,0,1,2,1,0,4.677374554452924,0.0,5.441459985276747,0.9226462413829178,0.2973732920745237,0.9055785009726203,-0.8926933825203442,0.0,0.08352370501794681,0.698561025135247,low,0
S0024,2025-02-08,6,mid,2,35.12495601783684,0,0,4,0,0,5.244568924724402,0.0,10.162911709978998,0.7244216851730408,0.6948177530213849,0.6942038890626517,0.7659349112963523,0.0,0.2962367328755501,0.30009210919380425,low,0
S0024,2025-02-09,6,mid,2,52.51920999627915,0,2,2,1,0,4.283490423809954,0.0,6.913277854281997,0.63564110631968,0.5060782601178351,0.8275394850627851,0.2826016225136436,0.0,0.26354447144930426,0.5574380316168327,low,0
S0024,2025-02-10,6,mid,3,38.173401462476164,0,1,4,0,0,6.812178484357013,0.0,11.612099586599514,0.8073995292991696,0.785068057320331,0.12979980081333997,-0.20552483563416302,0.0,0.9847446628317466,0.9888875715880882,low,0
S0024,2025-02-11,6,mid,4,52.683281208536386,0,2,2,1,0,5.715345365771907,0.0,10.05219290400427,0.3850356949037468,0.9568730069894703,0.6150572634725594,0.024410143673726736,0.0,0.30280960317974737,0.8252763412727409,low,0
S0024,2025-02-12,7,mid,2,57.08205581151041,0,1,3,0,0,6.736666891486073,0.0,3.5309525307079497,0.8741472802966623,0.3475758694446548,0.07238830214123637,0.5978743704859182,0.0,0.5550248552032346,0.4494009471420669,low,0
S0024,2025-02-13,7,mid,3,35.21130902329443,0,1,3,0,1,5.696586345359076,0.0,9.506743557308447,0.25042388785224046,0.1677206528702868,0.49332399151068784,-0.8989697640595133,0.0,0.036411728482617645,0.49601454525545796,low,0
S0024,2025-02-14,7,mid,2,26.240345039341527,0,1,4,0,0,3.045380436699992,0.0,14.844481629857151,0.137596151171114,0.4994867734907227,0.8904317549370827,-0.06255430211753432,0.0,0.19568104974158762,0.09305330309373039,low,0
S0024,2025-02-15,7,mid,1,34.63863080624007,0,1,1,1,1,4.05668173027374,0.0,9.681360449265625,0.22775881371952156,0.9018081374423738,0.5231189668395544,0.6308824929759396,0.0,0.5556855427906173,0.9436020957123034,low,0
S0024,2025-02-16,7,mid,2,53.9295593717394,0,0,3,1,1,3.077414506104797,0.0,7.779221918139008,0.7079052491734066,0.6715654830218243,0.12267845635396502,-0.5227172337966584,0.0,0.9465757864702101,0.3041774255315478,low,0
S0024,2025-02-17,7,mid,3,52.77391982347152,0,1,2,1,0,6.208608559403171,0.0,6.058841965620518,0.5109488132196301,0.02135291325451416,0.12953317899246986,0.6220858836550252,0.0,0.4836919551475606,0.14601521482301438,low,0
S0024,2025-02-18,7,mid,1,42.673585633178554,0,0,2,1,1,3.682914302133784,0.0,12.371844632527791,0.40889183470539137,0.8622895745951284,0.35741351932327425,0.13480808401319777,0.0,0.5348568696646127,0.40129454862879965,low,0
S0024,2025-02-19,8,mid,2,67.03656792889412,0,0,5,1,1,7.993511924831384,0.0,13.017404734662918,0.6366204152669644,0.7630753973972058,0.9435340214777406,0.7212366137853103,0.0,0.41850957937124345,0.21754313692127536,low,0
S0024,2025-02-20,8,mid,3,28.006149249798163,0,2,4,0,0,7.833167646689385,0.0,10.910177125593343,0.24539195993400698,0.5238962323927439,0.405991882409379,-0.6069074715638472,0.0,0.6147373838758227,0.993692175406831,low,0
S0024,2025-02-21,8,mid,3,24.233839878014148,0,0,3,1,0,2.6523639213804118,0.0,14.720171889989214,0.5307405934618707,0.6525707819374634,0.05283723779298488,-0.4140936578180132,0.0,0.4609063117688671,0.2665874098059319,low,0
S0024,2025-02-22,8,mid,2,38.6382600676545,0,2,3,0,1,4.893474880012627,0.0,11.282366214090821,0.9529383904262617,0.45869021705151924,0.5300821341205781,0.6095500195546419,0.0,0.722628500739394,0.6196033204172855,low,0
S0024,2025-02-23,8,mid,4,41.147105963887896,0,1,1,0,1,7.2344599954678275,0.0,11.70590375068885,0.8950611038489854,0.7509510158530579,0.7170174013647661,0.9294917827278366,0.0,0.8636846578915727,0.8153778695827738,low,0
S0024,2025-02-24,8,mid,2,42.482756593924826,0,2,3,1,0,2.0359446363779785,0.0,5.774652578193867,0.40670747097179105,0.3758094694214478,0.6661966075072097,-0.28335347573601455,0.0,0.020343936614245828,0.43902460068787175,low,0
S0024,2025-02-25,8,mid,1,43.5687360252866,0,1,5,0,0,3.407418168638774,0.0,10.536767155327665,0.21782442867216278,0.6108446372598441,0.3381127280484769,0.06428610209818597,0.0,0.7995120465963701,0.7926015082375532,low,0
S0024,2025-02-26,9,mid,3,48.437757275238845,0,0,5,0,1,5.2747150798516165,0.0,3.9415454353180692,0.7439521487195456,0.3959323592943478,0.13016230019421338,0.35891440357458326,0.0,0.8171593868479574,0.012797283580869179,low,0
S0024,2025-02-27,9,mid,1,70.22536697625068,0,0,4,1,1,5.5632482445400635,0.0,15.251358535391425,0.9811543813349457,0.24323079825215344,0.9569041767877466,0.030219118676747092,0.0,0.14602637764899762,0.14817904269929316,low,0
S0024,2025-02-28,9,mid,4,48.736929612913386,0,2,4,1,0,6.052297650246691,0.0,8.182994854724463,0.8714876167122156,0.3896475079681758,0.5113317653156387,0.9069924831218832,0.0,0.5355077553486204,0.9950732158434249,low,0
S0024,2025-03-01,9,mid,2,44.97473339152213,0,2,4,1,1,2.9945802914992017,0.0,11.758668024567285,0.24664723633482766,0.7793374372026054,0.37735808456529496,-0.9857449943427576,0.0,0.41423842419559453,0.22806932063295948,low,0
S0024,2025-03-02,9,mid,2,50.988933435717094,0,1,2,0,0,7.230628271322108,0.0,7.534648308921309,0.6598413100697053,0.5617835546616823,0.41682494345410137,0.342210025689186,0.0,0.40727835021685854,0.5481002343273198,low,0
S0024,2025-03-03,9,mid,1,51.00699099481699,0,0,3,0,0,3.5894973797093366,0.0,11.711372703414796,0.3620484500085587,0.42106948300902847,0.3343786920000881,0.5964856132121794,0.0,0.7254207061154853,0.7671587301411955,low,0
S0024,2025-03-04,9,mid,3,53.39358862651932,0,2,1,1,0,6.7761057080905145,0.0,8.328789419133045,0.13462765278741184,0.7426398331459307,0.2888697294292877,0.7669298702241856,0.0,0.4283284754006409,0.17172331329737556,low,0
S0024,2025-03-05,10,mid,4,62.898843155508544,0,1,3,0,0,3.175122791835466,0.0,9.708537386102323,0.7654559254497938,0.3808125794519338,0.1903451518035183,-0.033505313559493155,0.0,0.9257189401671633,0.1713570190146284,low,0
S0024,2025-03-06,10,mid,2,56.24665455793405,0,0,3,0,0,6.4141351540831515,0.0,7.175495097918079,0.4507337241660504,0.523146374628919,0.813741482871899,-0.042990636468581256,0.0,0.5449263208053992,0.842320266408022,low,0
S0024,2025-03-07,10,mid,2,43.6659627209513,0,1,3,0,0,5.444438226796904,0.0,11.160525458600405,0.15421474848858063,0.6102700283082103,0.02633481930699122,0.4167563115417303,0.0,0.7335675226509384,0.7893385085949973,low,0
S0024,2025-03-08,10,mid,3,33.95353983178339,0,0,2,0,0,8.32889861874957,0.0,10.989725282044557,0.9741549690325565,0.9896318128456957,0.9991754124782805,0.7810529661296128,0.0,0.639650819137078,0.006970950789452757,low,0
S0024,2025-03-09,10,mid,1,52.85517645344334,0,0,3,0,0,5.97581617971575,0.0,7.6968168585604095,0.5325300390641959,0.2943606878043038,0.1773104854277091,-0.6445952714465686,0.0,0.8583996812081605,0.8729125141634234,low,0
S0024,2025-03-10,10,mid,2,44.16277564809178,0,2,2,1,1,9.80924898414494,0.0,11.79450440185827,0.4664322035729559,0.8966481634550445,0.3176612285294973,0.15662371357356264,0.0,0.29995392019398526,0.7533500237925342,low,0
S0024,2025-03-11,10,mid,2,50.05151070454652,0,2,5,1,1,2.8931323460828993,0.0,10.360720520319385,0.7853682691120457,0.7911738662224267,0.3009489886550817,-0.8603659900544081,0.0,0.9888474592335745,0.25072887924432485,low,0
S0024,2025-03-12,11,mid,2,39.961361087036295,0,3,4,1,1,7.07561388305421,0.0,9.85348182662179,0.7359034308719454,0.3146948633033413,0.3952540084845555,0.3353733715396914,0.0,0.8944526188234913,0.17870873270350873,low,0
S0024,2025-03-13,11,mid,1,45.39981934230125,0,0,1,1,1,3.992231132756769,0.0,11.935881234430422,0.9115967533839442,0.3111370534749598,0.06978265136040573,-0.9788164019169288,0.0,0.2825672770571759,0.47373057549589925,low,0
S0024,2025-03-14,11,mid,1,28.995533990672108,0,0,1,0,1,4.826460381332975,0.0,14.239944500210452,0.8209058287018742,0.8245946415509503,0.3171353248480432,-0.9913073923847753,0.0,0.9112456774581185,0.7606946930862403,high,1
S0024,2025-03-15,11,mid,3,38.72592361676642,0,0,5,1,0,9.16180746415494,0.0,15.489777587020964,0.07534672985845225,0.45645129419723174,0.4611561079599631,-0.36172665171570695,0.0,0.2771585536876544,0.2242979741162049,low,0
S0024,2025-03-16,11,mid,1,52.02748996223408,0,0,2,1,0,3.743768487600084,0.0,11.144123965570568,0.6660887389587625,0.6939264429376296,0.7633325899747107,-0.4737345524851815,0.0,0.6402975036637513,0.6182784582825398,low,0
S0024,2025-03-17,11,mid,4,33.997783209743226,0,0,2,0,0,4.377753112040193,0.0,13.32532486024761,0.03061327989707885,0.44665143050613954,0.1808580165800533,-0.7145318597022376,0.0,0.3930936118954236,0.09907693734462719,low,0
S0024,2025-03-18,11,mid,1,41.66676902707747,0,1,4,0,1,5.229435718739909,0.0,5.747627366627526,0.44713150038936544,0.6644404611626308,0.06394306370316472,0.7680258633990495,0.0,0.5111574042382784,0.87704544496999,low,0
S0024,2025-03-19,12,mid,4,31.99014584543216,0,3,3,0,1,6.302896101742213,0.0,5.214903349131355,0.28206167832119333,0.11207105056007316,0.5675858148436767,-0.2933026582677205,0.0,0.5832192675233877,0.5586784766649928,low,0
S0024,2025-03-20,12,mid,1,46.17323496834274,0,1,3,0,1,4.733990575422832,0.0,9.77412581710062,0.6505217824548465,0.5028405867532084,0.5657051419106944,-0.9074595744600003,0.0,0.7753098216179458,0.23235341508729768,low,0
S0024,2025-03-21,12,mid,1,38.00994809792512,0,1,4,1,1,5.251974166413476,0.0,10.85048618681347,0.009962189735323479,0.8207985840317805,0.8822719276107809,0.9618683137758677,0.0,0.8393157477500958,0.44558696730652114,low,0
S0024,2025-03-22,12,mid,2,64.65317374397156,0,0,3,1,0,0.464883313581395,0.0,10.992558634788239,0.6821548291488424,0.5902218088070089,0.6293505910275453,-0.3139764674324861,0.0,0.4287284205705545,0.5580965748906498,low,0
S0024,2025-03-23,12,mid,3,51.17620814340702,0,0,5,1,0,3.2484933501734794,0.0,6.148857226972025,0.7057278588363598,0.5846183516438875,0.09348686331337952,0.9463650370120793,0.0,0.04933692295888514,0.08293957228166382,low,0
S0024,2025-03-24,12,mid,4,55.282521685857525,0,0,4,1,1,7.992912118745138,0.0,12.485598331370547,0.30828341235651147,0.8538519081332145,0.4528127504114977,0.9967630301940251,0.0,0.00039969258932492924,0.10948970841855665,low,0
S0024,2025-03-25,12,mid,3,40.14855734571858,0,3,1,1,0,5.471917406779811,0.0,9.887629038347685,0.3106627140682017,0.5186824529654336,0.5360713238710018,0.5415958772147331,0.0,0.5178689940858079,0.6057374006205106,low,0
S0024,2025-03-26,13,mid,2,47.549569402976836,0,2,1,1,1,3.3498140533299665,0.0,15.179005931369758,0.647197172294114,0.2575524383453959,0.4347421137695533,-0.5809085247963219,0.0,0.03818495267954802,0.5885398505753723,low,0
S0024,2025-03-27,13,mid,2,31.130295520692066,0,1,4,0,0,7.55033193184337,0.0,15.615301697591391,0.4742462065023887,0.8597972442471589,0.27222583540336787,-0.9735294694312397,0.0,0.3234687189422,0.009705960402128788,low,0
S0024,2025-03-28,13,mid,0,52.83975521096664,0,2,3,1,0,2.7443142001192657,0.0,11.543453312245088,0.7730466155703029,0.33056021043527384,0.9321769949174092,0.023741060549215875,0.0,0.8471265341297222,0.6158925802966025,low,0
S0024,2025-03-29,13,mid,4,50.647381167496505,0,3,5,1,1,4.610214376654656,0.0,9.507858435555388,0.4857110067893803,0.15944415620745933,0.576999925669336,0.29140546060243633,0.0,0.5256155975200407,0.036426712512613646,low,0
S0024,2025-03-30,13,mid,1,35.308806557016936,0,0,4,0,1,4.780251841994488,0.0,2.3291923645994883,0.1061205923594053,0.10266012124955137,0.41641595576591584,-0.9339419833065443,0.0,0.2549843590596351,0.20117675377156363,low,0
S0024,2025-03-31,13,mid,2,44.93511645544346,0,3,3,1,0,2.7243356984140603,0.0,11.232928495042504,0.07493208585461975,0.4266492205710535,0.21964643085814095,-0.27756676226403276,0.0,0.25971108010245747,0.09263646272341575,low,0
S0025,2025-01-01,1,mid,6,41.54689715908064,0,1,1,1,1,6.909179681020671,0.0,7.4567973105213134,0.8324208554247096,0.24131723381161352,0.9924946768960727,-0.9586226343158213,0.0,0.21700048023554108,0.7800207562769929,low,0
S0025,2025-01-02,1,mid,5,35.56467883354058,0,4,5,0,1,0.0,0.0,8.191301065831752,0.7875693929714891,0.26783007693595573,0.09506874922485609,-0.5808547593266418,0.0,0.7913008369492824,0.6770479250936182,low,0
S0025,2025-01-03,1,mid,5,38.45973118675294,0,1,1,0,0,11.778224784463184,0.0,10.372165799378598,0.7710460974673539,0.5570125197729389,0.5930856281251098,-0.334176312456381,0.0,0.12594529778427543,0.6827323334218323,low,0
S0025,2025-01-04,1,mid,4,31.84501960170246,0,0,4,1,1,4.566290616817873,0.0,11.958459673541011,0.6119591429908388,0.36348173341223955,0.09472748535779174,-0.09294931590339894,0.0,0.5970615044596519,0.4075032920375987,low,0
S0025,2025-01-05,1,mid,6,40.9659223793049,0,0,1,0,1,7.188986705050886,0.0,9.63422396485294,0.12233954302960504,0.4253843386142614,0.3079749761830265,-0.20964589878584294,0.0,0.7019808522643922,0.08748020004275525,low,0
S0025,2025-01-06,1,mid,5,45.89762225118663,0,1,2,1,0,11.764485752470328,0.0,10.871827508384213,0.23193042460682267,0.6750034707086267,0.2664183709367769,-0.22113006704309224,0.0,0.3689159158800762,0.6720250221198986,low,0
S0025,2025-01-07,1,mid,4,43.555591639216196,0,0,1,0,0,2.3693225376714575,0.0,3.7020024290766793,0.25234453419174674,0.0011681464240477224,0.11045067137536746,0.4077783028546178,0.0,0.6824955933756427,0.3225305728448711,low,0
S0025,2025-01-08,2,mid,3,42.50212381285821,0,3,1,1,0,6.1505498667245435,0.0,12.297918724463685,0.14088660952408882,0.3476266092689786,0.6385248929042168,-0.00840625011934426,0.0,0.11509426390126243,0.08734537513658991,low,0
S0025,2025-01-09,2,mid,4,49.34413150434149,0,0,5,0,1,3.7235948285466587,0.0,9.36177046365732,0.6209679616080689,0.33949979560802357,0.7329439313304604,-0.027243866663895888,0.0,0.419403416351965,0.3485163491147919,low,0
S0025,2025-01-10,2,mid,4,67.6135114914089,0,0,5,1,1,6.075469496561477,0.0,10.040687161579658,0.30734455373040204,0.7235031386421754,0.7455520405919752,-0.19028093317772066,0.0,0.5932921507799099,0.47204609069753756,low,0
S0025,2025-01-11,2,mid,5,36.782350557231844,0,3,2,0,1,7.093840547130765,0.0,11.04693470195041,0.9104685387469529,0.18024166442168732,0.3140502242172555,0.30061140193508273,0.0,0.5572212337096225,0.6523261694994593,low,0
S0025,2025-01-12,2,mid,3,30.057854324658997,0,0,4,1,0,3.517589930723664,0.0,8.774175358347952,0.4539861978901568,0.4954496426792978,0.2559040428296555,0.4468929840901408,0.0,0.26976971718896936,0.8538913752833586,low,0
S0025,2025-01-13,2,mid,4,33.89428784826199,0,2,1,1,1,1.37975841955214,0.0,11.724289104218856,0.04171079058884597,0.2948721417097855,0.9048701885969027,-0.6515536761563578,0.0,0.763750879842776,0.7222820060044813,low,0
S0025,2025-01-14,2,mid,4,37.82470833768359,0,0,2,1,0,3.1512731198716812,0.0,6.193606262413327,0.6860785118572206,0.47781730835367087,0.08148256184636826,-0.717104108508686,0.0,0.7456486835123112,0.32856952848183085,low,0
S0025,2025-01-15,3,mid,6,45.454665262331936,0,1,4,1,1,2.562531762916982,0.0,13.969522309650294,0.7115212185081488,0.5826540207138508,0.3471698980348046,0.5704973556707762,0.0,0.6681697598063643,0.005416298342469705,low,0
S0025,2025-01-16,3,mid,4,55.115447121311085,0,1,2,0,0,7.730116643024449,0.0,15.051980012557213,0.9872789983842841,0.6281439774931253,0.928959149301185,-0.4274860552804165,0.0,0.24012949034649755,0.5165186868244531,low,0
S0025,2025-01-17,3,mid,3,45.48848466904273,0,1,3,0,0,4.526854122610763,0.0,15.852786991204374,0.977333782884695,0.3346849511031178,0.9825729370023882,-0.8700521150420493,0.0,0.6837607747575566,0.4542192067849121,low,0
S0025,2025-01-18,3,mid,5,50.63291895771197,0,1,2,1,1,7.889196930257888,0.0,13.395072853414163,0.2536705842560909,0.8170536886312914,0.6503027023273146,0.6887783574016026,0.0,0.3515269655433837,0.33171012240572295,low,0
S0025,2025-01-19,3,mid,3,33.06840251891174,0,1,2,0,1,5.4343746145609675,0.0,6.9091961284544166,0.7924599925459974,0.5333394051563908,0.4091969681929487,0.3104596422708412,0.0,0.2701280945133483,0.3491337429383694,low,0
S0025,2025-01-20,3,mid,5,47.82353703268109,0,2,4,1,1,3.419793562053391,0.0,11.160180863051789,0.9323538712163144,0.2606343150283855,0.31883492300321814,0.3322314762185148,0.0,0.07819164713613347,0.6276126899186166,low,0
S0025,2025-01-21,3,mid,4,47.90327297677767,0,0,2,0,0,4.064234664326481,0.0,6.957969309107957,0.6010218214251366,0.4045544326659992,0.06546931450707805,0.8954413352301853,0.0,0.33790044175856637,0.4456512127647778,low,0
S0025,2025-01-22,4,mid,5,43.5173752969945,0,0,3,1,1,1.254466317148701,0.0,13.422443232683296,0.7949752992104515,0.7318877638587253,0.18541902809982658,0.12926461031019953,0.0,0.03243600745608488,0.439478228134477,low,0
S0025,2025-01-23,4,mid,4,61.36387964471372,0,0,4,1,1,1.0119572924695248,0.0,8.970140502546748,0.41241810454887307,0.7094967405934914,0.5167927032459902,-0.9854426720498839,0.0,0.922323846585075,0.06599600300185171,low,0
S0025,2025-01-24,4,mid,5,60.423451828678495,0,1,1,0,1,3.6927474861507985,0.0,4.659609642669018,0.21328756476449506,0.8635910157855093,0.19540966065360987,0.718025986529091,0.0,0.4556133825705476,0.8350854938168207,low,0
S0025,2025-01-25,4,mid,4,41.01438077127057,0,1,1,1,1,4.192197833227587,0.0,12.350293559931641,0.08866647043642462,0.7597573781680654,0.5244272344530237,-0.3867199352414048,0.0,0.40609834166926795,0.021412395604825885,low,0
S0025,2025-01-26,4,mid,3,59.33282172720196,0,2,4,1,0,6.326439889385959,0.0,8.885401967020197,0.42060253113196866,0.6794323904770867,0.01839609266153297,0.6278513557657355,0.0,0.24032894419641726,0.3090393289104346,low,0
S0025,2025-01-27,4,mid,4,39.60857558555922,0,1,2,1,0,5.396045601156142,0.0,9.951321373887113,0.7165386372090675,0.5468708875016044,0.5330328849390766,-0.9124698354836112,0.0,0.9573144374079361,0.928177660285043,low,0
S0025,2025-01-28,4,mid,4,47.94698360825628,0,0,3,0,1,5.0523469772616805,0.0,12.746369493052105,0.53251047445579,0.4032869841460677,0.856882610833859,-0.9703933920728398,0.0,0.6245485496151851,0.9074130977587378,low,0
S0025,2025-01-29,5,mid,2,37.77812702390582,0,1,4,1,0,4.378169561267489,0.0,8.328628006960413,0.2532432887911791,0.07201265845930249,0.9722265979714558,-0.8800518267062123,0.0,0.8566889039943296,0.7681614245768392,low,0
S0025,2025-01-30,5,mid,4,44.60895963807761,0,0,2,0,0,4.029582887095449,0.0,10.496376344120916,0.8649443894628354,0.905572029446741,0.3750471345102928,0.05230351931321664,0.0,0.2810206706385272,0.014716334007391918,low,0
S0025,2025-01-31,5,mid,3,44.39578618145939,0,0,5,0,0,10.642605938967929,0.0,7.181450871145872,0.8221162343100088,0.6996734103996725,0.18282210690233924,-0.20365049582008754,0.0,0.9291592920764897,0.14612714329278276,low,0
S0025,2025-02-01,5,mid,4,31.789441364682496,0,1,3,1,0,10.180059021695147,0.0,15.206699213358013,0.04262610653419452,0.9541177907715729,0.8066226302358516,-0.39429159694748805,0.0,0.13062429180973534,0.3456267130240487,low,0
S0025,2025-02-02,5,mid,4,23.11844227956899,0,0,1,0,1,3.770606353984665,0.0,11.508654055356313,0.2152716259063815,0.4598452123314758,0.5763181497494501,-0.34840056205901604,0.0,0.5753833655542092,0.1706583713411366,low,0
S0025,2025-02-03,5,mid,5,41.314682230291005,0,1,2,0,0,4.179730129598313,0.0,12.09792369268524,0.8778401809234372,0.08103716876456457,0.8004639262072368,0.2802223218873867,0.0,0.5831107893853174,0.23013274482494817,low,0
S0025,2025-02-04,5,mid,5,42.57801214193049,0,1,4,1,0,4.2239147643008135,0.0,10.243562413496539,0.9896824949300881,0.7163104739385713,0.4253877817987627,-0.6173399394195114,0.0,0.08017732244335629,0.6721904206261219,low,0
S0025,2025-02-05,6,mid,3,37.68653776791604,0,1,5,0,0,4.287507243232883,0.0,11.380431657300095,0.6367461631971355,0.10111437618609409,0.5479346898991778,0.16791680497934247,0.0,0.21623729893417365,0.39169312999123684,low,0
S0025,2025-02-06,6,mid,4,47.732941936800295,0,2,4,1,0,8.413011718100904,0.0,11.497060435828539,0.8851274032904455,0.5597451874799895,0.15007525979379177,0.1962578867232858,0.0,0.374101567431258,0.45273502860910353,low,0
S0025,2025-02-07,6,mid,5,50.52493584920371,0,0,5,1,1,5.240127791462952,0.0,7.8677680603357505,0.36170490554399093,0.35089807583234356,0.6877092527094356,-0.07272128280672852,0.0,0.75209384477145,0.39817322268537914,low,0
S0025,2025-02-08,6,mid,4,33.18849608898318,0,2,2,0,0,5.386640220425641,0.0,7.92062592300562,0.488162191675772,0.7590745133976107,0.41185792841563607,0.97110271572874,0.0,0.3976120548634339,0.33307163491158076,low,0
S0025,2025-02-09,6,mid,4,54.82119325440384,0,1,4,1,1,1.1321703766451336,0.0,5.51755061457232,0.5964513964185367,0.6062480599465474,0.01503329576198853,-0.7495481975935867,0.0,0.23651822084472063,0.6779773333459791,low,0
S0025,2025-02-10,6,mid,6,49.49782617944353,0,2,3,0,1,4.355850469470605,0.0,9.64080195346576,0.2108385428363505,0.5065449767845924,0.16375912284704297,0.7787666203452184,0.0,0.710309011429648,0.027736002539431093,low,0
S0025,2025-02-11,6,mid,3,45.20002318799146,0,0,1,0,0,5.9791347370965875,0.0,11.213393088652975,0.10188082793763598,0.9240646770330664,0.6243007288752803,0.7384350643323994,0.0,0.6844367641854154,0.2018476685437104,low,0
S0025,2025-02-12,7,mid,4,47.1088989994715,0,1,3,0,0,4.516833087708639,0.0,8.3262008442239,0.4356466208031734,0.5042459227598743,0.851412198696779,-0.9640874284337702,0.0,0.4282884057451235,0.4109983736821633,low,0
S0025,2025-02-13,7,mid,2,49.45570993912416,0,1,2,1,1,1.1855618579841605,0.0,10.416851719165281,0.6438456761362233,0.9084288952613628,0.006912591169667359,-0.7321419451406193,0.0,0.1197731584998557,0.9232053028928541,low,0
S0025,2025-02-14,7,mid,5,46.36223162376663,0,1,2,1,1,3.7063206458291456,0.0,3.172410429937905,0.2984583945121182,0.37128561240847846,0.07810518692441826,-0.6040328211008841,0.0,0.33549672033092837,0.7958904332331344,low,0
S0025,2025-02-15,7,mid,4,34.356692873962636,0,0,2,0,1,5.455711921024052,0.0,10.782960790960955,0.2853779546838805,0.13695368918985973,0.15608318221040374,0.9379278860808891,0.0,0.6732258140073574,0.04257078780323931,low,0
S0025,2025-02-16,7,mid,4,33.715547440951305,0,0,4,1,1,6.383467339997101,0.0,10.091420762440809,0.8390366115940365,0.6397485462646788,0.18548863757359701,0.7391941970539684,0.0,0.754775391136719,0.2668477635474832,low,0
S0025,2025-02-17,7,mid,5,47.1877698648492,0,1,3,0,1,5.263652350962229,0.0,9.233717041054403,0.6403421529040735,0.8949359308926588,0.5196549558006451,0.06004885105433422,0.0,0.7070178355765505,0.32339757635325117,low,0
S0025,2025-02-18,7,mid,4,33.256881635046746,0,4,5,1,1,4.8147623496257195,0.0,13.09035355027139,0.5053993025722535,0.1344391059278267,0.42045549256776105,-0.2260103803828437,0.0,0.3516885028654496,0.8872986699241998,low,0
S0025,2025-02-19,8,mid,6,49.324431104243125,0,0,1,1,1,1.1879906002012963,0.0,2.847896321680352,0.2698979027865671,0.32823265464399665,0.8468202360767562,-0.31255563082815674,0.0,0.8690961019234852,0.3052677114830531,low,0
S0025,2025-02-20,8,mid,5,25.616551148223547,0,0,2,1,0,2.4036996487251265,0.0,6.6386230526846095,0.9294322238196455,0.7425074566777278,0.133848789580295,-0.04798904053507247,0.0,0.3182230752539196,0.9779383125459582,low,0
S0025,2025-02-21,8,mid,6,28.140507989307494,0,1,3,1,0,2.5806393597472788,0.0,9.362341678674712,0.20241856351651166,0.0765099500700791,0.7424110435606,-0.8457294448503854,0.0,0.38394882873420166,0.7498446935127548,low,0
S0025,2025-02-22,8,mid,5,61.72197702816072,0,1,5,0,1,4.008786185333874,0.0,15.71547118052824,0.24742533509273423,0.15174589379284675,0.458374191755062,0.7704914860211247,0.0,0.18839532327196995,0.5686592289914879,low,0
S0025,2025-02-23,8,mid,5,48.710673316695434,0,1,2,0,0,4.489946962448653,0.0,13.37980236140714,0.7909342112394347,0.85023076796546,0.4595382101926465,-0.3625212221592411,0.0,0.7019645468105937,0.904469272355995,low,0
S0025,2025-02-24,8,mid,4,51.05768177431812,0,0,4,1,0,4.859461931646659,0.0,8.332068621350828,0.8181796497217406,0.9340071412951036,0.22946792057193477,0.15838988070559012,0.0,0.8043302395505837,0.7524076428591857,low,0
S0025,2025-02-25,8,mid,4,45.44180493649363,0,3,4,0,0,5.8446556000460355,0.0,14.36047921127716,0.9341912697466239,0.9081983394580183,0.8145670653342649,0.12738983796753267,0.0,0.5271010191467135,0.32870793197452075,low,0
S0025,2025-02-26,9,mid,5,28.341926040588113,0,1,5,0,1,5.858498949102135,0.0,15.2582768686249,0.7160849799072093,0.3731331667482952,0.29536907611037955,0.7246019786962916,0.0,0.4224545702892062,0.19591217178469011,low,0
S0025,2025-02-27,9,mid,4,57.003195956656576,0,0,1,0,1,2.248119353169438,0.0,9.051811085087651,0.08794442480542597,0.6630110034940242,0.4233399706211646,-0.7492582147547162,0.0,0.6744668799869837,0.20757873085437317,low,0
S0025,2025-02-28,9,mid,3,45.90424927965422,0,1,1,0,0,3.597820997247771,0.0,9.009896061247332,0.6275472326842928,0.9160315352853404,0.45256466723409183,0.2523530853849343,0.0,0.6088984132566231,0.4150897026278759,low,0
S0025,2025-03-01,9,mid,3,51.83062711399045,0,1,4,1,0,2.5564578230538526,0.0,11.728284184434493,0.2525697290539267,0.6484288754599776,0.7623099273666036,-0.07576564694743704,0.0,0.3350996967777665,0.9102715559322725,low,0
S0025,2025-03-02,9,mid,5,38.14736691529552,0,3,1,0,1,4.246790512116938,0.0,9.737794870926466,0.913510315408257,0.07355260386480389,0.6997942820974716,0.4603220096866234,0.0,0.8437150506305396,0.5533622555955225,low,0
S0025,2025-03-03,9,mid,4,55.7733688727837,0,1,3,0,1,3.859787274209657,0.0,10.316056436938005,0.6153621540272003,0.12309639263328676,0.49573260772205585,0.33882582908502434,0.0,0.148507032834031,0.4970504077459692,low,0
S0025,2025-03-04,9,mid,5,44.136976294281965,0,3,4,0,0,1.4396521765319257,0.0,6.4941139514289405,0.17249906002048931,0.47729521263154395,0.38666225302184143,-0.6433652798656813,0.0,0.4498800454177615,0.42184396825873915,low,0
S0025,2025-03-05,10,mid,6,54.56911570940965,0,1,4,1,0,8.265276904062485,0.0,9.461755323867948,0.6903976232075948,0.9130514249049292,0.2635572231315034,-0.7613770814859806,0.0,0.4700511629722638,0.36108081086215116,low,0
S0025,2025-03-06,10,mid,6,43.27502441591905,0,0,5,1,1,5.110327723489372,0.0,11.343546197947173,0.5327090660990051,0.03526301810514687,0.8400990156676927,-0.9103172500048535,0.0,0.9062322741034792,0.5386717253567179,low,0
S0025,2025-03-07,10,mid,4,32.47701865837777,0,1,3,1,0,4.316617283894692,0.0,7.470788833567461,0.08391234849399365,0.9534622797312103,0.6176229486753874,-0.3276407106531225,0.0,0.2754831653703942,0.44409429354302477,low,0
S0025,2025-03-08,10,mid,6,45.86671793375009,0,0,5,1,0,2.185460281122912,0.0,8.325097251892359,0.9371163459434861,0.40538901172316,0.6540644284224806,0.46396321854721445,0.0,0.7732125386815075,0.7357751920175288,low,0
S0025,2025-03-09,10,mid,6,33.62372008659555,0,1,1,1,1,1.7539077755758297,0.0,8.755731787468525,0.8484332519621813,0.22508048405255354,0.7670248235658,0.22303064478440526,0.0,0.8747902553800294,0.593793942921077,low,0
S0025,2025-03-10,10,mid,6,47.58044412897527,0,2,1,1,1,11.280142234987576,0.0,7.303445605016556,0.7820677951304712,0.5639059394148837,0.2391551001473241,-0.7520255867472654,0.0,0.937774546688964,0.8015629946391074,low,0
S0025,2025-03-11,10,mid,5,70.42896445743636,0,0,5,1,0,3.047561646684521,0.0,9.712484592174805,0.5427034722495039,0.09694144305507013,0.6359354575595126,-0.6892848438395764,0.0,0.5470858922679588,0.1291206798232194,low,0
S0025,2025-03-12,11,mid,3,33.69621156120885,0,4,4,1,0,3.6296031530783717,0.0,14.036817052752518,0.9887572401148456,0.1711216222546218,0.0015238938833312954,0.18965108275677145,0.0,0.9529532000878381,0.6470540549059793,low,0
S0025,2025-03-13,11,mid,5,36.47733809019661,0,1,1,1,0,6.72717605324328,0.0,9.173363185360836,0.8640087171760213,0.3390449590252036,0.09851732511577393,-0.6429216908664299,0.0,0.36574917810145546,0.959134308945273,low,0
S0025,2025-03-14,11,mid,5,43.25131882622684,0,0,3,1,1,2.8203060287635475,0.0,11.958169316787476,0.8099729515587104,0.21976445772283082,0.010063402380173336,0.01616154844715867,0.0,0.72646157140362,0.349655340536834,low,0
S0025,2025-03-15,11,mid,4,60.86582594749442,0,0,2,0,1,6.516614852549934,0.0,9.370139296568713,0.5402550585739497,0.3484324182207026,0.3489909269897231,-0.7371242710947017,0.0,0.5937891535891566,0.5821671354103222,low,0
S0025,2025-03-16,11,mid,4,50.7778663063184,0,0,2,0,0,2.05942055974458,0.0,6.6825248773891115,0.37460538486440476,0.13991234289760834,0.16539515797428694,-0.528330040804851,0.0,0.40199201745331237,0.3358991016184366,low,0
S0025,2025-03-17,11,mid,5,59.59081847740695,0,1,4,1,0,6.978572152788179,0.0,13.864391577487467,0.19446248773228147,0.918008594820634,0.19944258718840124,0.47391426333939757,0.0,0.34760964227431246,0.3670815670089713,low,0
S0025,2025-03-18,11,mid,6,43.65199887799817,0,0,3,1,0,6.929087409472347,0.0,7.044812506553482,0.2947633695626637,0.11158211421007203,0.7172215338337589,-0.6415467125721068,0.0,0.11106493881569146,0.551760054648486,low,0
S0025,2025-03-19,12,mid,4,46.400805142158156,0,0,2,1,0,6.117269327135016,0.0,10.31001266640099,0.51191011591042,0.13979800917771035,0.3934845032221149,0.2480842956889655,0.0,0.7628396370692055,0.6069379945705304,low,0
S0025,2025-03-20,12,mid,6,35.999123274804674,0,1,2,0,1,3.1026675523132,0.0,8.609116480072629,0.008408430890752161,0.2855695665296224,0.889116143602539,0.06801864135460334,0.0,0.6324350515249549,0.9223911038905329,low,0
S0025,2025-03-21,12,mid,6,45.47374434015311,0,0,4,1,0,4.59133307209046,0.0,8.6460019152779,0.09979068178525574,0.802073776674791,0.0538673889606307,0.815858893770872,0.0,0.8708395439409741,0.20838436588064002,low,0
S0025,2025-03-22,12,mid,7,57.18101256151998,0,0,2,0,0,7.042321109072784,0.0,11.985099211146586,0.024971024839682388,0.9436801906374458,0.07006204598924659,-0.04767977704612014,0.0,0.9195792763590427,0.4876688292310798,low,0
S0025,2025-03-23,12,mid,4,46.570248172347895,0,1,1,0,1,9.034135131052029,0.0,11.627000847674731,0.32259550383501256,0.9634499192650002,0.45898972160893436,-0.3561327804032308,0.0,0.2963939612376061,0.04269496965664821,low,0
S0025,2025-03-24,12,mid,3,53.752428434669426,0,1,4,1,0,5.390720793517765,0.0,9.802958581579036,0.555450752268743,0.9332118027415051,0.675644635877384,-0.9432189635534471,0.0,0.07771319804839205,0.7221789553674229,low,0
S0025,2025-03-25,12,mid,3,46.540289307324706,0,3,3,0,0,3.339853829100618,0.0,5.932192457566799,0.080533257306028,0.3515737813840696,0.9907626971367083,-0.20586147634392904,0.0,0.6696879199722466,0.12071318816153787,low,0
S0025,2025-03-26,13,mid,3,33.1749771031558,0,1,2,1,0,4.922195388635028,0.0,9.089551813920432,0.5694851970612175,0.03758662211164465,0.1610371907038014,-0.4837378356294062,0.0,0.720227057706293,0.9397435288652753,low,0
S0025,2025-03-27,13,mid,6,65.19065765866011,0,1,2,0,1,5.686221326862732,0.0,12.43505018426566,0.22110856274843238,0.049483487146372296,0.09932106478176661,-0.35201499906878886,0.0,0.5038830254957855,0.993253071184794,low,0
S0025,2025-03-28,13,mid,6,18.714788596020426,0,1,5,1,0,4.269332844198727,0.0,10.824111109867438,0.6788181674073487,0.7453238208951832,0.5142483559214086,-0.842493704453116,0.0,0.03468623520635694,0.9378096972393504,low,0
S0025,2025-03-29,13,mid,4,30.995807813406238,0,3,2,0,1,5.602297268093904,0.0,14.152169131979536,0.7958455578738887,0.1549119403674658,0.5383571568007757,0.5332485444258257,0.0,0.9883045675907983,0.8843972763852587,low,0
S0025,2025-03-30,13,mid,4,50.701970555231895,0,1,3,1,1,4.231264111935882,0.0,10.143514805223038,0.628452841733861,0.46317893177405134,0.7016391114758562,0.5680672458750895,0.0,0.9388448533899292,0.9983457942749996,low,0
S0025,2025-03-31,13,mid,7,62.05564307575362,0,0,1,1,1,3.813589748161213,0.0,11.666976675571124,0.353146592660859,0.3942312182758103,0.9165993889009445,0.31767643153232394,0.0,0.04060949030289074,0.014810240714154599,low,0
S0026,2025-01-01,1,mid,4,34.60406032208377,0,1,1,1,1,3.623163447421067,0.0,8.817036222748778,0.4905431561567226,0.9321661149424991,0.10070071762548627,-0.11820615282300784,0.0,0.022374845771578444,0.7708982213861482,low,0
S0026,2025-01-02,1,mid,6,54.764865127788056,0,2,5,0,1,3.638264477571134,0.0,19.57835361099046,0.9695438973031525,0.8205588417694978,0.6986400381430394,-0.6095770728807162,0.0,0.8197706910266512,0.7497807435160289,low,0
S0026,2025-01-03,1,mid,6,42.26073545366384,0,3,3,0,0,7.342259551019788,0.0,6.973506152648121,0.9910794424942843,0.38995885778118033,0.7910483145547931,-0.5077815257276579,0.0,0.28189671228404933,0.9348638741835431,low,0
S0026,2025-01-04,1,mid,2,40.64525951961829,0,1,2,0,0,1.5599726515681551,0.0,10.613319387080134,0.7053629577271158,0.13658440521852666,0.5110615435671207,-0.609450462988768,0.0,0.5047593048794586,0.29390741287435496,low,0
S0026,2025-01-05,1,mid,5,38.27450027880229,0,0,4,1,1,7.611589535470478,0.0,5.605528417686527,0.8883432176508774,0.6379349943647504,0.5658572551096086,0.13845890951241646,0.0,0.4964607109233855,0.8075804014044551,low,0
S0026,2025-01-06,1,mid,6,47.75952208534297,0,0,5,0,0,4.393088919369162,0.0,11.16734368407404,0.01680174977386284,0.9366908418252299,0.3439718273535113,-0.37917947002330776,0.0,0.26167758015714937,0.24453617304888986,low,0
S0026,2025-01-07,1,mid,5,47.45757101909605,0,2,2,0,0,2.315818190469965,0.0,10.257477520039023,0.10778826179928402,0.5416595491653655,0.375238381126929,-0.6149058044632307,0.0,0.03069848678577458,0.56660008003788,low,0
S0026,2025-01-08,2,mid,3,47.89272252004305,0,5,2,0,0,6.259672324860455,0.0,8.723886007725772,0.2256344276067841,0.3613520449373714,0.4478090677219647,-0.41756371489772426,0.0,0.7663722370132332,0.4095472114169385,low,0
S0026,2025-01-09,2,mid,5,56.415403820381854,0,1,3,1,0,1.0894294311771962,0.0,13.657095015495274,0.8986890191939303,0.040707173612521186,0.04320030085575011,0.7717470346251669,0.0,0.12664464220434124,0.002160104124001805,low,0
S0026,2025-01-10,2,mid,5,40.72952769668152,0,1,2,1,0,4.104753068947423,0.0,11.276737346736885,0.3916208974317593,0.19195715143476588,0.702614409594139,0.3566523595065154,0.0,0.5478976016990269,0.6981630368036552,low,0
S0026,2025-01-11,2,mid,6,51.23887331255573,0,0,2,1,0,8.48254411243824,0.0,8.176473380720548,0.6913911607843516,0.7094269032949428,0.3087675286443565,0.3244279475818477,0.0,0.36746631958893816,0.9444920461050499,low,0
S0026,2025-01-12,2,mid,6,28.44999600273155,0,2,5,1,1,6.689682884108347,0.0,11.153473606863752,0.340393468236303,0.9327443251466081,0.05767607361765248,-0.7629613593571078,0.0,0.4599596194931458,0.7234852276285395,low,0
S0026,2025-01-13,2,mid,5,24.240787587540392,0,0,4,1,1,5.397146023348493,0.0,7.290854869792265,0.12385860646634494,0.14941777691127078,0.7721170977821139,0.5013841171510007,0.0,0.8427727594254719,0.10573513650610566,low,0
S0026,2025-01-14,2,mid,5,40.61319891387221,0,4,5,1,1,5.373245486175866,0.0,10.835260216511902,0.6022443778273,0.31392465367460876,0.6379423590898403,-0.04628662022998853,0.0,0.2911484678196643,0.9450789770967906,low,0
S0026,2025-01-15,3,mid,5,38.43279377109425,0,3,3,1,1,6.463537423123881,0.0,12.001690106623336,0.4931810914642869,0.04141861783104683,0.19826488365947914,0.28598417532857345,0.0,0.3961659184292716,0.6067702483970031,low,0
S0026,2025-01-16,3,mid,2,62.432022984743696,0,0,3,0,0,7.385039960079841,0.0,6.523556424737736,0.04514207386211888,0.08334958135760695,0.0766814372282203,0.16301945344195867,0.0,0.8959253150385381,0.555436977712262,low,0
S0026,2025-01-17,3,mid,3,56.11162474236619,0,0,4,1,1,8.902111710217387,0.0,8.728707975612837,0.963233785066177,0.348870401640493,0.2982088696133752,-0.10142325815127395,0.0,0.7238739634635536,0.9615502979670214,low,0
S0026,2025-01-18,3,mid,6,46.58131511004118,0,1,1,0,0,5.349514921763877,0.0,9.917382406218062,0.3693003454174263,0.36615200723586694,0.8277144662138602,-0.37613926302461587,0.0,0.23378610364240715,0.4232102551753223,low,0
S0026,2025-01-19,3,mid,4,45.380495062189105,0,1,1,1,0,6.5721654493815045,0.0,5.3598025363391235,0.504336841454627,0.21718987082589858,0.2665660570421816,-0.6587998933868722,0.0,0.05662921485095784,0.6191884631049116,low,0
S0026,2025-01-20,3,mid,4,49.90503728410612,0,2,5,1,1,5.566765704361554,0.0,8.917958056299575,0.9989401982890806,0.8052912829710658,0.7671441595563009,-0.48263772587190257,0.0,0.0033625071608925916,0.22598708809987755,low,0
S0026,2025-01-21,3,mid,4,46.84544684482656,0,0,3,1,1,3.9445288582642983,0.0,6.533064672120856,0.1818694324216663,0.7353901005357393,0.19902529943302727,0.23350665410343008,0.0,0.2796075010677521,0.6569821959233272,low,0
S0026,2025-01-22,4,mid,2,57.37262585163227,0,1,3,0,0,7.0909450009321455,0.0,10.338038038747207,0.8288618214680555,0.5318393946204992,0.06844769370079751,0.1319927043984881,0.0,0.3552569895602855,0.5401129428037341,low,0
S0026,2025-01-23,4,mid,6,58.404391359650916,0,2,4,0,0,5.230011261668792,0.0,8.92748551804992,0.6340014571317232,0.07142803215625126,0.17088146923828595,-0.04768840222436177,0.0,0.4466375877439763,0.7524175003792587,low,0
S0026,2025-01-24,4,mid,6,34.084184924130824,0,2,1,0,1,2.8248954591783244,0.0,8.907687373334555,0.1063574306093652,0.6481685384743745,0.9675364761781313,0.3563312512415244,0.0,0.9848146628076182,0.4343952760702914,low,0
S0026,2025-01-25,4,mid,4,46.56926501253944,0,0,4,1,0,4.233775600467334,0.0,9.78265214396302,0.0003908558469830625,0.792473750653776,0.3149716297909181,0.13517276977264991,0.0,0.2977507694939582,0.9300236971701515,low,0
S0026,2025-01-26,4,mid,4,58.8850753063049,0,0,4,1,0,1.5649246249982247,0.0,11.10090856996981,0.6940622919770036,0.8890411659337312,0.04351547765353847,-0.16560672435463708,0.0,0.5935201185448099,0.5864352035369994,low,0
S0026,2025-01-27,4,mid,5,38.16268803953291,0,1,4,0,0,5.43348017572995,0.0,5.890670532222653,0.7829355125008843,0.8295781928970478,0.666566094284733,-0.40094449547623423,0.0,0.8230465748288562,0.7421660271001266,low,0
S0026,2025-01-28,4,mid,4,46.789564112864426,0,0,5,1,0,7.633825210699763,0.0,12.609008289415883,0.4222958203031292,0.5359167851849358,0.23978192864162395,-0.06835648846669695,0.0,0.3108000880133954,0.5474579330288548,low,0
S0026,2025-01-29,5,mid,6,60.698670302918984,0,1,3,1,0,4.236087424943344,0.0,12.252430716554821,0.8304152408549265,0.33205812627144415,0.7942579282362497,-0.8603402740525485,0.0,0.6552429986709277,0.6771380805787961,low,0
S0026,2025-01-30,5,mid,6,44.09267717708887,0,3,5,1,1,5.944486922065481,0.0,14.971004940829843,0.3226836946503848,0.6669394619591322,0.08728487332546486,0.9628707754271904,0.0,0.18399726128606397,0.2754261860026169,low,0
S0026,2025-01-31,5,mid,5,40.178595502876,0,0,5,0,1,3.23410694200286,0.0,6.976871566689438,0.18645392131105443,0.33600055720760835,0.624405803249171,-0.22688366258073756,0.0,0.7123232109262922,0.9869781696879532,low,0
S0026,2025-02-01,5,mid,4,22.692323468526023,0,0,1,1,1,3.8473411523865404,0.0,7.524787245594913,0.7837063251165663,0.4174815998870841,0.001402367827722295,-0.8921194231870864,0.0,0.4393284462730619,0.06011773758483818,low,0
S0026,2025-02-02,5,mid,5,37.16188775545312,0,1,5,1,1,4.511401189471969,0.0,9.01817453818241,0.08986288473491033,0.877502171140835,0.958708733536241,-0.47640684655821985,0.0,0.3035838299353749,0.36266968441293956,low,0
S0026,2025-02-03,5,mid,7,45.27110953138912,0,2,5,1,1,6.818382489736189,0.0,10.02281826148907,0.4742903555138194,0.14254551914483882,0.2892922146309954,0.34439073131649556,0.0,0.11211581022276429,0.23174276766874213,low,0
S0026,2025-02-04,5,mid,5,42.87569199273289,0,0,2,1,1,6.072437850366367,0.0,11.543908972200072,0.23412564091857935,0.716950745316716,0.18653392183615836,-0.8139017740237415,0.0,0.5745430120502276,0.908652198783399,low,0
S0026,2025-02-05,6,mid,6,45.20468180008705,0,4,4,0,1,3.657701783848754,0.0,11.409288068902324,0.18222779037778858,0.8789647207219425,0.7058821929128382,0.7507599558381735,0.0,0.1393552582606905,0.39898040456130235,low,0
S0026,2025-02-06,6,mid,4,30.331905346071082,0,0,1,0,0,6.188711039652551,0.0,7.780310601041232,0.8025988692736613,0.3743704396074372,0.15623914067104905,-0.6681929682395042,0.0,0.9854503640090237,0.7254099365424486,low,0
S0026,2025-02-07,6,mid,3,41.620634325569384,0,0,1,1,0,5.280275607220077,0.0,11.952088272673693,0.9928560938927299,0.8538192718632904,0.9535979358149531,-0.3446744574299221,0.0,0.14933599476726644,0.7968721137951253,low,0
S0026,2025-02-08,6,mid,4,51.41161122887652,0,2,5,0,1,8.468016095572562,0.0,8.92426683171405,0.0334473099323912,0.7528309039736374,0.3612025777824961,-0.5012563668690548,0.0,0.575972250970164,0.5443312166390541,low,0
S0026,2025-02-09,6,mid,5,52.897344238534885,0,1,2,1,1,7.989958027108232,0.0,4.140025807434439,0.8852625740541523,0.3214050001761587,0.67416386896759,0.514323697644193,0.0,0.3305282346870094,0.16434118553064447,low,0
S0026,2025-02-10,6,mid,2,45.45426786961778,0,0,5,0,0,3.5314127987094737,0.0,8.604276080389116,0.08197291895332004,0.4907994627537685,0.19963477409401642,0.7102556733752023,0.0,0.0030011049332989703,0.8436387896042639,low,0
S0026,2025-02-11,6,mid,5,45.4090926550962,0,0,3,0,1,5.277390852519851,0.0,11.959752836023874,0.18675061325490594,0.8184148327034895,0.5485876145495989,0.6343929074327592,0.0,0.8148081265893166,0.08672931568579245,low,0
S0026,2025-02-12,7,mid,4,69.43202523847401,0,1,5,0,1,7.517895194583958,0.0,11.827585645526607,0.9777870424093291,0.7688308102477025,0.15731496822997504,-0.5491946873460818,0.0,0.7613896949214114,0.526987903802344,low,0
S0026,2025-02-13,7,mid,4,26.370290793808095,0,2,2,1,0,1.41627651945457,0.0,7.132557452225347,0.4467221241740047,0.21659568212892244,0.10022168466865089,-0.7028430417822749,0.0,0.1666548270035596,0.19767343821589511,low,0
S0026,2025-02-14,7,mid,6,33.00924682362452,0,1,2,1,0,5.260101896042542,0.0,8.011312716387378,0.30071127164959366,0.4932942253948803,0.22201105070883798,0.22895130755555204,0.0,0.14746883754421547,0.12290391691651081,low,0
S0026,2025-02-15,7,mid,5,40.209630822176265,0,0,2,1,0,8.012025442351376,0.0,15.671148708602413,0.11167518264933018,0.2002594523103034,0.25263974260409605,-0.023608542952388678,0.0,0.7313560480957187,0.4607253556042582,low,0
S0026,2025-02-16,7,mid,4,34.59965472127795,0,0,1,1,0,6.210450680253508,0.0,7.85525152659563,0.31346666237859466,0.6767246207299091,0.30667740526273446,0.7246862657994428,0.0,0.34710808536237947,0.8488306980840752,low,0
S0026,2025-02-17,7,mid,4,51.09373610377312,0,0,3,0,0,6.915044256825116,0.0,13.932525341599039,0.8723048135263272,0.09244321199054073,0.2802065915018167,-0.7356415484793295,0.0,0.9330951222719215,0.4266353246452571,low,0
S0026,2025-02-18,7,mid,4,50.24831744714348,0,0,3,0,0,3.999108296094602,0.0,10.86090653221697,0.23700407828993086,0.7997288349586134,0.15473200897530226,-0.34905991352031607,0.0,0.36099828983815696,0.588802568815424,low,0
S0026,2025-02-19,8,mid,4,52.09190163898744,0,0,5,1,0,6.809527803458027,0.0,12.818408461851696,0.2408926694117306,0.07392557655808463,0.8021046358609166,0.11832386310673515,0.0,0.681627530787175,0.77964106808623,low,0
S0026,2025-02-20,8,mid,3,42.25166593451743,0,1,5,1,0,2.0411262806110986,0.0,9.818336148509335,0.021024086872916903,0.023548270713650066,0.6425114228240731,-0.3254398213922409,0.0,0.4958966523296857,0.1313351770760678,low,0
S0026,2025-02-21,8,mid,3,26.04675771290924,0,0,5,1,1,4.160304569854024,0.0,7.537774408896361,0.34167401389104723,0.39735754478557894,0.37295894195781876,-0.17771109429899212,0.0,0.71003336580513,0.2455801328657352,low,0
S0026,2025-02-22,8,mid,4,41.12124161670414,0,1,2,1,0,5.324331827555597,0.0,11.384790020677142,0.1363407311833834,0.8120642007896499,0.928088295814125,-0.47443185767288343,0.0,0.143252757444028,0.3224755030425617,low,0
S0026,2025-02-23,8,mid,4,48.86872275261826,0,2,1,0,1,7.2931336726060785,0.0,10.859246813382516,0.2598000156367163,0.6528620647804121,0.11868050052868495,-0.4163801841663126,0.0,0.6565391118773696,0.8255813051447931,low,0
S0026,2025-02-24,8,mid,6,38.82126223577884,0,1,2,1,0,4.870110183244046,0.0,16.611556291336612,0.452719960490768,0.8479777172388564,0.29470441503862577,-0.9267415552725506,0.0,0.8797826435449612,0.825023953051183,low,0
S0026,2025-02-25,8,mid,3,40.180550803004834,0,1,1,1,1,3.3727603740293994,0.0,11.620827417533985,0.4574805321487663,0.14804787690345622,0.52384029691774,0.18388286493729544,0.0,0.12167330161775602,0.07551519806155815,low,0
S0026,2025-02-26,9,mid,5,33.17264649403978,0,0,1,1,1,4.085126243603058,0.0,15.263168080818511,0.34340644574795176,0.8423085646703586,0.784587482031228,0.9665521770354479,0.0,0.37193080533895206,0.9068326048570984,low,0
S0026,2025-02-27,9,mid,4,36.94617149702623,0,1,4,0,1,6.6572464225247225,0.0,9.494344262675172,0.9605402715817805,0.17024726422601666,0.28146847061804015,-0.4530841944745505,0.0,0.10062762726172103,0.48294390547129884,low,0
S0026,2025-02-28,9,mid,7,49.87511652439138,0,1,1,1,1,0.0,0.0,6.553977242986712,0.6914444274153115,0.0026611036192794035,0.586760265771483,0.21135630102455094,0.0,0.7455101371879198,0.8892304660354491,low,0
S0026,2025-03-01,9,mid,3,37.593327633508835,0,0,1,1,0,2.6726579199366456,0.0,15.000771269949382,0.5060192355366057,0.3855924967768577,0.41261102912944014,0.1912332216842414,0.0,0.06024049685717037,0.17537712498496216,low,0
S0026,2025-03-02,9,mid,4,30.940031546153396,0,1,2,0,0,4.3733181813057325,0.0,8.005438038692516,0.6691631901117117,0.20262305333212516,0.8875905625316718,-0.42302317923409993,0.0,0.33122628942364996,0.2179771799519773,low,0
S0026,2025-03-03,9,mid,4,43.72132963183789,0,0,5,1,0,5.958331856398672,0.0,12.32684289721227,0.670316580352311,0.030649328449777302,0.18431963563871068,0.92524892047402,0.0,0.4543712497901877,0.781393230224238,low,0
S0026,2025-03-04,9,mid,6,39.23679741442676,0,0,4,0,1,3.100150712407492,0.0,6.744501036688323,0.4004535132348882,0.40493109446629616,0.771409011843181,-0.7171935128422005,0.0,0.1577406158042577,0.626589051672234,low,0
S0026,2025-03-05,10,mid,3,47.39244853800135,0,1,1,1,1,6.22496842059563,0.0,4.329882209184939,0.3886477231581985,0.2594347259452876,0.9044748677107743,-0.38329851971969053,0.0,0.6984889254688219,0.3472267703568962,low,0
S0026,2025-03-06,10,mid,3,41.280610599325314,0,2,3,0,0,4.03203606472055,0.0,8.53722852905608,0.8580684448663156,0.15615474919750627,0.8626509418784305,-0.8265669831137208,0.0,0.9066442998506337,0.25635350192133743,low,0
S0026,2025-03-07,10,mid,3,48.59840829600505,0,1,4,0,1,2.910762413819591,0.0,9.206210902848472,0.630283655822188,0.8737460984085104,0.07495334419476074,0.11584654616932832,0.0,0.11499952665982394,0.026995991755201953,low,0
S0026,2025-03-08,10,mid,6,56.51280275071432,0,2,2,1,1,5.9300414011457265,0.0,9.163461030847964,0.6262865345042719,0.4925312988043108,0.5627050972700364,-0.40900931072335567,0.0,0.8553217819519134,0.7452690250335288,low,0
S0026,2025-03-09,10,mid,5,46.93270138247203,0,1,3,1,0,6.282766354806407,0.0,6.503994509219945,0.04214484981776778,0.3036916230041612,0.6739718117261148,-0.7013018690201969,0.0,0.2221990306424989,0.8790932903583893,low,0
S0026,2025-03-10,10,mid,4,65.52948439459976,0,0,2,0,1,4.871215117120786,0.0,6.352646677650316,0.4089743941380224,0.47668734142761826,0.10556082128029942,-0.7870058259099428,0.0,0.9641109527463213,0.9793677337247686,low,0
S0026,2025-03-11,10,mid,6,41.44170872596487,0,1,2,0,1,8.020658339627454,0.0,15.425989084980397,0.9235086937027556,0.7900363139762739,0.8568476646029737,0.7824572272220187,0.0,0.8012766725549804,0.3328812610571077,low,0
S0026,2025-03-12,11,mid,5,30.861687082896506,0,1,2,1,1,7.331535242616182,0.0,13.240297175746525,0.21349546941285658,0.7964950727244432,0.4565047258810149,-0.6387807749858849,0.0,0.657620003313039,0.5967269645343475,low,0
S0026,2025-03-13,11,mid,5,44.01881768559255,0,2,3,0,0,4.83757598049773,0.0,6.0985611368980654,0.09219736823784097,0.8946261889843734,0.10014913831247108,0.23311495368158885,0.0,0.3397818564453181,0.8042728854710338,low,0
S0026,2025-03-14,11,mid,3,59.00914776169296,0,1,3,1,0,6.571216762751051,0.0,9.869043126697322,0.2024120616323586,0.5143781231445309,0.2137677448698141,-0.623848974828066,0.0,0.9533881320023518,0.8177406887300978,low,0
S0026,2025-03-15,11,mid,4,41.28945669333223,0,2,3,1,1,6.548949589851345,0.0,12.590378428915775,0.4757496937303948,0.3358514024613578,0.28278071687759954,0.3587109190255633,0.0,0.9593041244452252,0.5810547189356301,low,0
S0026,2025-03-16,11,mid,5,48.687963079583,0,2,3,1,1,7.759470422173141,0.0,11.601513099244121,0.11540206962356914,0.11676969071201293,0.36612799666958806,-0.4522376529005663,0.0,0.19831415889368975,0.19869417361134523,low,0
S0026,2025-03-17,11,mid,5,35.236482489417384,0,2,1,1,1,4.045677807266022,0.0,11.794977803342283,0.7309035351707276,0.4058239963864885,0.9030749003587134,0.2535790816931911,0.0,0.9765530055956635,0.24566977572778104,low,0
S0026,2025-03-18,11,mid,4,51.318006613867446,0,1,4,0,1,2.5692780347859885,0.0,13.28964179885867,0.6872926164285389,0.4377901207300745,0.8569311828837738,-0.21509897219705132,0.0,0.4682720216565569,0.43258775691025786,low,0
S0026,2025-03-19,12,mid,4,24.69217001875109,0,2,4,1,0,7.450334320637859,0.0,9.70046687759596,0.9968561469506898,0.7948835047855191,0.024833237285976528,-0.262491658438188,0.0,0.24721063613300487,0.9641317329054393,low,0
S0026,2025-03-20,12,mid,5,49.13608264181734,0,1,5,0,0,3.661892130567942,0.0,12.55750382786512,0.8769474219396665,0.09835450569014548,0.17821841886984147,0.4412329269436035,0.0,0.17477750386324897,0.15805430190304437,low,0
S0026,2025-03-21,12,mid,6,47.03241873878442,0,0,3,1,0,8.690679754349283,0.0,12.987996893159421,0.04044118661190821,0.36713555830371325,0.26339493111835255,-0.6999922785450552,0.0,0.38965932915698154,0.35490419634743287,low,0
S0026,2025-03-22,12,mid,5,60.34777597694422,0,1,4,1,0,2.3997105732369635,0.0,11.458232293900872,0.8501362838296062,0.5488988793497203,0.733501682896137,0.3469900693740522,0.0,0.347331191831333,0.7590860502126242,low,0
S0026,2025-03-23,12,mid,5,51.744955323473995,0,1,5,1,1,4.572308304117339,0.0,9.025784935837171,0.3570982301557881,0.035316608594883614,0.14167552438632902,-0.3523064910449607,0.0,0.31048047380976407,0.8003866965598392,low,0
S0026,2025-03-24,12,mid,4,49.29405080090311,0,0,4,1,1,8.627934249909254,0.0,17.254838857487634,0.89751820574461,0.5074720064847754,0.4717893811207957,0.2163776168567828,0.0,0.5185699811623582,0.44628695613845226,low,0
S0026,2025-03-25,12,mid,4,32.97408258347483,0,0,5,1,1,6.377991892488691,0.0,11.457855012873912,0.3775686851477522,0.013309797230643627,0.2597359383744797,-0.0643766009494462,0.0,0.6940112794160505,0.3820405856867414,low,0
S0026,2025-03-26,13,mid,6,70.932551460833,0,0,3,0,0,5.071019989582796,0.0,11.14842071933344,0.2863960795959024,0.9134447462019205,0.33600063400338853,0.4598146689982969,0.0,0.14722050571811962,0.15649311409894007,low,0
S0026,2025-03-27,13,mid,3,48.63035373685658,0,0,5,0,0,4.574654286620965,0.0,18.127829945413108,0.36382917564683137,0.9232158853941174,0.3324825374259408,0.07430151288821318,0.0,0.5687134095241301,0.5274683900639227,low,0
S0026,2025-03-28,13,mid,2,42.12590990174292,0,2,3,1,1,5.134645139144194,0.0,14.542233384285026,0.6571769358449668,0.7720120654136914,0.8740993907642146,-0.21555916609413805,0.0,0.8114298926822551,0.2588368955659017,low,0
S0026,2025-03-29,13,mid,4,47.94193923171262,0,0,2,1,1,3.7288521346579047,0.0,15.027680385264865,0.07680397716570297,0.7524763922123318,0.7621872353994483,-0.4581662682190306,0.0,0.9160460189581172,0.7639697967667248,low,0
S0026,2025-03-30,13,mid,3,37.177453148463115,0,1,3,0,0,4.85522871096822,0.0,8.955292269857438,0.22166262821730165,0.26433418697598443,0.08255328623220637,0.17786336727124352,0.0,0.4720092275726361,0.750627377889779,low,0
S0026,2025-03-31,13,mid,5,33.54462374942362,0,0,2,0,0,4.995324204370852,0.0,4.78386483840842,0.9112813374256171,0.12658981600553543,0.16928912900327509,0.33850012876765523,0.0,0.37486169382239887,0.6234214019228718,low,0
S0027,2025-01-01,1,mid,4,43.26255494662877,0,0,3,0,1,4.793794672745471,0.0,7.355217489382564,0.37757734831645895,0.29488277266099727,0.9942042119223482,0.4670985879447558,0.0,0.388746992392922,0.8290218916654192,low,0
S0027,2025-01-02,1,mid,6,44.69998478779745,0,0,2,0,1,3.4659287286791303,0.0,8.639169782406823,0.9946279185057321,0.9004332274414101,0.6350124374930797,0.7830857478478919,0.0,0.9354627375078188,0.6761082918658355,low,0
S0027,2025-01-03,1,mid,6,45.50568013208293,0,1,5,1,0,7.275384872648072,0.0,9.249315388797049,0.8383919321735269,0.18514033197394753,0.14224243309572138,0.6694048703930646,0.0,0.5414342940307546,0.626769755869576,low,0
S0027,2025-01-04,1,mid,4,50.99401224212705,0,0,3,0,0,0.5322932726448064,0.0,14.567919675019517,0.556475857770807,0.1355334240282725,0.3612278755130117,0.3338076617323473,0.0,0.5585307940810273,0.5489697589118196,low,0
S0027,2025-01-05,1,mid,5,45.16810143571894,0,1,5,1,0,4.420301305816297,0.0,8.703736857362276,0.9457918497239617,0.15072390603564423,0.7427889752276653,-0.9977839531846295,0.0,0.6317121026751724,0.4946004218427229,low,0
S0027,2025-01-06,1,mid,6,43.87155113951744,0,0,5,1,1,4.374990503002078,0.0,8.35373164024304,0.21997000410865464,0.8739856201488354,0.9863581803892595,0.6333473246636048,0.0,0.7298489027491885,0.5886241399273142,low,0
S0027,2025-01-07,1,mid,3,48.228168381267515,0,0,5,1,0,6.204550156604157,0.0,13.946295058237242,0.3960817432142243,0.5824657306508773,0.48508980496859955,-0.4521300430422319,0.0,0.29857274670803435,0.8744797064560551,low,0
S0027,2025-01-08,2,mid,3,32.26717737007455,0,2,4,1,1,4.262224722850114,0.0,12.670927486076767,0.43099978915242965,0.4189619245283227,0.44026688246399714,0.7784215900217331,0.0,0.24912069956979987,0.8021950709593233,low,0
S0027,2025-01-09,2,mid,3,45.926746264404066,0,1,3,0,0,3.465193455664405,0.0,11.120006616109816,0.3542397241465354,0.8016887159973262,0.23675823459983003,-0.013419270192786659,0.0,0.630630605982971,0.6711623533076001,low,0
S0027,2025-01-10,2,mid,5,49.0680618763089,0,1,5,0,0,4.174782851304167,0.0,12.151330284600732,0.6750686766869876,0.717800634459294,0.43148363627537933,0.7274865718819328,0.0,0.6902293535090397,0.6581546851527181,low,0
S0027,2025-01-11,2,mid,4,31.1593379625061,0,1,3,1,1,4.744569051807428,0.0,9.9202925472663,0.2848985175544988,0.13567262696898819,0.25023032345282514,-0.2758239639262501,0.0,0.6766556523211553,0.3241699952981798,low,0
S0027,2025-01-12,2,mid,4,51.711519228447926,0,0,3,1,0,0.49738141519372014,0.0,6.849722150860418,0.06890088109852621,0.7333210687819185,0.6946525257766999,-0.24851890113048447,0.0,0.6917635496838798,0.36745176051338124,low,0
S0027,2025-01-13,2,mid,5,42.366196513291825,0,2,2,0,1,3.5370051661069457,0.0,7.883522403750549,0.7154074548264956,0.17965729560264232,0.39940899974612243,-0.4152263553714961,0.0,0.16871045675694862,0.5797072390978936,low,0
S0027,2025-01-14,2,mid,4,22.88432422885436,0,0,2,0,1,2.5352359930346196,0.0,7.653810156281006,0.4344035721190338,0.463576627238672,0.5296669163295151,0.9351365639638793,0.0,0.9046918080457035,0.6093926309870537,low,0
S0027,2025-01-15,3,mid,5,40.55986404743112,0,0,4,1,1,7.346619753692957,0.0,9.676707384387067,0.8730405898176904,0.3568182398420221,0.3768549083929328,0.016481417374800467,0.0,0.04224349504212166,0.995768296964466,low,0
S0027,2025-01-16,3,mid,4,23.137524211362287,0,1,3,1,0,6.498921079381654,0.0,15.543007306355666,0.6565106489473632,0.11552401230774445,0.47601803788410735,-0.28596271182291755,0.0,0.9733686162401218,0.04962393417946742,low,0
S0027,2025-01-17,3,mid,5,43.586418228840486,0,2,3,1,1,4.899093021565365,0.0,5.757240651914074,0.15764766294782695,0.6927151426942982,0.8207672211397983,0.4090397872552869,0.0,0.4402837136399823,0.8783876662526462,low,0
S0027,2025-01-18,3,mid,4,38.7446163973533,0,1,1,1,1,2.444315703546452,0.0,7.969285063552199,0.9957278554586683,0.7832503403884064,0.8600170700111065,0.8442937937013215,0.0,0.6650009915983244,0.17597656758856461,low,0
S0027,2025-01-19,3,mid,5,39.28578989348581,0,1,1,1,0,6.233855021373651,0.0,5.761569460173437,0.40502149582763025,0.6353496397359579,0.4738708957310208,-0.029055699520533107,0.0,0.7358820919073593,0.6137257460639758,low,0
S0027,2025-01-20,3,mid,4,27.32013562400221,0,0,4,1,0,3.3187073918419747,0.0,8.639173420014686,0.9778466457450338,0.012021367630408952,0.35239534051296095,-0.3944478453274993,0.0,0.6573735915817531,0.056377966747045094,low,0
S0027,2025-01-21,3,mid,4,58.636296323685535,0,1,1,0,0,5.2121609923125565,0.0,14.134842441239744,0.26364431327831417,0.14157249139281336,0.16050312793241428,0.7338693078915974,0.0,0.12357809563038868,0.38469407304656844,low,0
S0027,2025-01-22,4,mid,5,41.126131252502454,0,2,3,1,0,7.807630661787362,0.0,6.22917899385925,0.6358944510193315,0.7864818328491411,0.7119184372504321,-0.9764405320559659,0.0,0.30921709250367235,0.8702334778779205,low,0
S0027,2025-01-23,4,mid,4,45.95124382069408,0,0,2,1,0,9.2763391007044,0.0,13.162218107060712,0.36706469060004154,0.06031038402439881,0.07524828299677855,-0.15923491674447843,0.0,0.17749387840959563,0.10426255953439545,low,0
S0027,2025-01-24,4,mid,5,36.27265179890722,0,0,3,1,0,5.149152304072254,0.0,10.090199162935578,0.3100089645699209,0.015292314067509527,0.7348674669691331,-0.9860393510877459,0.0,0.872533649182167,0.05630125210356984,low,0
S0027,2025-01-25,4,mid,3,60.08369699909448,0,0,2,1,1,3.5510590119579524,0.0,13.093876066125734,0.5274697820545158,0.9023757937295046,0.06824903723486109,0.8110573387144389,0.0,0.7287779392892474,0.7698448289394675,low,0
S0027,2025-01-26,4,mid,6,50.788328075924255,0,0,4,0,1,7.390919052218014,0.0,5.925776721468775,0.889004846071096,0.12549091812332158,0.4503076524722278,-0.15361238699297375,0.0,0.32379523839392144,0.4801667655006995,low,0
S0027,2025-01-27,4,mid,3,51.64924922908139,0,1,2,1,0,2.9424834803269984,0.0,6.13563891991333,0.007313118967184562,0.29707886376164794,0.4723053741600084,-0.6539852595652786,0.0,0.8055845768530014,0.5376370221285753,low,0
S0027,2025-01-28,4,mid,4,47.865678502677106,0,2,3,1,1,4.6249505941993005,0.0,16.470263465871064,0.7583320868344338,0.42567748099057134,0.1275984068329381,0.7441073076616509,0.0,0.08288847114532227,0.18896464253538203,low,0
S0027,2025-01-29,5,mid,5,18.21857614146854,0,3,2,0,0,5.148940917438928,0.0,14.07365343393177,0.82612945831933,0.9921866035790415,0.6467267842697623,0.05762716766939513,0.0,0.3651578542652266,0.1946964424786476,low,0
S0027,2025-01-30,5,mid,4,46.82827615829735,0,3,5,1,1,5.768474428951283,0.0,13.302907187448795,0.17657897248946397,0.8063049805831936,0.6581294714872123,-0.3317614607031236,0.0,0.3761962719617392,0.15588816318704835,low,0
S0027,2025-01-31,5,mid,5,57.63433634219652,0,2,5,1,0,5.116323423408363,0.0,9.481516132970754,0.6338794681883207,0.2108019029289856,0.14940644488669474,-0.7086305972267866,0.0,0.9532414133186423,0.6935045286247415,low,0
S0027,2025-02-01,5,mid,3,53.370230063709315,0,1,1,0,0,7.563717340834292,0.0,8.082491516736786,0.5364187993430671,0.21203916711678672,0.4673820005833387,0.1867376051773495,0.0,0.8661949714288175,0.8337176000659972,low,0
S0027,2025-02-02,5,mid,6,35.61386197063661,0,0,4,1,0,5.388319191389993,0.0,7.247341244974195,0.8484757218061642,0.9544490866568287,0.8605822260457793,0.3552262705929117,0.0,0.20052507758923577,0.07262147397896235,low,0
S0027,2025-02-03,5,mid,5,39.86064099036946,0,0,1,1,0,6.782994069041639,0.0,5.586206649691647,0.28354894516642437,0.393535877619517,0.5492374758022005,0.22370500527289505,0.0,0.7704579495200881,0.791683814889249,low,0
S0027,2025-02-04,5,mid,4,45.35588817017308,0,1,4,0,1,2.534074202757217,0.0,11.021597440635917,0.030502777419315397,0.33496069730521416,0.26610408305406574,0.5775417976315083,0.0,0.37368054107810045,0.7329587803851965,low,0
S0027,2025-02-05,6,mid,6,29.038373789532365,0,1,1,1,1,4.352122485944476,0.0,4.923559121856633,0.9338833698052615,0.10974681270993614,0.7452831283954352,-0.21510272259784124,0.0,0.024100747079896623,0.9391330670147382,low,0
S0027,2025-02-06,6,mid,5,40.98039542679529,0,1,2,0,0,4.728290205814616,0.0,8.954447602120547,0.8316253557695383,0.2571892117767429,0.4719350137913282,-0.9640453376476141,0.0,0.07887931648364421,0.6079660485407071,low,0
S0027,2025-02-07,6,mid,5,35.41357826899945,0,2,2,1,0,6.885779467663816,0.0,9.546913800255682,0.7174024842865783,0.20581220777616338,0.04572701036958993,0.4183117276045323,0.0,0.8458275533902921,0.7009936206550276,low,0
S0027,2025-02-08,6,mid,3,52.36787699865026,0,1,4,1,1,6.433423203071781,0.0,14.221341876021938,0.3865392921383477,0.2168611327960016,0.9256145840098308,0.02965956311604301,0.0,0.48109988120793934,0.9961040885935457,low,0
S0027,2025-02-09,6,mid,6,41.62276401906324,0,1,5,0,1,9.788039629956568,0.0,9.94087213480626,0.7760882474480342,0.9429421182236386,0.915170628945463,0.880271640109737,0.0,0.03212514825947277,0.7117741338304677,low,0
S0027,2025-02-10,6,mid,4,39.3306919216232,0,1,5,1,0,0.37906039266413316,0.0,8.515765578734694,0.7945675639553159,0.8106502702634909,0.7146005883484329,-0.8327969985280588,0.0,0.34511071398874016,0.04675018532118891,low,0
S0027,2025-02-11,6,mid,6,31.661967825679568,0,1,2,1,0,6.75898302257142,0.0,7.692057697436186,0.09846024547938159,0.5604533636006545,0.6235316532441113,-0.5863368378697094,0.0,0.826011350499621,0.6154321252076775,low,0
S0027,2025-02-12,7,mid,4,67.20351794126492,0,2,4,0,1,7.1899374703870285,0.0,10.382539252787499,0.4530016810206092,0.6056102655730189,0.8277931524110537,0.09512271620870916,0.0,0.7314691615143304,0.3472723818654734,low,0
S0027,2025-02-13,7,mid,5,34.944884901972046,0,2,4,0,0,5.044756268128634,0.0,11.23839963248417,0.26069735907690117,0.5734710677649978,0.6906103562406164,-0.5834393811511738,0.0,0.7191893476094225,0.5874328588843919,low,0
S0027,2025-02-14,7,mid,3,53.97615516863622,0,0,4,0,1,6.368782414198565,0.0,12.881893309288087,0.6783665789277832,0.05618190589222771,0.7495361853520552,0.27620895960404823,0.0,0.3024113962510496,0.8201014861786712,low,0
S0027,2025-02-15,7,mid,6,23.26673692621789,0,1,3,0,1,3.247137030439186,0.0,7.306682636330173,0.9293680900023313,0.6576356228668495,0.11430755388435632,-0.7128294597361315,0.0,0.2723674327202794,0.5939956878266328,low,0
S0027,2025-02-16,7,mid,4,54.312116687382726,0,1,2,0,1,4.66449306490991,0.0,13.947090264603482,0.9337987579698493,0.4802463730654648,0.2520599401273341,0.18607043503194065,0.0,0.6580055798004539,0.5073911430023952,low,0
S0027,2025-02-17,7,mid,4,60.93252053891986,0,0,3,0,1,3.6578256031938956,0.0,8.707898280081068,0.6994903745971763,0.8216821559219019,0.0640774931263467,-0.7892133850604259,0.0,0.09017382358204584,0.04695930332251119,low,0
S0027,2025-02-18,7,mid,5,62.57504881771776,0,1,3,1,1,2.209667378388681,0.0,10.426151198053768,0.6392201393146713,0.1313425258350398,0.14869381066578546,-0.3435895167441363,0.0,0.4019064240728306,0.49855965051738727,low,0
S0027,2025-02-19,8,mid,4,69.70871637144342,0,0,1,1,0,5.795122606743568,0.0,9.30314448469463,0.3697879475213254,0.7989920885333458,0.03166561296263626,-0.5356615706267818,0.0,0.3455847928841226,0.6715740633102042,low,0
S0027,2025-02-20,8,mid,4,44.12577686130105,0,0,5,0,1,5.987072659754834,0.0,14.105302692605008,0.5070084289612892,0.5505917102484348,0.6520850506917114,-0.24632129897621535,0.0,0.7822947645757953,0.9092209435929588,low,0
S0027,2025-02-21,8,mid,3,56.68532983719231,0,1,2,1,1,8.286912642805836,0.0,10.585916714445396,0.2778459250782388,0.05098954029729019,0.48916243789993974,0.6672488869306243,0.0,0.2515343723913782,0.7170131137711079,low,0
S0027,2025-02-22,8,mid,4,43.66836884011299,0,0,1,1,1,5.429945485335964,0.0,10.880498922150721,0.027997742820626836,0.06544250232505389,0.525744605118544,-0.7407619603101747,0.0,0.46103423915715147,0.9546302985644676,low,0
S0027,2025-02-23,8,mid,4,26.17054145305962,0,1,4,0,0,5.5935036034038665,0.0,11.025884540175706,0.7891896888706404,0.770919609317896,0.459437493461579,0.4577815450644165,0.0,0.3872048178721178,0.10070958018948017,low,0
S0027,2025-02-24,8,mid,3,41.54751733478692,0,1,2,1,1,5.128044268151589,0.0,6.452620708371753,0.932956165965589,0.5358801788913118,0.12293983763239669,0.6483260493337641,0.0,0.22174488716294272,0.37021697589421165,low,0
S0027,2025-02-25,8,mid,3,36.68701695914239,0,1,3,1,1,3.4426573047202362,0.0,8.527690527990881,0.2721284710741687,0.10092697502848458,0.9266954163079961,0.7452483040444944,0.0,0.3084917169851523,0.24698781593186703,low,0
S0027,2025-02-26,9,mid,5,46.85343103366913,0,1,5,0,0,4.908878486849179,0.0,9.372606685805067,0.7897447263329782,0.8380909936850034,0.4776079326286701,-0.535032496534295,0.0,0.599704717686159,0.2637780315573015,low,0
S0027,2025-02-27,9,mid,5,38.89221102358304,0,0,2,0,1,8.329365895267678,0.0,9.457921193535778,0.25753997103210724,0.1817823474371374,0.0027081417032247534,-0.024076347563434908,0.0,0.9286174719894418,0.2814871771809557,low,0
S0027,2025-02-28,9,mid,5,40.37772008984178,0,0,4,0,0,2.5060109057346938,0.0,9.72747498471358,0.0902018805848559,0.7489908777485041,0.24566676005958266,0.6008481908644989,0.0,0.7584472820401965,0.1983788707142915,low,0
S0027,2025-03-01,9,mid,4,58.467262735429195,0,0,5,0,0,3.1891614976531244,0.0,5.437917180049847,0.7913650043371449,0.6619640186141184,0.44610609312384286,0.1550326261698789,0.0,0.7668587553202292,0.7457837451961883,low,0
S0027,2025-03-02,9,mid,4,35.82421614590669,0,0,3,0,1,5.904357263240625,0.0,8.565180073303978,0.5459204513924711,0.34165802698718084,0.6083444456294648,0.47966825069358343,0.0,0.35442778302086264,0.46607484153497447,low,0
S0027,2025-03-03,9,mid,5,38.43104103503033,0,0,1,1,0,4.9784608005188,0.0,12.815863683289288,0.7076304183673487,0.4626767905128196,0.30876329451484585,-0.6702672426469392,0.0,0.5181622876347275,0.9298895682325611,low,0
S0027,2025-03-04,9,mid,4,33.806174617820254,0,1,3,0,0,3.752789776742345,0.0,10.584281443240169,0.17533542748427444,0.42815375424538693,0.9763747693579876,-0.3311826028325706,0.0,0.6299754625157743,0.9889060331995939,low,0
S0027,2025-03-05,10,mid,4,39.80179625443829,0,1,2,0,1,1.652466265862849,0.0,7.521557790837846,0.5710528148843779,0.009330354860669132,0.7110638084011273,-0.030020515013951643,0.0,0.7006892058862217,0.44780621364633166,low,0
S0027,2025-03-06,10,mid,5,44.372541241826454,0,0,2,1,1,3.1219882265215393,0.0,9.751964587588889,0.8463074827157793,0.5476347821046144,0.6024695719473855,0.8749825393894708,0.0,0.5591514849392553,0.0055835306779890015,low,0
S0027,2025-03-07,10,mid,4,51.7893715936758,0,1,5,0,0,3.0198226420840673,0.0,8.31215467048484,0.39584110545795925,0.12405362234132,0.4702168447400632,0.35110830929261283,0.0,0.36884861972274774,0.1736114959407108,low,0
S0027,2025-03-08,10,mid,6,42.21624806966912,0,0,3,1,0,3.567817858806627,0.0,11.141714541628877,0.9674541207172768,0.7789855019715402,0.29816305216677386,-0.9149048614587287,0.0,0.7113031723789262,0.7343590449698332,low,0
S0027,2025-03-09,10,mid,5,35.41947290185652,0,0,2,1,1,6.201789376582195,0.0,10.12800398753521,0.03691764307734302,0.29204874580005813,0.0695089173342438,0.7583952704794379,0.0,0.5939011536611077,0.534969612357899,low,0
S0027,2025-03-10,10,mid,4,33.966578782200095,0,1,2,1,0,4.159580009010794,0.0,16.896566846076823,0.9985411699220806,0.38792077539161307,0.9572866979138861,-0.19243899209636983,0.0,0.6817004909161338,0.6436612688452283,low,0
S0027,2025-03-11,10,mid,5,41.503431487999485,0,0,3,0,1,5.239851443086464,0.0,6.972439234983787,0.8621951380326188,0.68512197215053,0.8187251375359647,-0.46732965121990344,0.0,0.8859786512970257,0.3770391745762707,low,0
S0027,2025-03-12,11,mid,4,56.73152117682379,0,0,4,0,0,5.285989252781245,0.0,10.186330217296144,0.34999553316431853,0.6275952334376038,0.5116845535732921,-0.035963684275627905,0.0,0.6323736361604201,0.31033881448621226,low,0
S0027,2025-03-13,11,mid,6,56.34623556467194,0,2,3,1,0,6.011038731799447,0.0,14.661390839319886,0.358191215252584,0.0791423959330193,0.6047365098467405,-0.9471202338521738,0.0,0.5012820991460075,0.604208575793655,low,0
S0027,2025-03-14,11,mid,4,33.45502773106881,0,0,5,0,0,6.035941021530628,0.0,9.570019633010041,0.7610199623959116,0.16845985952797826,0.04546518787720233,-0.5710320842593555,0.0,0.7787511242876262,0.6316968812258842,low,0
S0027,2025-03-15,11,mid,5,36.63167353287645,0,0,2,0,0,3.1368359499924505,0.0,12.990025011315176,0.5394931913618732,0.7648139183852454,0.033479330144107644,0.38967636219804525,0.0,0.43486679047315413,0.4396728718781162,low,0
S0027,2025-03-16,11,mid,5,39.27777393746845,0,1,5,1,0,4.576328787316257,0.0,14.905347363037832,0.017225327367926035,0.5431934078103361,0.6251852187612016,0.9624148374371233,0.0,0.04079284826061769,0.5120969574551338,low,0
S0027,2025-03-17,11,mid,3,50.61251440110129,0,2,1,0,1,5.58193274243094,0.0,2.854949703982806,0.9631518126056334,0.8438250021003479,0.9166133327299425,0.640003082989655,0.0,0.5891145784558274,0.8607868045320124,low,0
S0027,2025-03-18,11,mid,3,53.986503957581576,0,1,3,0,0,5.454356459443291,0.0,6.538327496440547,0.10265614574843696,0.202046124795901,0.23467702401188406,-0.11215093357273931,0.0,0.04561196412363622,0.4997709716929386,low,0
S0027,2025-03-19,12,mid,6,49.156734300289436,0,0,4,1,0,6.075531048989509,0.0,12.762925632765537,0.8378336819208785,0.38376029455376637,0.5958102847300942,0.03091089839382133,0.0,0.4747265484434591,0.28810320977117276,low,0
S0027,2025-03-20,12,mid,5,63.47602546882723,0,0,1,0,1,4.595797959460898,0.0,8.007662598090434,0.3056656871801583,0.15664237860901487,0.5154493017802869,0.9403628266057906,0.0,0.16069663871089002,0.2505914641987719,low,0
S0027,2025-03-21,12,mid,7,39.231836251319294,0,1,3,0,0,7.470693873334515,0.0,14.174557224986028,0.910744294761265,0.9479343060566305,0.17849332795702988,-0.013152317869418173,0.0,0.9414498501496531,0.38211283099159055,low,0
S0027,2025-03-22,12,mid,4,42.681913896059164,0,2,1,1,0,5.262535983456518,0.0,14.10105064673095,0.5254581735645378,0.7487546184761863,0.3416687815704901,0.5237385517239042,0.0,0.4850083799932724,0.6379174029114649,low,0
S0027,2025-03-23,12,mid,4,50.32043697597346,0,2,1,0,1,5.7018302615620025,0.0,9.174457703124645,0.11348783995282907,0.563129065384929,0.8141508492341352,0.16180988560081833,0.0,0.3268964954956797,0.7813550602660596,low,0
S0027,2025-03-24,12,mid,3,44.96933332859417,0,0,2,0,1,5.770939258223642,0.0,11.00646022949793,0.4426262199413228,0.35898293802478554,0.4554332660505255,0.30559040524853254,0.0,0.36715915288681833,0.7749882886977527,low,0
S0027,2025-03-25,12,mid,4,50.155868453535184,0,3,3,1,1,2.92138896306346,0.0,9.886285539610402,0.9701071595266532,0.6242302240327905,0.5170984041924045,0.7708991703908497,0.0,0.4213562096535759,0.5636413510583691,low,0
S0027,2025-03-26,13,mid,4,55.32382670530824,0,1,3,1,1,5.314465531377983,0.0,15.897076889662863,0.32543375684088616,0.28263952367638867,0.9287598625071047,0.8238517918396744,0.0,0.5131348400537792,0.2584951955351392,low,0
S0027,2025-03-27,13,mid,3,47.241707661679115,0,0,4,1,1,5.400022479888934,0.0,12.755852816169227,0.723292123842446,0.3640704708649324,0.49623817921693947,0.45925371302005846,0.0,0.7276582273722945,0.42452626456950415,low,0
S0027,2025-03-28,13,mid,5,45.81969204663836,0,2,5,0,0,7.288941757411257,0.0,11.445969722225978,0.14546498130951924,0.3005683913916942,0.19897271857499643,0.5636448495975903,0.0,0.8012085419569314,0.25594386145318637,low,0
S0027,2025-03-29,13,mid,5,60.00846285441675,0,1,3,0,1,6.410201098833128,0.0,12.862102116168662,0.26930586714599547,0.09743516310154798,0.0001800389839627936,0.19343770476297784,0.0,0.21136374645364886,0.012582470101539123,low,0
S0027,2025-03-30,13,mid,5,43.915144381608506,0,2,1,1,1,2.4730766185195514,0.0,13.108884697598238,0.07853855535019139,0.36576097752544,0.4021573568169544,-0.4594552768772113,0.0,0.21548539053986127,0.3555087074308265,low,0
S0027,2025-03-31,13,mid,5,46.470591083026555,0,2,3,1,1,4.003678234448387,0.0,14.50023292631015,0.9137260089766872,0.6441592857933977,0.5643431117117426,-0.8590858903482457,0.0,0.730411905137798,0.6860403655129582,low,0
S0028,2025-01-01,1,mid,7,30.562093793196695,0,1,5,0,0,3.3409294310790374,0.0,12.973666548530694,0.9092987444150288,0.08922501605423361,0.8885777358366771,-0.9947574681628746,0.0,0.5219778730189087,0.3355638475011332,low,0
S0028,2025-01-02,1,mid,3,26.146612145262388,0,1,5,1,0,2.5081952997815558,0.0,9.371019961906812,0.9548602930190968,0.2662755399264667,0.7984282656340606,-0.6124116673221303,0.0,0.4231727292215899,0.49042253977481187,low,0
S0028,2025-01-03,1,mid,8,46.423632915909295,0,0,2,0,1,7.947185185679766,0.0,7.124863982615466,0.9453648914811268,0.019782356080236596,0.2607681578812826,0.5299313837274466,0.0,0.173393834889621,0.11145511881589609,low,0
S0028,2025-01-04,1,mid,5,38.77425130202547,0,2,4,0,0,4.6818084465726395,0.0,8.741803407181344,0.6430799904961604,0.16816602357360644,0.6318767510068914,0.9438980751764297,0.0,0.8641999195019898,0.3568348545829877,low,0
S0028,2025-01-05,1,mid,3,27.968940899398607,0,4,5,1,1,4.302043504873381,0.0,13.304011109831638,0.4471713786004954,0.11966177707506576,0.9378729837169387,0.8864687265332849,0.0,0.2544412678607295,0.696007810973377,low,0
S0028,2025-01-06,1,mid,4,32.22394225491825,0,0,4,1,0,4.222143736120995,0.0,12.000051875194814,0.2454982591265602,0.4983751980993507,0.07120450525649369,-0.23138597401343364,0.0,0.35567596810974367,0.16010155570177353,low,0
S0028,2025-01-07,1,mid,4,55.06564637996487,0,2,5,1,1,5.336119386593857,0.0,12.251702939823478,0.3532953166521311,0.041913590357765096,0.4134865527904017,0.7345990694170446,0.0,0.9698233378530045,0.08492838530256253,low,0
S0028,2025-01-08,2,mid,4,53.35739631855476,0,1,5,0,0,5.065464503091991,0.0,6.617491726052454,0.33756613621897247,0.3517719555513247,0.6449855368403822,0.7712161984590078,0.0,0.5585917308556443,0.6876025108296356,low,0
S0028,2025-01-09,2,mid,5,64.89845009566584,0,0,1,0,1,6.185376365178952,0.0,10.212803807145516,0.8782922892223848,0.1068597354907056,0.056991166520183434,0.7475415755464792,0.0,0.6130150722099382,0.30432104108857383,low,0
S0028,2025-01-10,2,mid,3,48.24763703310934,0,3,5,1,1,3.8359898082295953,0.0,8.405875580107152,0.7177317212848661,0.5504748947281605,0.5572059106820489,0.5050306469187091,0.0,0.85497079302179,0.23896390060871675,low,0
S0028,2025-01-11,2,mid,6,47.11799200441493,0,1,3,0,1,4.8877164214267435,0.0,11.999809287168645,0.41857379055602484,0.01308434873421016,0.05101468292135114,0.33739185894944734,0.0,0.5898270687249965,0.5755282984954038,low,0
S0028,2025-01-12,2,mid,4,37.02392953849579,0,1,3,1,1,3.693526579254531,0.0,13.41389383629027,0.4536997923966324,0.6283540178702621,0.6240799619903509,0.03552040680680624,0.0,0.3284747097504652,0.6699246460955796,low,0
S0028,2025-01-13,2,mid,4,47.57682657388619,0,0,5,1,1,2.261128776757143,0.0,8.499675675913824,0.22156151740454288,0.11898584399968082,0.6495511839914658,0.4926870198214235,0.0,0.6767939100230562,0.9246564576191528,low,0
S0028,2025-01-14,2,mid,4,36.46054843216555,0,0,2,0,0,8.333816776407119,0.0,10.30413597715819,0.029690928418485196,0.2562207961778389,0.7944503711399229,0.8774008873787689,0.0,0.8760878249181666,0.7164933689685883,low,0
S0028,2025-01-15,3,mid,4,34.299663875115485,0,0,4,0,0,2.1314885400584505,0.0,8.216241242956915,0.9835720017720195,0.25325726946227367,0.02376275621805035,0.024936827176955667,0.0,0.3770504930509154,0.2613825034292645,low,0
S0028,2025-01-16,3,mid,3,58.809449925788094,0,1,2,1,1,3.5459128493827143,0.0,5.387057694247254,0.590939874300679,0.020930649066047247,0.8866109145985852,-0.7778719035550283,0.0,0.04755789988471726,0.2150352867047437,low,0
S0028,2025-01-17,3,mid,2,45.28005593422683,0,1,4,0,1,4.178869355752381,0.0,8.912908132307955,0.6646950660295098,0.40950693438925534,0.7099984605701809,-0.48679955307352807,0.0,0.3248718810667669,0.8966776491853906,low,0
S0028,2025-01-18,3,mid,6,29.409036789184718,0,0,1,0,0,2.4396055041491653,0.0,9.09595658983936,0.17707190568650621,0.10907695168933951,0.5942601104162372,0.47860274604215247,0.0,0.05684460229254418,0.2755518419559776,low,0
S0028,2025-01-19,3,mid,3,61.20185751938257,0,2,5,1,1,1.3739768349209678,0.0,11.699815622439019,0.46606424817977765,0.23620352703067238,0.16812569424917212,-0.01292944713593469,0.0,0.7366839888607118,0.22246482603787088,low,0
S0028,2025-01-20,3,mid,6,48.12489609370954,0,0,3,1,0,4.959615478576476,0.0,12.064274217052933,0.06430617505369707,0.8301268131689851,0.5693441590496388,-0.8894305649230629,0.0,0.4508965706146897,0.4344030426365766,low,0
S0028,2025-01-21,3,mid,4,33.94751906735377,0,0,1,1,0,5.7145711601180444,0.0,9.866112333850552,0.6597239388241021,0.3554106637330833,0.1460975844531699,0.9277452112915219,0.0,0.013986361873149722,0.6813875706131435,low,0
S0028,2025-01-22,4,mid,3,63.03654811853507,0,2,4,1,1,3.755455636163075,0.0,9.735146033117362,0.9496614344916325,0.07248005282435932,0.348109591164924,0.19289459554331945,0.0,0.11753670763743307,0.838206326589268,low,0
S0028,2025-01-23,4,mid,5,52.57055593934085,0,1,2,0,0,5.114728909669602,0.0,13.953985688841177,0.3070249222420519,0.09175947662971984,0.32369680300831727,0.7602350281301968,0.0,0.7119611738837694,0.7858299098710125,low,0
S0028,2025-01-24,4,mid,4,47.995575272895906,0,0,5,1,1,5.53896958704248,0.0,13.234279939935373,0.3422829927796416,0.5264778978633755,0.26131339157828903,0.1676846346943499,0.0,0.07463088323589862,0.9026506989645513,low,0
S0028,2025-01-25,4,mid,5,39.42314330964465,0,1,4,0,1,7.653390365953232,0.0,11.941011917081767,0.47214485138211926,0.10529260653780537,0.2448050134848131,0.35934474020172735,0.0,0.8954373855003152,0.42160860700048863,low,0
S0028,2025-01-26,4,mid,3,48.32424711020455,0,1,1,1,0,5.000240680955975,0.0,7.89674378519907,0.9908556236153736,0.30787026186594146,0.4929581004896423,0.3040648873480807,0.0,0.2022656003798956,0.7025072103650418,low,0
S0028,2025-01-27,4,mid,3,59.95821528731317,0,0,2,0,1,2.7075273858018174,0.0,7.7840649257261605,0.9931707691262446,0.38722554544305443,0.9405089804995984,-0.21905305229402106,0.0,0.20409167874066092,0.11920633068271114,low,0
S0028,2025-01-28,4,mid,4,49.767776914387284,0,0,4,0,1,7.593056943501804,0.0,10.216283099961094,0.8578790430830735,0.5445226309282789,0.9371574856798817,-0.9396596138860194,0.0,0.010096009828537644,0.08145936416467292,low,0
S0028,2025-01-29,5,mid,4,38.50145814721256,0,3,5,0,1,8.347412127632232,0.0,10.363111440218594,0.5586924642532988,0.41887183922356286,0.844922063927097,-0.4251142404104964,0.0,0.48148692792446013,0.9781472706382006,low,0
S0028,2025-01-30,5,mid,2,49.06953863059865,0,0,5,0,0,3.5812999233966734,0.0,8.431649581009243,0.3815290177381846,0.5298498091667391,0.09744032982041462,0.1434929460970531,0.0,0.01534837476262152,0.8918690605930867,low,0
S0028,2025-01-31,5,mid,5,48.44497786503369,0,1,1,0,1,8.316058293935624,0.0,7.353507358761985,0.05597735431240225,0.5143052068109943,0.4083973274063898,0.054969682571237355,0.0,0.8602266330915478,0.04761013755705823,low,0
S0028,2025-02-01,5,mid,5,56.60357746809222,0,0,4,0,0,1.3163208508514415,0.0,8.393781223765089,0.4332314210950441,0.2505247399255255,0.9653174124276419,-0.38855003185381665,0.0,0.653274912064223,0.1374474895987885,low,0
S0028,2025-02-02,5,mid,5,57.91504405634044,0,2,5,0,1,6.7650925175411905,0.0,7.578726151668654,0.6451409688105455,0.6951450674263296,0.42891966501004,0.8891571925267863,0.0,0.4796562499875967,0.12159178939911985,low,0
S0028,2025-02-03,5,mid,4,48.83312202036289,0,0,5,0,0,3.0220800395057887,0.0,8.669875127772672,0.7908143644177031,0.4684916204381272,0.4544490395884294,0.7727259068084027,0.0,0.53882436044413,0.7098960958650233,low,0
S0028,2025-02-04,5,mid,5,26.088917487518497,0,1,4,1,1,8.435001122050346,0.0,8.407895311938468,0.31690436982446835,0.7145027467002218,0.5511140740446504,-0.5087922897516954,0.0,0.6682754669740317,0.8847643940374242,low,0
S0028,2025-02-05,6,mid,5,39.18380906558787,0,0,5,1,1,4.036178067238076,0.0,10.004955151397308,0.47257909961525946,0.898840907120012,0.7485760125748094,0.8879118473035121,0.0,0.22664677375652043,0.5310858164052937,low,0
S0028,2025-02-06,6,mid,4,24.880000318938905,0,1,5,1,1,4.006639352277867,0.0,6.630092626341335,0.7506657635482328,0.8077198893210598,0.7954129807355762,0.3901657008108439,0.0,0.5418123146048,0.5506302942753012,low,0
S0028,2025-02-07,6,mid,4,66.29427121953776,0,1,1,1,1,4.317933868962077,0.0,14.035874237086558,0.642377711857777,0.2869748254212975,0.14287325935817097,0.35062318357149147,0.0,0.4503245881466591,0.23516970106998092,low,0
S0028,2025-02-08,6,mid,5,34.34425689813915,0,1,5,1,0,7.437714332024757,0.0,7.5872302313384035,0.6601435196470793,0.2705236269039125,0.12213500154693313,-0.9150531501055161,0.0,0.8379151799192857,0.07514194956786002,low,0
S0028,2025-02-09,6,mid,4,40.612017695908456,0,1,1,0,0,5.973417694873182,0.0,5.508438147033852,0.7404206855419203,0.09530936338895224,0.20706984674057682,0.98379642905813,0.0,0.33765764343728444,0.28404076706597936,low,0
S0028,2025-02-10,6,mid,5,39.65348336008265,0,1,4,1,0,5.168492197358346,0.0,10.033169656602452,0.028612727941797145,0.9149721609463799,0.8418907615823042,-0.16931435067968525,0.0,0.8809463536383627,0.6485612423728492,low,0
S0028,2025-02-11,6,mid,5,54.14311258973591,0,0,1,1,0,4.97075931452209,0.0,7.365460046249414,0.5213745754024134,0.8045334263778923,0.26635851558884704,-0.861255360121066,0.0,0.3137588102684197,0.9839278290642609,low,0
S0028,2025-02-12,7,mid,4,53.46111556697224,0,1,4,1,1,6.445980716221838,0.0,11.9598585594828,0.20832099757360456,0.19222544233999894,0.9806828152844935,0.39018343852778314,0.0,0.6867097979793864,0.2861879710502663,low,0
S0028,2025-02-13,7,mid,4,39.29600126448666,0,2,2,1,1,2.9850768370938208,0.0,8.339539264832949,0.977540052056423,0.05974329182544458,0.2759606419344822,0.4840585335179328,0.0,0.6173534816308149,0.6845107130902602,low,0
S0028,2025-02-14,7,mid,6,56.378591574310306,0,0,5,1,1,3.3016684917873205,0.0,9.724767986996897,0.9382985323276094,0.08042820856413802,0.15910960650325545,0.7353560258733394,0.0,0.5514785405136114,0.35268619786310584,low,0
S0028,2025-02-15,7,mid,5,41.17748323558765,0,1,3,1,0,5.489344068693876,0.0,8.46467743451129,0.4861913687719174,0.1929611985318581,0.5925994386898191,0.08922430363807221,0.0,0.08879930180999573,0.6404127727171463,low,0
S0028,2025-02-16,7,mid,4,54.63132362065199,0,1,2,0,0,2.0836844172847746,0.0,8.235257796049703,0.00123937576637545,0.6504566118044451,0.04252664196219691,-0.5792185195655379,0.0,0.7224495561298211,0.6657250139157834,low,0
S0028,2025-02-17,7,mid,5,39.29659487566015,0,1,5,0,1,0.3885886276178674,0.0,6.315563701512788,0.37830358120104124,0.4967534600514695,0.073180712433492,-0.9234108065428814,0.0,0.06396028372052665,0.19999848011877697,low,0
S0028,2025-02-18,7,mid,4,39.67879575453386,0,0,5,1,1,3.9885702768800515,0.0,11.578735132718798,0.027429101945957268,0.5175861340429629,0.31825178056184433,-0.9129372764239643,0.0,0.9803043787281593,0.6664660954899928,low,0
S0028,2025-02-19,8,mid,3,38.633407534300716,0,0,2,0,1,0.30453175932114274,0.0,8.277288499476946,0.16827256345912833,0.44185962381062394,0.08524313707906495,0.7300955177751838,0.0,0.04690265209795941,0.3806460617315547,low,0
S0028,2025-02-20,8,mid,5,42.15204329565352,0,0,1,0,0,2.9647993270097937,0.0,10.702402508102445,0.16047229058780543,0.5336776205871975,0.640598766731353,0.11486342745798517,0.0,0.5594079978724745,0.7422901409026714,low,0
S0028,2025-02-21,8,mid,4,53.16288287952125,0,2,3,1,1,5.721318334873862,0.0,11.717623015921875,0.10012439085087188,0.4647709934658394,0.2119696229893846,-0.36530420236032723,0.0,0.46875440333664353,0.2215286684764214,low,0
S0028,2025-02-22,8,mid,7,47.46524298106033,0,1,4,0,0,6.545127242473155,0.0,8.984534587880894,0.13865479201117392,0.44374759365999084,0.31096697578314325,-0.8456705564674867,0.0,0.09612532915029837,0.7848799124851362,low,0
S0028,2025-02-23,8,mid,5,51.5495153686221,0,2,3,1,0,3.1091867216096576,0.0,13.20638666547292,0.27239095294880433,0.39177662557450343,0.011996679062675653,0.9382813203225606,0.0,0.5323311113586983,0.7734938938729603,low,0
S0028,2025-02-24,8,mid,5,36.485281212466326,0,1,5,1,1,3.661053833282152,0.0,8.95477712061199,0.08431259022247195,0.9100194267086056,0.902765801243179,0.6560103973262612,0.0,0.23032553419589774,0.7258906102643945,low,0
S0028,2025-02-25,8,mid,4,46.16641722867182,0,3,1,0,1,3.149555386810343,0.0,5.091945017920042,0.09451564406954627,0.5491309953668296,0.5833015290548691,0.5020533872266562,0.0,0.9759681166158015,0.6193522472923996,low,0
S0028,2025-02-26,9,mid,5,56.92717860873246,0,0,1,0,1,6.5707245454834355,0.0,7.274609763844802,0.2689487800747802,0.720562060393825,0.07836372979453643,-0.5852139013223019,0.0,0.40870129120884324,0.515316580059943,low,0
S0028,2025-02-27,9,mid,5,26.133375164447756,0,0,4,0,0,9.798754413412823,0.0,12.48967570006027,0.9901089137531827,0.9850156782726405,0.5863109849999373,-0.9320854759650676,0.0,0.3961475380448434,0.9372932800508892,low,0
S0028,2025-02-28,9,mid,5,36.82796396337279,0,1,4,1,1,3.8627598240852556,0.0,10.210294256515283,0.4111679783434137,0.9753606480782769,0.17277614969391442,-0.5878083535298912,0.0,0.67634838152065,0.043978209050859585,low,0
S0028,2025-03-01,9,mid,4,50.22348100960955,0,1,2,0,1,6.700036248189108,0.0,12.483371332586971,0.008635981938831194,0.6518504587994652,0.630736879367103,0.035309363779754355,0.0,0.37920856140375914,0.7974441974612299,low,0
S0028,2025-03-02,9,mid,3,38.12176892886176,0,0,4,0,1,3.0694158555103535,0.0,7.294342327748726,0.23783854093745438,0.9796316284438096,0.3992195412283298,-0.3662604727143255,0.0,0.4184680757452407,0.11579792651648424,low,0
S0028,2025-03-03,9,mid,5,30.90333446193096,0,4,2,1,0,7.3576150854586215,0.0,16.34842521420329,0.6712100630703126,0.3710906404157286,0.3915888059513065,0.09115017971650197,0.0,0.07905611343050767,0.7998721661361021,low,0
S0028,2025-03-04,9,mid,4,52.055731173676286,0,2,3,0,1,5.634587736180581,0.0,8.379526998313375,0.13617089268707283,0.05250916607906064,0.7754468700550639,0.8093263394638586,0.0,0.7641233479651333,0.8253522128319764,low,0
S0028,2025-03-05,10,mid,5,47.27016001998997,0,2,4,0,1,3.0488644026478005,0.0,9.30920681473804,0.9787333844257963,0.3807938560622627,0.825811132909108,-0.6467892209910981,0.0,0.13881475675018495,0.6492931300478861,low,0
S0028,2025-03-06,10,mid,4,46.70058142570596,0,3,5,0,0,6.238849527203797,0.0,8.34020745810392,0.7470068019617804,0.6091477381842527,0.23882210312969743,-0.6562933347725115,0.0,0.050268851174613105,0.04561148177851948,low,0
S0028,2025-03-07,10,mid,2,53.011022696308174,0,1,1,1,1,4.54475124901367,0.0,6.944835345723429,0.1915528023072307,0.860188978284138,0.15237237525780056,-0.12225756199428162,0.0,0.05365028175375408,0.6342942942004385,low,0
S0028,2025-03-08,10,mid,4,8.820606456963759,0,0,1,0,1,5.920810441585694,0.0,8.916701613105369,0.06864426972503668,0.26063684731397363,0.9731288791456411,-0.5376066913374353,0.0,0.13301298407504114,0.8570546524729953,low,0
S0028,2025-03-09,10,mid,6,30.71489327911878,0,2,2,1,1,3.7498303664833155,0.0,9.228954327876409,0.5797418229285689,0.5036690647130766,0.7924289973960876,-0.46473291272150075,0.0,0.37152906547000275,0.6889503886384063,low,0
S0028,2025-03-10,10,mid,7,47.35509783776354,0,1,5,1,0,5.094612940048349,0.0,12.871221962909411,0.9429349740741656,0.35325299417990663,0.9668947063899905,0.7503158961835354,0.0,0.5842632897353547,0.35370993331902456,low,0
S0028,2025-03-11,10,mid,6,39.07423424686499,0,1,2,0,1,6.556721314877975,0.0,12.285432024432586,0.9977080680019068,0.14051757180641444,0.38883923312269475,0.2616243333168311,0.0,0.5904754724435436,0.7806330846062137,low,0
S0028,2025-03-12,11,mid,5,43.66666233210439,0,1,4,1,0,5.302871394413447,0.0,8.026207158121629,0.8685469225615354,0.5109731246645378,0.21058152191418333,-0.3124074630160567,0.0,0.3603662220700541,0.45163539766429595,low,0
S0028,2025-03-13,11,mid,6,36.68614290791335,0,0,3,0,0,2.7498646872613515,0.0,7.713915807192299,0.6485580144670411,0.0464052889609996,0.17059685995874696,-0.18393954266111257,0.0,0.3555999623400311,0.3471658191833632,low,0
S0028,2025-03-14,11,mid,4,36.88899039327108,0,1,3,0,1,7.026461437857243,0.0,11.57565609872571,0.687926808978413,0.9761721517915817,0.45621125308936716,-0.8994832529459693,0.0,0.39402690348224867,0.839878042653229,low,0
S0028,2025-03-15,11,mid,5,38.78682189863647,0,2,1,1,1,3.1773667529797702,0.0,11.502434763829381,0.5385542506564208,0.12661629955990605,0.5361671653581159,-0.5128120878855744,0.0,0.45246652876881466,0.6679693671744308,low,0
S0028,2025-03-16,11,mid,4,53.66703048731117,0,3,5,1,1,2.7843425141251856,0.0,8.815179395652915,0.7795354185932938,0.9899442878109199,0.27897495379247206,0.8317261446699915,0.0,0.12537070558792018,0.9522062542518541,low,0
S0028,2025-03-17,11,mid,4,57.541594601571035,0,0,4,0,0,4.657700410881778,0.0,10.858068557171636,0.5691598172513013,0.4878819802967148,0.8621257811243134,0.3071004874957328,0.0,0.15842949480520674,0.14286872684355711,low,0
S0028,2025-03-18,11,mid,4,45.752679611327586,0,1,1,1,0,4.022493872454463,0.0,12.725238372424354,0.4627510816297784,0.20068254290108567,0.2517166159247347,0.32084016668775006,0.0,0.11693593825066195,0.18782181099467732,low,0
S0028,2025-03-19,12,mid,4,45.36745239667264,0,0,2,1,0,7.421901207308769,0.0,13.05273622687545,0.8371138425606574,0.9751789911113344,0.3348993330999507,-0.5050983013527532,0.0,0.07770594918541984,0.8565375235365896,low,0
S0028,2025-03-20,12,mid,4,44.23308651740397,0,3,2,0,0,6.718343545347554,0.0,10.872354976372122,0.6327803099917955,0.6641381070085667,0.10382160525620188,0.3297209818267597,0.0,0.45434671736919097,0.6514402315818234,low,0
S0028,2025-03-21,12,mid,5,27.282546760773286,0,1,4,0,0,4.961841433331374,0.0,8.947684036534714,0.0023780309323867543,0.7377078133229582,0.5659451135586733,-0.7803977760192058,0.0,0.8130113072469655,0.5364372372142464,low,0
S0028,2025-03-22,12,mid,4,55.765100688374645,0,1,2,0,0,5.813187825877636,0.0,12.008175459182443,0.8339674095513405,0.70860548474689,0.5795964587463406,-0.7812104568519613,0.0,0.7109362119519492,0.6904607754581841,low,0
S0028,2025-03-23,12,mid,6,36.14076721645713,0,1,1,0,1,5.370497564277441,0.0,10.9062018773096,0.7252493595439311,0.19249036909828365,0.8339863419310556,-0.9186082897978689,0.0,0.7573614765359695,0.21087003444822128,low,0
S0028,2025-03-24,12,mid,6,43.738620550901466,0,2,4,0,1,5.718572835575854,0.0,10.393963656547527,0.8965559869797856,0.4432634374272518,0.6375816711138044,0.058192566087258646,0.0,0.34665558311704747,0.14442210105805298,low,0
S0028,2025-03-25,12,mid,6,61.8807301305938,0,0,3,1,0,8.490464311802207,0.0,9.11506342518547,0.016485802053335497,0.07450316427702319,0.1758476845276199,-0.772323832223375,0.0,0.19170677096173772,0.6864880682561506,low,0
S0028,2025-03-26,13,mid,2,51.14484802919284,0,2,3,1,1,7.696762831897631,0.0,8.560738095099309,0.18709081572960273,0.010071855444557465,0.9088383447299053,0.010956511083745513,0.0,0.3495271300997138,0.8190455796195406,low,0
S0028,2025-03-27,13,mid,5,38.06978262471568,0,0,4,0,1,3.034358555363024,0.0,8.288075871699677,0.8167649924177588,0.412250123596567,0.5716295972101096,-0.9338323124409158,0.0,0.7916245172784302,0.2868825455387266,low,0
S0028,2025-03-28,13,mid,6,52.841513519060506,0,0,1,0,0,5.11195656907954,0.0,14.372456581705773,0.3653546430151413,0.44816582759972745,0.9018811753051104,-0.6307131044729231,0.0,0.806783521123471,0.018190632827155384,low,0
S0028,2025-03-29,13,mid,5,53.318463535829395,0,0,4,1,0,6.3607567539704375,0.0,6.0268356231770275,0.2811692814520472,0.0880240291902269,0.5050516298435593,0.12897147257628871,0.0,0.45259002553955074,0.4580355543297814,low,0
S0028,2025-03-30,13,mid,5,69.85031975996529,0,0,1,0,1,7.020502840994069,0.0,9.449619927924795,0.9054577382643157,0.049480541038058656,0.11932458971287796,-0.944743401287397,0.0,0.581730247098264,0.21794386017623602,low,0
S0028,2025-03-31,13,mid,4,57.04772865935477,0,3,3,0,0,1.566402345740288,0.0,13.331096703947543,0.9371839789044766,0.3377344002276772,0.8358594352261061,-0.19138356814332202,0.0,0.7671840015015949,0.9118779155807332,low,0
S0029,2025-01-01,1,mid,6,40.29467460348776,0,0,5,1,1,4.351494698144869,0.0,7.46475919459734,0.3494939098564096,0.15100381947457453,0.6667103159142048,-0.6508013383626157,0.0,0.7783363491797447,0.24927907150055162,low,0
S0029,2025-01-02,1,mid,4,32.11714265254488,0,0,3,0,1,4.544541984931718,0.0,16.0986119325483,0.13493458433647032,0.7854432289352584,0.030779151387683057,0.9850001835226792,0.0,0.8284584899396799,0.670910607981305,low,0
S0029,2025-01-03,1,mid,5,48.93136383522225,0,0,4,1,0,3.6524259774178383,0.0,3.4718778576000275,0.7746007463887835,0.5029292143709562,0.4746802908250788,-0.3960557245163079,0.0,0.539872241852703,0.2483908544353156,low,0
S0029,2025-01-04,1,mid,5,36.90759416614293,0,0,2,1,0,6.839917385680343,0.0,9.849846119387818,0.0685772818471243,0.8563426267074079,0.557573686755088,0.3301425173747432,0.0,0.055887066793665174,0.7613991173184397,low,0
S0029,2025-01-05,1,mid,4,59.319626185696364,0,1,4,1,0,3.900517257682967,0.0,10.398744747674444,0.5495275759017196,0.06391397575305591,0.17587659078798734,-0.7739493958928756,0.0,0.3467253538834265,0.3437314177077291,low,0
S0029,2025-01-06,1,mid,4,51.110833275945524,0,0,1,1,1,7.016673829671049,0.0,8.739977889861624,0.7918979387479519,0.841501020071259,0.9141075907749531,0.8221415772993987,0.0,0.7704991644539091,0.5824236644301201,low,0
S0029,2025-01-07,1,mid,4,45.338795928345064,0,1,2,0,0,5.736522557043276,0.0,15.193800673382526,0.9318068445933869,0.26599370821191126,0.059437597580453305,0.08773126660541908,0.0,0.5216130210408915,0.3117072199939598,low,0
S0029,2025-01-08,2,mid,3,49.64127080068423,0,0,5,0,1,1.4434437974898655,0.0,10.006026790437176,0.877215753935406,0.776655442237305,0.8379069519584792,-0.7184213637055916,0.0,0.3148128781892746,0.42488503789965115,low,0
S0029,2025-01-09,2,mid,5,33.65628396680496,0,0,2,0,1,5.3210839806505685,0.0,8.012599079719354,0.7852440524656192,0.4038078809431733,0.09185731400205344,0.6587998550500627,0.0,0.4664983175426932,0.2632501014169024,low,0
S0029,2025-01-10,2,mid,5,38.924374903608864,0,0,4,0,1,5.510046249889044,0.0,13.020563393237904,0.9896028985770017,0.02559150724950321,0.8314983510982321,0.5839260965090951,0.0,0.13285251204003234,0.3353056350834067,low,0
S0029,2025-01-11,2,mid,5,55.20092557966291,0,1,4,0,0,2.5037819328676436,0.0,7.3155913760783235,0.19967955133737447,0.15013601321641656,0.5117440125678645,0.7449975647938063,0.0,0.5898675682607959,0.8726636502868647,low,0
S0029,2025-01-12,2,mid,4,49.468373078118844,0,1,5,1,1,6.62343679856315,0.0,7.366764121659411,0.8818658623375187,0.21088435358211088,0.16067761830179839,0.7507143714569571,0.0,0.36127191508850565,0.43458363495902996,low,0
S0029,2025-01-13,2,mid,4,30.689025074163002,0,0,4,0,0,7.243833870992454,0.0,15.456473255950552,0.22027256716486077,0.26303692355396835,0.7730011860614562,0.5858667272617766,0.0,0.4930846480538137,0.14900269562576451,low,0
S0029,2025-01-14,2,mid,4,44.58246993769493,0,2,4,1,1,3.715881675931933,0.0,13.076304793823773,0.2235373860587052,0.9696368190013074,0.8025765987457657,0.26124178289066324,0.0,0.6971210372237521,0.9913814748505898,low,0
S0029,2025-01-15,3,mid,4,47.04521088515341,0,0,2,0,1,4.067363885653595,0.0,10.887435806225389,0.9449022747551717,0.5511584139106448,0.6495555210212154,-0.9302952332437395,0.0,0.9609742145155739,0.5625918487439486,low,0
S0029,2025-01-16,3,mid,5,45.936710323402004,0,1,3,1,0,8.293102841246085,0.0,4.810006626049205,0.701329730488689,0.21021039395689933,0.836700514273689,0.6914306477783094,0.0,0.6349988192605773,0.9210939105156983,low,0
S0029,2025-01-17,3,mid,4,51.28809140108259,0,2,2,1,0,8.084697906725292,0.0,10.37448502985444,0.7904381025462544,0.7346725691462679,0.5293513727531619,0.3019286441407909,0.0,0.6999321856531138,0.4945392242138956,low,0
S0029,2025-01-18,3,mid,6,48.060857114244165,0,0,2,1,1,5.6492305269740175,0.0,11.707166262550246,0.14482846469433042,0.4386136249468119,0.5429118649924822,0.40425144856006723,0.0,0.5718143315973401,0.45733488667867706,low,0
S0029,2025-01-19,3,mid,4,58.3206401007223,0,4,5,1,0,3.2308230279650445,0.0,11.023396663783323,0.45764223885643185,0.46820309657281234,0.8022633328831084,0.8323258656523107,0.0,0.08224154328873456,0.3140372869528323,low,0
S0029,2025-01-20,3,mid,6,46.57983777772834,0,1,1,0,0,0.32321589711632726,0.0,9.717262947098842,0.1854353342638677,0.8662801064074362,0.9036897823598862,0.03735603438972546,0.0,0.9212747172490376,0.46478896252827073,low,0
S0029,2025-01-21,3,mid,5,35.59875250812408,0,0,1,0,1,4.475374343009354,0.0,9.111564637588426,0.8481653934794943,0.16271868931048405,0.6659143330082609,-0.1629439064644158,0.0,0.9682366859696409,0.06610436188823754,low,0
S0029,2025-01-22,4,mid,4,57.86430463061484,0,0,1,0,1,5.951985142632876,0.0,10.22920461505234,0.7855766297789616,0.7230848056162263,0.8303645833867308,0.20977106815710145,0.0,0.011121293187663195,0.39246478291282016,low,0
S0029,2025-01-23,4,mid,4,30.56079965106654,0,1,3,0,0,5.835671360413309,0.0,11.751143563263641,0.7988929048579334,0.27630661933405176,0.23609919000893176,-0.9252551812853749,0.0,0.4722684611433695,0.3824088584867783,low,0
S0029,2025-01-24,4,mid,5,54.126583136850286,0,0,2,1,0,3.0722211898928666,0.0,4.541136465721307,0.006401421857296974,0.7194148797901987,0.41355006554537976,-0.7937198742096778,0.0,0.9685567383046719,0.7774332125850868,low,0
S0029,2025-01-25,4,mid,6,38.26880309025456,0,0,5,0,0,3.6037945494982297,0.0,11.836134403176866,0.8666112572855703,0.02225982741986099,0.5321316907017808,0.5533019098878889,0.0,0.23794843331267435,0.7075530602113299,low,0
S0029,2025-01-26,4,mid,5,58.70611956370657,0,0,1,1,1,1.519546837599354,0.0,7.387169348005781,0.9136656253520167,0.1858023932064553,0.31836041314448016,0.796889489982606,0.0,0.3306533060599728,0.5313474405855944,low,0
S0029,2025-01-27,4,mid,5,55.96481557199286,0,0,3,1,0,6.6636943492427605,0.0,5.631704227713722,0.5981924818477724,0.8386513982792978,0.28137706071264235,0.15572704898198508,0.0,0.777363318838761,0.49077298632232624,low,0
S0029,2025-01-28,4,mid,4,46.30314950364537,0,2,1,0,0,4.386045102533986,0.0,13.298388597787648,0.22666364193220256,0.07149457746902121,0.2343641879356242,0.7690458432900846,0.0,0.29203141142229794,0.13797981629207756,low,0
S0029,2025-01-29,5,mid,4,43.242381779816576,0,1,3,0,1,3.5998636599612466,0.0,1.9825506890437072,0.822678268189892,0.41441164991147117,0.28115987473346926,-0.07580706384969349,0.0,0.23799048042402116,0.09136061111495652,low,0
S0029,2025-01-30,5,mid,4,37.80888563663425,0,0,4,1,0,5.283649437158571,0.0,15.35861800027245,0.3942747559329909,0.4514347361212232,0.7646100078525092,0.10859592351680925,0.0,0.7646539852926293,0.9698729704330027,low,0
S0029,2025-01-31,5,mid,6,61.55390178769602,0,1,2,0,0,3.854584008428609,0.0,8.828114426173153,0.40263168411068107,0.9223665593313005,0.04871139567754168,0.9819576318857333,0.0,0.2078127202020078,0.4087673603990093,low,0
S0029,2025-02-01,5,mid,5,39.531627107054135,0,1,5,0,0,7.615300191524286,0.0,11.259861505146167,0.92356314168147,0.9638527342220857,0.35119453397399425,0.7116955636609392,0.0,0.5919630687122102,0.692255414544123,low,0
S0029,2025-02-02,5,mid,5,51.46180169108485,0,0,1,0,1,7.851147816332466,0.0,9.588031207679194,0.4449479782719884,0.5640462659186178,0.3198390098097633,-0.6810613093583511,0.0,0.7465365838140319,0.001392844519135683,low,0
S0029,2025-02-03,5,mid,6,47.304654871592035,0,0,3,0,1,8.261341051164095,0.0,5.294473046968034,0.5007978407040474,0.16745146052251547,0.04785369505078452,0.36703690948167944,0.0,0.12117245922759368,0.05734915320723455,low,0
S0029,2025-02-04,5,mid,6,40.99255079837849,0,2,1,1,1,3.362666525599739,0.0,10.795342016144234,0.8875422738414948,0.9174502347897467,0.3249568278494609,0.23203558376272437,0.0,0.49232715018471185,0.9420237686298222,low,0
S0029,2025-02-05,6,mid,5,45.1097535733898,0,0,3,0,1,5.28216310354248,0.0,12.557051309458938,0.5100705389649529,0.7501294069181842,0.14761354503098978,0.8112299808699639,0.0,0.5776339729658345,0.6863094151479117,low,0
S0029,2025-02-06,6,mid,5,56.158959961691984,0,2,5,1,0,5.579755092752606,0.0,5.018231027208078,0.17542746220416494,0.3232743152785851,0.7170800427414993,0.2861880481341168,0.0,0.4143163618378992,0.9380761914272074,low,0
S0029,2025-02-07,6,mid,4,53.76565547371723,0,2,4,0,1,2.47758348877265,0.0,8.26813644819199,0.4086290137192832,0.763269835600954,0.4757931965362019,-0.4002714731331558,0.0,0.8318686148238282,0.8816437551809347,low,0
S0029,2025-02-08,6,mid,3,34.45014353063128,0,1,4,0,1,2.641350403105029,0.0,8.884863213503042,0.028818375140863495,0.6372455994870999,0.2689934066349098,-0.0722208257574315,0.0,0.38635552165753084,0.17488479594746265,low,0
S0029,2025-02-09,6,mid,1,51.40644320009854,0,1,4,0,1,4.123567135252276,0.0,10.949950470029666,0.22403964332701765,0.5755315162036398,0.857201346872908,0.7842292863369402,0.0,0.8319099622549273,0.043397946084427375,low,0
S0029,2025-02-10,6,mid,4,38.69444733805344,0,1,2,1,0,5.018141379375546,0.0,11.526331846919607,0.5800760722466543,0.24305349149232314,0.5892502640618966,-0.1988047299271738,0.0,0.8455784994508668,0.3771130198234427,low,0
S0029,2025-02-11,6,mid,3,50.744219410620715,0,0,3,1,0,4.908371514178807,0.0,11.906486985021028,0.07860932352631134,0.5519360472466592,0.08819865345406519,-0.8098242432529272,0.0,0.8514770738024597,0.2894215433645895,low,0
S0029,2025-02-12,7,mid,5,65.25105107847757,0,0,3,0,0,7.837608501345824,0.0,12.942917399433538,0.23834715208705015,0.1459200952961156,0.8855104375765616,-0.17321559064373537,0.0,0.004107584916023699,0.29424595408101417,low,0
S0029,2025-02-13,7,mid,5,32.419718725754635,0,2,1,0,1,5.834756724286904,0.0,10.763368434060478,0.5511971879918209,0.8621807919496653,0.5416969395880553,0.1983978552344754,0.0,0.4450985728973855,0.14563855184010288,low,0
S0029,2025-02-14,7,mid,5,45.444968357120366,0,3,4,0,0,4.945768446574044,0.0,14.409475571380248,0.9454608918121274,0.3236314972408961,0.5912136591363727,0.9122923662621836,0.0,0.27115973302760144,0.47195354439971116,low,0
S0029,2025-02-15,7,mid,5,55.77823553396009,0,2,2,1,0,7.067951634593241,0.0,8.414209855244868,0.5950760695962649,0.008618727598900366,0.06872820157239978,0.5052791189046377,0.0,0.44652778958519435,0.40550779174354057,low,0
S0029,2025-02-16,7,mid,4,43.27103564859192,0,3,2,0,0,7.133731175283179,0.0,9.571351081636085,0.3382332832327213,0.726551176872281,0.6576748251286455,-0.6955632672914012,0.0,0.7749038272544051,0.11252679031279889,low,0
S0029,2025-02-17,7,mid,6,48.934950735039756,0,1,4,0,0,1.6000403867513073,0.0,9.782360154179468,0.3938211695975993,0.8507764106400029,0.9271928737641157,-0.7675300390453599,0.0,0.7779606339555767,0.5782271182165303,low,0
S0029,2025-02-18,7,mid,6,49.288158876017825,0,0,2,0,1,3.2953367771316957,0.0,10.745359788858293,0.5701038425901735,0.5882970579772597,0.9038965101218911,0.25275319265102847,0.0,0.9855878408815013,0.03099257994083482,low,0
S0029,2025-02-19,8,mid,4,59.640893506688016,0,1,1,1,0,4.961861175254345,0.0,6.52819035192303,0.9843285466744163,0.20368176501737445,0.4520009380537655,-0.45722639341099747,0.0,0.9226788836351785,0.5509173075665346,low,0
S0029,2025-02-20,8,mid,4,45.200022505510034,0,1,3,1,0,0.6763842723731477,0.0,15.514916548454519,0.9188561089257496,0.01061923247695995,0.9891704007670942,-0.04053137125494244,0.0,0.6255396472335975,0.3600525558057155,low,0
S0029,2025-02-21,8,mid,5,56.38826239771299,0,2,4,0,1,1.1091701931912863,0.0,15.471623188239509,0.49679840809585896,0.8029887404568787,0.6404507055450018,-0.5885656379834907,0.0,0.6093551196655884,0.4046665789361159,low,0
S0029,2025-02-22,8,mid,4,39.035812783851554,0,0,2,0,1,1.3707052189692526,0.0,12.27726149880272,0.9844620049479493,0.10445345471538292,0.04730286600352174,-0.9099643628937335,0.0,0.21687369522379452,0.5791911163653384,low,0
S0029,2025-02-23,8,mid,2,45.813716472541884,0,0,5,0,1,7.568739765089502,0.0,12.589911824022938,0.4882542176322192,0.45731978095353054,0.2111501312571611,-0.663320593568612,0.0,0.1539133445541263,0.9917886474413313,low,0
S0029,2025-02-24,8,mid,5,56.34785945201142,0,0,5,0,1,4.067903959980569,0.0,12.233946847348948,0.9529544259172169,0.9814621114791159,0.2311669594154152,0.7911842370026825,0.0,0.8832027176988321,0.03975357323404061,low,0
S0029,2025-02-25,8,mid,3,55.67929101880076,0,2,5,1,1,7.359526763597135,0.0,7.806747686477402,0.7770369819396953,0.7258218906791662,0.03911248806106837,-0.7340679039518134,0.0,0.9362164982197485,0.08146138839589079,low,0
S0029,2025-02-26,9,mid,3,58.02886170147556,0,0,5,1,0,5.149584526371612,0.0,8.133993942316254,0.26130358490581507,0.8323868335497041,0.3460730917748057,0.42925857837267967,0.0,0.5395234215262771,0.5415233815949703,low,0
S0029,2025-02-27,9,mid,4,56.46170450925749,0,1,5,1,1,6.110148887474436,0.0,10.882233025907043,0.35574148270993633,0.5722192517552083,0.7665354945822469,0.7963466081725816,0.0,0.8717543119899618,0.4655175944295735,low,0
S0029,2025-02-28,9,mid,4,53.78925459244158,0,2,4,1,1,8.12794664821336,0.0,13.226760085271202,0.10933348301773838,0.06574102843922025,0.9683410243403061,-0.3261445485485366,0.0,0.8443711201970959,0.7044754501900962,low,0
S0029,2025-03-01,9,mid,6,54.067770067503076,0,0,3,1,0,5.799747175058517,0.0,12.165570974830516,0.29381939957147285,0.9529570488998762,0.8766268316137537,-0.5185064151686936,0.0,0.48916247324182693,0.07005566062555013,low,0
S0029,2025-03-02,9,mid,5,50.76783962335991,0,0,3,1,0,2.4483876144689627,0.0,15.578942480810841,0.4998454617855381,0.09855007237734337,0.075022760072876,0.18541548660076979,0.0,0.5120040364403164,0.35915319130344114,low,0
S0029,2025-03-03,9,mid,4,46.16538427616443,0,1,2,1,0,8.12374024131212,0.0,8.361450961818633,0.2723483474550398,0.4359266219416439,0.9287572878882363,-0.4083565213480491,0.0,0.7947197532647098,0.15781687248236642,low,0
S0029,2025-03-04,9,mid,4,31.977337620310102,0,0,2,0,1,6.0745764384375045,0.0,8.536846540397573,0.7420005058201098,0.9807529504043178,0.534074846423399,-0.8215883564491069,0.0,0.3677686216453089,0.8386370489217292,low,0
S0029,2025-03-05,10,mid,4,22.541901818889013,0,1,1,0,1,4.450031227420172,0.0,9.89992150183014,0.008938577568048167,0.28835256855119507,0.013937678710118417,-0.25097076468290336,0.0,0.06293850143894786,0.03925159115030974,low,0
S0029,2025-03-06,10,mid,5,47.73145561070065,0,1,4,0,0,1.846347237413307,0.0,7.780081476510678,0.4471790409264441,0.07239289422313744,0.39198433474264305,-0.3706004833953893,0.0,0.8001891394323478,0.17485400768541537,low,0
S0029,2025-03-07,10,mid,5,61.34858567570829,0,0,5,1,1,8.038013172760817,0.0,13.625742727129035,0.15810757823889676,0.4310741851565095,0.9643326008891325,0.768378455599565,0.0,0.41082142285825274,0.3498462680241555,low,0
S0029,2025-03-08,10,mid,5,43.52331946044294,0,2,2,1,1,4.835058502574048,0.0,13.807383627297419,0.2309317200113956,0.3689073436133422,0.2850956230732856,0.1124416146498386,0.0,0.051446018222006895,0.22496985074605014,low,0
S0029,2025-03-09,10,mid,5,42.96416717766078,0,1,2,1,1,5.545387797764558,0.0,5.812316210920821,0.3495325408790825,0.6439152085747961,0.42204657572043036,0.623194474930924,0.0,0.4315590711710837,0.5723491824382639,low,0
S0029,2025-03-10,10,mid,6,34.691933888029,0,1,2,0,1,5.051672103209255,0.0,12.07526050414944,0.3198998778992639,0.9213842566534264,0.06899410877793799,-0.5707840925204137,0.0,0.3412646472891777,0.7821116211303906,low,0
S0029,2025-03-11,10,mid,4,54.02139217602494,0,0,4,0,0,4.190574902139939,0.0,11.37350901240297,0.3168891190621502,0.5168806739736777,0.5716032952360652,-0.6123717710829435,0.0,0.23001234001516457,0.7588310690354364,low,0
S0029,2025-03-12,11,mid,5,50.004489664830515,0,1,3,0,0,6.848299762323631,0.0,6.8742308319220715,0.9284107740382763,0.8245558247864346,0.7270395577933562,-0.22538160388522344,0.0,0.717767334701974,0.8010955764308144,low,0
S0029,2025-03-13,11,mid,5,56.38093617354068,0,0,2,0,1,2.7668500561348184,0.0,16.178725100947034,0.7553821213065668,0.5129347464167794,0.9955696214443402,0.37187459044510507,0.0,0.06816005964689065,0.4019106544006238,low,0
S0029,2025-03-14,11,mid,5,49.892447919433025,0,3,3,0,0,3.6858876053088805,0.0,10.345870530950341,0.30087566362431895,0.6163376672361268,0.33549831819382825,0.02635333718791144,0.0,0.9093622946827357,0.3500359705062783,low,0
S0029,2025-03-15,11,mid,6,39.752599524939335,0,0,4,0,1,4.151232576354393,0.0,12.766593537798293,0.4312463640071883,0.9256682623162151,0.440696811861521,-0.4039618473440352,0.0,0.05949549457820058,0.4429353388689752,low,0
S0029,2025-03-16,11,mid,3,53.540108774482235,0,1,3,0,0,3.822417233268682,0.0,14.533138066176036,0.2304557669443138,0.09836741669818971,0.6423696977516118,-0.7142913687969139,0.0,0.8383040156287235,0.960737342695444,low,0
S0029,2025-03-17,11,mid,4,35.30712139835424,0,2,3,0,1,2.4363156776848,0.0,14.233061101817448,0.05544404023192506,0.2975132460516261,0.13028342042139018,0.8326276844526426,0.0,0.20292539255311504,0.14369119739405245,low,0
S0029,2025-03-18,11,mid,5,67.9978082298642,0,1,3,0,1,5.711143574552715,0.0,10.039123071632297,0.1114322167472942,0.9857547967879898,0.16567789982090586,-0.05417707276989647,0.0,0.33761367962133504,0.9554212485986197,low,0
S0029,2025-03-19,12,mid,4,44.868759612391145,0,0,5,0,1,7.301862261931544,0.0,10.610839058997342,0.828433588032916,0.5905093005224609,0.5713149364569913,-0.4436705679848729,0.0,0.9579058649945081,0.0768513377386808,low,0
S0029,2025-03-20,12,mid,6,34.420619917168615,0,3,2,0,0,4.4784749367660055,0.0,14.205419828131076,0.4752524861404268,0.06478209452468753,0.4380100612387908,-0.8383426061351069,0.0,0.2995621180903394,0.12688146888358942,low,0
S0029,2025-03-21,12,mid,3,38.039740158441305,0,0,1,0,0,7.515630260128277,0.0,9.972834969047616,0.5388254026560503,0.22875752900390678,0.7358956966319937,-0.40550650651010955,0.0,0.7563965465459795,0.3871640582061018,low,0
S0029,2025-03-22,12,mid,5,81.4023160017793,0,1,1,0,0,7.633396129029738,0.0,7.512609449408865,0.23706947011035762,0.11712793074230998,0.5071235509350089,0.07397276874726422,0.0,0.6758289313211581,0.7591377468025907,low,0
S0029,2025-03-23,12,mid,5,49.73573537332288,0,0,5,1,0,6.561752055437759,0.0,14.028697947744526,0.3176604655363703,0.6351299045165304,0.7706471884136189,-0.5660676435893222,0.0,0.5813941318048397,0.824665900517614,low,0
S0029,2025-03-24,12,mid,6,26.093778545722728,0,0,4,0,1,2.9508453613341423,0.0,9.64685088797421,0.6603987840891896,0.5729801198127144,0.9194798974718037,-0.44038294039177694,0.0,0.03232646436777509,0.25473961004774215,low,0
S0029,2025-03-25,12,mid,3,42.57356249798674,0,1,5,0,1,6.464600125545411,0.0,10.134963530728303,0.997321547722923,0.6634845651089614,0.412257194420137,-0.04982818287861113,0.0,0.20421542765150769,0.09923432399148102,low,0
S0029,2025-03-26,13,mid,6,48.388351352670114,0,0,1,1,0,2.8828362020921747,0.0,15.189282230491733,0.7083359801659767,0.33750157832753347,0.48835509759273843,0.41758728980311566,0.0,0.04270679789226073,0.32808953127387663,low,0
S0029,2025-03-27,13,mid,4,45.84796520143791,0,2,2,1,1,3.502140936795155,0.0,6.934166292515167,0.1620686812970299,0.9277903714639264,0.3978641301981952,-0.10058971023264562,0.0,0.8026407807774596,0.5129734728102919,low,0
S0029,2025-03-28,13,mid,4,34.92370180859833,0,2,1,0,0,4.677975169811152,0.0,7.467333344385063,0.9406188029304484,0.11279829254780815,0.6509333115468848,-0.13967037874025734,0.0,0.3768924174792121,0.2094397740878181,low,0
S0029,2025-03-29,13,mid,5,31.846488106598112,0,1,4,1,1,4.386469848485868,0.0,9.832682073890204,0.38082579685052964,0.7633913411127624,0.5155967960573108,0.3140908327084848,0.0,0.556552138442311,0.10549106037425471,low,0
S0029,2025-03-30,13,mid,6,34.32263126798566,0,2,4,1,0,7.135986089006979,0.0,13.885813701500037,0.44087700084780423,0.6416953871194537,0.7375749721522578,-0.7543595038514019,0.0,0.2573299601834357,0.19408187896629403,low,0
S0029,2025-03-31,13,mid,5,54.0084235497985,0,2,3,1,1,6.364766235754175,0.0,10.04954420075101,0.886768044587174,0.1084259772831665,0.6243974448664207,0.07620827547200926,0.0,0.7764737717328682,0.3007679320340606,low,0
S0030,2025-01-01,1,mid,5,41.24278993623238,0,1,3,0,0,4.949430853253381,0.0,7.599362829441585,0.49864368137318815,0.6158697855603088,0.31054745729260547,-0.4804222089878989,0.0,0.4838849106970561,0.6596079889275789,low,0
S0030,2025-01-02,1,mid,6,59.84405973805958,0,2,2,0,1,5.917539835501116,0.0,14.082190460241016,0.9061659973133301,0.600358480240539,0.5211911273373402,-0.28748331917779457,0.0,0.8828633305944453,0.12272717087282159,low,0
S0030,2025-01-03,1,mid,9,27.13240383137302,0,1,1,1,1,6.349749032938458,0.0,8.832580577789754,0.60453978075227,0.5534845462146661,0.18857466159058278,-0.9188169730577807,0.0,0.46140494483266137,0.5280469269472667,low,0
S0030,2025-01-04,1,mid,6,38.38146818100168,0,2,1,0,0,7.161932341727388,0.0,11.165196605651358,0.483435057640221,0.32322382760360324,0.4879418789253843,0.37760732814103104,0.0,0.3467007167257956,0.41428207472340617,low,0
S0030,2025-01-05,1,mid,5,50.35579967856002,0,0,2,1,1,4.802670433017468,0.0,7.908389720983871,0.5855701734812767,0.6085329847811904,0.03638608642180008,0.3934799080088889,0.0,0.1299260001071164,0.9553449799797217,low,0
S0030,2025-01-06,1,mid,5,36.577032020563266,0,0,1,1,0,8.686890921458517,0.0,4.518168136758913,0.9307619030409771,0.3083398629297077,0.1808200103912081,0.19098186556249908,0.0,0.49167477228792345,0.061968265501663566,low,0
S0030,2025-01-07,1,mid,9,54.431053017845045,0,2,4,1,0,5.058873381484775,0.0,8.772094335298116,0.9971754037667673,0.8788301600989865,0.31002543337128463,-0.22738153176919318,0.0,0.38790599623810107,0.7341788159050148,low,0
S0030,2025-01-08,2,mid,6,40.82461771673027,0,1,5,1,0,4.198534568350979,0.0,9.945502745472679,0.9904692223172126,0.05883214999264241,0.19277420378044352,-0.8951196988301198,0.0,0.624958400528985,0.5832309026986398,low,0
S0030,2025-01-09,2,mid,6,49.506117422414405,0,2,3,1,0,0.2906974248122678,0.0,9.382464890863833,0.3405366115735896,0.17287549531516955,0.3342520827486031,-0.21716305577925432,0.0,0.4374489194248349,0.6723006386775275,low,0
S0030,2025-01-10,2,mid,8,42.78629090153143,0,1,1,0,0,3.3183199651086657,0.0,12.694903201431547,0.3478988117336945,0.7230005679583252,0.546338095965995,-0.8108667470940534,0.0,0.7581542692468478,0.27743899256812765,low,0
S0030,2025-01-11,2,mid,5,38.72943755789627,0,2,1,0,0,1.4129818672880896,0.0,10.894048841751736,0.28324970941456795,0.08722159275041175,0.9533858352713874,0.6603329193196892,0.0,0.11383459187591682,0.8765987676508302,low,0
S0030,2025-01-12,2,mid,5,56.947682541296714,0,3,3,1,0,7.39020065257022,0.0,4.056926870510543,0.9470592237086173,0.6001177599681348,0.14737819178039357,-0.9860076290470265,0.0,0.85098785550868,0.36432542336615303,low,0
S0030,2025-01-13,2,mid,8,38.81846857337523,0,2,3,0,1,7.644917283216554,0.0,10.14221065183438,0.046631642777384075,0.28582474975496797,0.3715134033474893,0.9510476905637881,0.0,0.003393648214860545,0.3080207377625931,low,0
S0030,2025-01-14,2,mid,6,49.39300036738925,0,0,3,0,0,5.935776142547679,0.0,13.584444853140923,0.4088455900751581,0.665621309827386,0.95596677627793,0.03375067365479967,0.0,0.9400798365988479,0.6428872356802386,low,0
S0030,2025-01-15,3,mid,9,42.3817842477069,0,1,3,0,0,4.932078756197496,0.0,12.450534689795738,0.42547153301003693,0.5390392769440919,0.2261946248449862,-0.404068277159328,0.0,0.10097717048400479,0.44645009111136336,low,0
S0030,2025-01-16,3,mid,7,46.724103410489015,0,2,3,0,0,4.306840931155642,0.0,8.493142060286562,0.05962671044730117,0.32008009883184063,0.28300889801282547,-0.16756980132442445,0.0,0.4629772029160518,0.14472054851510863,low,0
S0030,2025-01-17,3,mid,5,50.64657448001869,0,0,3,0,0,3.5987776826778077,0.0,10.631536175331657,0.7567329468165218,0.7683988218048714,0.4740258347276677,0.9113958820008565,0.0,0.5793391107957477,0.6952364542449908,low,0
S0030,2025-01-18,3,mid,7,50.6658810573036,0,1,2,0,1,3.2044732176724953,0.0,16.684256827103145,0.7376636490277235,0.9162226385415473,0.6800353444096658,-0.5807856389686774,0.0,0.8200557464538422,0.9515333598241641,low,0
S0030,2025-01-19,3,mid,8,37.44510996449431,0,1,5,0,1,4.818652602819781,0.0,7.908663588910068,0.08340333496657082,0.17849971506576312,0.5973001413615524,0.1842617026885971,0.0,0.04332747772969037,0.4429047514182787,low,0
S0030,2025-01-20,3,mid,5,47.251596934640006,0,1,4,0,1,3.382646462433179,0.0,14.920237446976117,0.03673038093640768,0.8396699333378972,0.31840344092236716,0.8928034698348264,0.0,0.8795580933107152,0.23391624424314394,low,0
S0030,2025-01-21,3,mid,7,49.487731279617144,0,3,4,0,1,4.2007289834380686,0.0,9.803531670855016,0.1130471139374516,0.9719114417499347,0.8732025412238332,-0.03316512040732711,0.0,0.9608994120683175,0.18560554577562205,low,0
S0030,2025-01-22,4,mid,7,35.962931668924696,0,1,1,0,1,3.7618229397515117,0.0,13.679490398680601,0.9867375579587303,0.8087460868985846,0.6462235620980958,-0.5411074601317889,0.0,0.956426460013974,0.03291003976710016,low,0
S0030,2025-01-23,4,mid,5,33.827089307545464,0,0,1,1,0,4.584710990073015,0.0,9.577915889853454,0.5972032822521003,0.5479365161617328,0.607893928983293,0.23661099272618258,0.0,0.5001973458645037,0.49377392056865577,low,0
S0030,2025-01-24,4,mid,7,53.00703169460833,0,1,2,1,1,3.601461930590866,0.0,10.064610278516348,0.20941757200425792,0.9238071517671007,0.08285545860148547,-0.41842100275660177,0.0,0.7265281621381693,0.8843250874634897,low,0
S0030,2025-01-25,4,mid,5,32.2598111291818,0,0,5,1,0,4.817102924340192,0.0,9.701288870337079,0.6067668998189265,0.29219112176064777,0.3996852703761882,-0.17606721858736885,0.0,0.10973749671102151,0.8194937898564864,low,0
S0030,2025-01-26,4,mid,8,33.97235516996213,0,0,5,0,1,2.989838559427659,0.0,6.443084103785626,0.14084464528771057,0.646337828992956,0.794994361203098,0.9004831509441655,0.0,0.33154943463154873,0.6211809101838269,low,0
S0030,2025-01-27,4,mid,8,24.205147213625654,0,0,3,1,0,4.337914538752902,0.0,5.450932889046457,0.4397828384907043,0.38697324481818385,0.04488030508974561,0.06905474844863546,0.0,0.07281199212486089,0.8019186807179438,low,0
S0030,2025-01-28,4,mid,5,58.52281082922386,0,1,4,1,1,3.792322746154218,0.0,11.859748141612334,0.5627812274860385,0.20046711442148502,0.2850374250624149,-0.5290374140270173,0.0,0.6450046710732859,0.5267289444557803,low,0
S0030,2025-01-29,5,mid,6,52.19880583657001,0,0,2,1,0,3.3726329156278907,0.0,6.812981685461965,0.746802092290868,0.6258918106574272,0.18426543652582883,0.19577562123948344,0.0,0.7081479951106119,0.3888972027901715,low,0
S0030,2025-01-30,5,mid,7,33.7248989904764,0,1,4,0,0,3.5368105250135606,0.0,11.79800105730886,0.2582164179013764,0.5433127390975212,0.48173352789219914,-0.2272692578870068,0.0,0.7460333144297888,0.5647515636282824,low,0
S0030,2025-01-31,5,mid,6,49.745991274878385,0,1,5,1,0,1.9302896849158344,0.0,14.353184613931152,0.32272392754167134,0.06288759401030508,0.446156478438557,-0.32680708429707805,0.0,0.9510628096842508,0.6741743818453513,low,0
S0030,2025-02-01,5,mid,8,42.4769343451013,0,2,1,0,1,5.567066431817541,0.0,8.43007730012783,0.9214684787261558,0.16210610971156092,0.47093857851022825,0.47754918611965036,0.0,0.2868396610330268,0.9207645196329373,low,0
S0030,2025-02-02,5,mid,6,50.46350928121368,0,0,4,1,0,2.3610339197198202,0.0,12.747888425806321,0.7012685794417175,0.28916826675920404,0.037630984151876046,0.016869175240548095,0.0,0.48868454478869094,0.7630059730262334,low,0
S0030,2025-02-03,5,mid,6,54.091179275980096,0,1,1,1,0,6.729244850772998,0.0,10.138487115334062,0.6503107718955861,0.2118965588939724,0.16480864874703638,-0.2552313241674158,0.0,0.3469265402569732,0.4071318248625102,low,0
S0030,2025-02-04,5,mid,7,35.64599255554808,0,0,3,0,0,6.361644631487656,0.0,9.324016949876173,0.5837199881700799,0.6525904728733848,0.9605155783199791,0.6443945593319487,0.0,0.14003501003024843,0.005220962593334155,low,0
S0030,2025-02-05,6,mid,6,25.45556448845405,0,2,5,0,0,8.929878464370978,0.0,10.428920419531142,0.4852182539483355,0.5296850069836132,0.9407752927973607,-0.2216837447414366,0.0,0.755707331127664,0.334676546165826,low,0
S0030,2025-02-06,6,mid,7,42.84444301482497,0,3,4,1,1,5.585281990521928,0.0,10.767944730495996,0.5304171916111156,0.4758716964558656,0.8483172770180297,0.12615419009494233,0.0,0.5786507284152311,0.4339733679938007,low,0
S0030,2025-02-07,6,mid,6,21.96662617680589,0,0,1,0,0,2.0256245942617657,0.0,7.335287674301558,0.08996019031050861,0.22314522110507884,0.28497224979840574,-0.31164877432787064,0.0,0.6339670482444848,0.11487267806387402,low,0
S0030,2025-02-08,6,mid,6,53.720409581170834,0,2,2,0,1,6.2526598957574,0.0,12.847707051660342,0.9221355885345566,0.4946874527185986,0.8026405932952182,0.8194827956822603,0.0,0.5570528748808528,0.017293532743372753,low,0
S0030,2025-02-09,6,mid,7,48.36827707271913,0,1,5,1,0,4.753405912375262,0.0,11.795361707593164,0.8481359982246405,0.7006510846897458,0.9677153721238093,-0.14269811489729567,0.0,0.9076258883168473,0.5688807171590883,low,0
S0030,2025-02-10,6,mid,5,42.6146512039888,0,1,4,0,1,7.550239496595202,0.0,5.17278697468752,0.022664474521924105,0.8702005312278684,0.6103091184681755,-0.4092562474820105,0.0,0.3112051739242816,0.4656681765161508,low,0
S0030,2025-02-11,6,mid,6,42.958784151863924,0,0,3,1,0,5.0492898443882055,0.0,4.652140170301834,0.17940908419162316,0.046724972243762264,0.7448662994885814,-0.7500862907064332,0.0,0.025716902403658648,0.5872303282634098,low,0
S0030,2025-02-12,7,mid,6,42.28076745879277,0,0,2,0,0,4.927832282633305,0.0,15.003574016112465,0.8251904667013072,0.42150532277076025,0.005216251676792516,0.36559275345914255,0.0,0.8079714314873062,0.9020210941531548,low,0
S0030,2025-02-13,7,mid,5,46.84486527815442,0,1,3,1,0,9.385937952123477,0.0,10.909546762849919,0.17824274809035368,0.2644346899554273,0.12100121668120234,-0.4720025562922223,0.0,0.49239676529179877,0.8336295994572963,low,0
S0030,2025-02-14,7,mid,5,47.13004315871689,0,0,2,1,0,3.70493122938593,0.0,11.767091066061958,0.5857958722883059,0.44742157231571866,0.5716038505776799,-0.7331129411540076,0.0,0.45689168141114633,0.036944685951663114,low,0
S0030,2025-02-15,7,mid,7,41.73809858269059,0,2,1,0,0,7.216991834354233,0.0,9.018653970725408,0.705142438948597,0.6054286592160663,0.9478261116537416,-0.5391768587619561,0.0,0.45488966246915363,0.8647229656745954,low,0
S0030,2025-02-16,7,mid,5,48.246479049198605,0,0,2,1,0,6.755596641466904,0.0,4.713846918878112,0.5191535549684543,0.265213605796903,0.3973778305829402,0.08887503257905016,0.0,0.5799243662687416,0.5317495216379527,low,0
S0030,2025-02-17,7,mid,8,37.06916128088075,0,2,2,1,1,3.999803673824596,0.0,6.523557935757063,0.888497548549545,0.9357145460285333,0.9217291549891717,0.6366100884015251,0.0,0.6882358785978919,0.9136778940274637,low,0
S0030,2025-02-18,7,mid,6,46.40089545426158,0,0,5,1,0,5.690918058249118,0.0,10.75721116890362,0.48707641968506166,0.7168053562333765,0.7315649428675728,0.13784612169024069,0.0,0.877969150704365,0.1582512259579888,low,0
S0030,2025-02-19,8,mid,6,41.694130989774834,0,0,2,0,1,6.185872845300607,0.0,8.163888129161313,0.5797843859655131,0.3605928504364063,0.28654414180787735,0.12627631372053205,0.0,0.4340020987599076,0.05573518023731905,low,0
S0030,2025-02-20,8,mid,6,66.04760898796894,0,0,5,0,0,2.861950828291207,0.0,12.24029421628071,0.5594846377635744,0.35674519852231346,0.24020152585394983,0.791104572028209,0.0,0.38315580876261346,0.2827871624713978,low,0
S0030,2025-02-21,8,mid,7,57.56725201843361,0,3,5,1,1,3.524289740719196,0.0,8.25582993616003,0.23222461442231956,0.05975099149684715,0.9919798242861678,0.7397382864502899,0.0,0.5210559686322274,0.7151031785570919,low,0
S0030,2025-02-22,8,mid,8,47.415579832881406,0,1,3,1,1,1.5120636582369542,0.0,10.198942911376376,0.3920179225328192,0.7153363886930946,0.11690706448303945,0.919312415922513,0.0,0.04252868426905365,0.8065373553282285,low,0
S0030,2025-02-23,8,mid,6,54.82619657761393,0,0,5,1,0,4.7195954148759744,0.0,11.926247030631908,0.17626684698929695,0.911833945343382,0.35902064435257364,-0.0734967180048054,0.0,0.6986186633839151,0.8194188270343922,low,0
S0030,2025-02-24,8,mid,6,46.74900081576372,0,2,3,0,0,5.434038605592315,0.0,9.630222907482947,0.2387988465023535,0.11726736554258566,0.05822387807126117,-0.5157735183347334,0.0,0.3852465406772353,0.9275483801093047,low,0
S0030,2025-02-25,8,mid,6,31.947557891146978,0,1,3,1,0,6.259133264939682,0.0,7.550512352246048,0.02703883335668411,0.2923348250729789,0.3561815391683787,-0.08356349002472796,0.0,0.6798692319761394,0.45940499418603686,low,0
S0030,2025-02-26,9,mid,8,61.084025223130276,0,1,3,0,0,4.127460997426875,0.0,10.604722062250199,0.8326057134897956,0.04158117982159937,0.2623874484634634,0.5261345312573795,0.0,0.911875151697018,0.7603437152006035,low,0
S0030,2025-02-27,9,mid,5,32.42943020497396,0,1,1,1,1,4.1293625968687255,0.0,11.410356048368705,0.2264406203310816,0.08412650402339827,0.15653694649817795,0.26443793649421576,0.0,0.44925273005178645,0.7909442371688351,low,0
S0030,2025-02-28,9,mid,7,44.55480552069422,0,0,3,0,0,8.292719462166563,0.0,6.62342142501202,0.34470015384120556,0.6690735315504771,0.8891869113851452,0.40280853971021546,0.0,0.6714089846285893,0.7574108119625292,low,0
S0030,2025-03-01,9,mid,5,45.01155369202489,0,2,1,0,1,5.6669488787733595,0.0,9.22583768601164,0.7885732707971997,0.30831496531115676,0.04940354760452048,-0.8962638209296523,0.0,0.29711975805488944,0.14750742429777441,low,0
S0030,2025-03-02,9,mid,6,55.16821043797622,0,0,1,1,0,7.058862988115726,0.0,5.257900518251738,0.8917208757399636,0.630073929696232,0.36219914086976435,0.9816782543517584,0.0,0.18741360144053365,0.523256014895508,low,0
S0030,2025-03-03,9,mid,5,54.085382073271695,0,0,3,1,0,4.59295520456383,0.0,10.83600536859298,0.11702677311844456,0.3641526045144676,0.5923364801000734,0.7342892571622412,0.0,0.9660901250400777,0.7511533681730987,low,0
S0030,2025-03-04,9,mid,5,47.9131045628579,0,0,1,1,0,7.321037539199278,0.0,19.87872902847823,0.34127889603146055,0.6958636300542076,0.21221111691878958,0.7046576707895831,0.0,0.19439611609110363,0.41588739957421195,low,0
S0030,2025-03-05,10,mid,7,32.3143973699631,0,1,2,1,1,6.199243923791684,0.0,13.395322667217158,0.34832037734432897,0.919102061155443,0.17694562064559327,-0.37942342448694966,0.0,0.3748410665384486,0.6477962810907285,low,0
S0030,2025-03-06,10,mid,7,50.93514848821277,0,2,5,1,1,3.038021251560787,0.0,11.221407907668583,0.6547909202749187,0.1427144847281061,0.392511366015566,0.13318854047638728,0.0,0.05037417142394174,0.15330834485452738,low,0
S0030,2025-03-07,10,mid,6,25.402844582951587,0,1,1,0,1,3.8634079610330474,0.0,11.387964799144449,0.7948989106144787,0.7416627668228305,0.9008223271839684,-0.2530900146514343,0.0,0.17654338903161504,0.7586285869672696,low,0
S0030,2025-03-08,10,mid,8,51.76849808976395,0,1,1,0,0,4.211929916832285,0.0,8.289750982142923,0.77132320393239,0.6284542028680485,0.3886123319436511,-0.6825993936310166,0.0,0.3216086960262382,0.7434202588808663,low,0
S0030,2025-03-09,10,mid,6,22.47590661576465,0,2,3,1,1,5.488417189774171,0.0,12.146195854260139,0.20179279560788044,0.09108077277068172,0.91477550404013,-0.888907783756794,0.0,0.29589005943799485,0.4869617670377371,low,0
S0030,2025-03-10,10,mid,6,55.41696557520979,0,1,1,0,1,7.511393285156339,0.0,13.411971379864482,0.7865315770706082,0.49053733716241177,0.2671572005751427,0.14986435473090576,0.0,0.10867545494208752,0.6748051052609645,low,0
S0030,2025-03-11,10,mid,7,8.630039489754651,0,0,1,1,1,8.180127623689158,0.0,9.969338521961262,0.5637162242577209,0.8481960168372141,0.2881185949133521,-0.5137833381937691,0.0,0.26114533339683754,0.030518475263332068,low,0
S0030,2025-03-12,11,mid,6,57.50089473638616,0,0,2,1,1,4.342694624094665,0.0,13.96894171125345,0.18600623293351204,0.4023789382367712,0.22155181619993358,-0.7280126983283053,0.0,0.23915539893055848,0.8673984725382526,low,0
S0030,2025-03-13,11,mid,7,37.09515727910981,0,0,5,0,0,3.7102668590345003,0.0,13.823224951781437,0.04250227001350082,0.2595653091850735,0.07336565938054018,-0.843517499037463,0.0,0.2144593448281178,0.6335781342749734,low,0
S0030,2025-03-14,11,mid,7,49.47050815400584,0,2,3,1,1,3.7043611317359337,0.0,13.331143480572385,0.3764393367977025,0.05942842871222309,0.15791692602676777,-0.37709725235946,0.0,0.38786798873269723,0.6199764136702502,low,0
S0030,2025-03-15,11,mid,7,43.692049991813306,0,0,4,0,1,5.59704865211046,0.0,11.762858801789804,0.5685840370214149,0.5090827839082518,0.29133817171337295,-0.40365202713121806,0.0,0.2232058440034278,0.38554082892147223,low,0
S0030,2025-03-16,11,mid,6,35.434597754291254,0,3,1,0,0,8.099574257314728,0.0,9.802528810856039,0.15115713091376692,0.1322741377775437,0.8907575008952041,0.7956389836821216,0.0,0.4659121627536088,0.870157797614898,low,0
S0030,2025-03-17,11,mid,5,50.45502917354914,0,0,5,0,0,5.060647743699944,0.0,10.95182482079227,0.6558644141148927,0.7460925681336367,0.2242591024304904,-0.3279975047331316,0.0,0.4123212113242347,0.5945883121454721,low,0
S0030,2025-03-18,11,mid,6,51.45244820322117,0,1,3,1,1,5.253232224270409,0.0,6.549538062097362,0.7678227613154368,0.23694741104493977,0.8494784454847049,-0.3303917798364999,0.0,0.19078486355777013,0.4653233950708521,low,0
S0030,2025-03-19,12,mid,8,31.846739149481117,0,0,5,1,1,6.347993534749149,0.0,5.103458031800107,0.8893734517677068,0.49638528055909137,0.5901453428365545,0.06292744994754385,0.0,0.2824048773042278,0.64366310845868,low,0
S0030,2025-03-20,12,mid,5,45.559515720185864,0,2,2,0,1,8.710940434858532,0.0,15.731391692413755,0.4523806905326133,0.9247001582639957,0.7540339091241604,0.5290538713638877,0.0,0.2695694317693431,0.43431977220163875,low,0
S0030,2025-03-21,12,mid,5,43.80982582859393,0,0,3,0,0,6.945708687090169,0.0,8.615683176678036,0.6134087015350165,0.682294424293312,0.5038001277265934,0.8447634027731299,0.0,0.5411586382038625,0.10429408813372043,low,0
S0030,2025-03-22,12,mid,8,36.74876305068784,0,0,2,1,1,5.672444904894811,0.0,7.42653916973172,0.9588758815252968,0.9673950361425373,0.16166260377052732,0.5194081731248468,0.0,0.8466324347478503,0.8889632380589144,low,0
S0030,2025-03-23,12,mid,5,36.00827045853379,0,0,4,0,1,4.892678304876447,0.0,12.056810644655158,0.4561470509983997,0.5020637296707448,0.7231240308330615,0.33612058139792467,0.0,0.22283494920688707,0.06389534859934332,low,0
S0030,2025-03-24,12,mid,8,49.52279607559545,0,0,4,0,0,7.849624372732546,0.0,2.8225455053766453,0.790481778663364,0.12112851707242123,0.44080797385517656,-0.4005768609130953,0.0,0.31201071569334005,0.7787879160652509,low,0
S0030,2025-03-25,12,mid,5,56.30831823162261,0,2,4,1,0,5.858361024867313,0.0,6.616745867486855,0.9558119675738903,0.7005031694297048,0.12348223396961489,-0.20555980366443727,0.0,0.9153688472898078,0.6344226176560901,low,0
S0030,2025-03-26,13,mid,7,37.8716733559493,0,0,3,1,0,1.6506675635729997,0.0,6.057847815757198,0.031688849541319675,0.4627253766696581,0.7240707703291087,-0.3976425647475679,0.0,0.46272651367384143,0.21939776848527803,low,0
S0030,2025-03-27,13,mid,6,59.82781085181419,0,0,3,0,1,3.3222619790398475,0.0,3.6667957232039416,0.2426814634730997,0.06830777772409369,0.693926682787252,0.6001054136328625,0.0,0.8801046413603263,0.9352872911329727,low,0
S0030,2025-03-28,13,mid,6,47.29510783362991,0,2,5,1,1,4.305871893626113,0.0,10.601246990301568,0.41524046877872645,0.700045474579509,0.9566854926610493,-0.6717172127772149,0.0,0.127733281926954,0.47234705326187854,low,0
S0030,2025-03-29,13,mid,6,34.12658565075525,0,4,1,1,0,4.872710397037535,0.0,8.35427923922422,0.9183510389633548,0.9436787885429893,0.9793208915800982,-0.03735747694192115,0.0,0.08647998783146615,0.7727032816372329,low,0
S0030,2025-03-30,13,mid,7,61.76454828599283,0,3,2,0,0,3.560806448773871,0.0,8.78066637922293,0.6111908211924004,0.6835298039635364,0.6979682632449585,-0.6494454824585694,0.0,0.30584380711465975,0.1990529035646985,low,0
S0030,2025-03-31,13,mid,8,64.83425159432961,0,1,3,1,1,4.928318039707669,0.0,7.228763905594702,0.6981217796931782,0.8503547827736031,0.1712709502537273,-0.12444264174928632,0.0,0.2514801950137775,0.25582308996660164,low,0
S0031,2025-01-01,1,mid,0,49.898700795696286,0,1,3,0,1,7.071078035550833,0.0,10.69820967302596,0.19568998676961202,0.8100156993237878,0.41478246130523333,-0.6446106223011951,0.0,0.7612452023882328,0.762011097615281,low,0
S0031,2025-01-02,1,mid,2,36.39256195351442,0,1,1,0,1,5.246661515237749,0.0,11.841297981421414,0.5228990837382539,0.07142515293286433,0.14934590494457778,0.6990521535283023,0.0,0.9906759778258083,0.4151791358982695,low,0
S0031,2025-01-03,1,mid,3,56.691180434137614,0,1,5,1,0,5.033863678854361,0.0,11.86301244380968,0.11091322822679694,0.08042548317316278,0.01837661922883893,-0.14415322627146177,0.0,0.2732362650820833,0.895218915346694,low,0
S0031,2025-01-04,1,mid,3,45.67992237806284,0,1,2,0,1,4.733616341722881,0.0,8.563889040280673,0.08284289848749538,0.003366434071603308,0.9605572239015918,0.9922546960525604,0.0,0.5555029515318131,0.2389558499454839,low,0
S0031,2025-01-05,1,mid,3,56.50511570555706,0,0,3,1,1,4.642284348808475,0.0,13.07393692632163,0.3281546194764253,0.6441239201441021,0.8069879482555249,0.463369884103642,0.0,0.6156029380507063,0.2315110444448314,low,0
S0031,2025-01-06,1,mid,3,35.503533621214096,0,1,5,1,1,5.3256521622898125,0.0,10.060465678641316,0.8437233091504496,0.08586705309304188,0.8423436716624867,0.07262261629248012,0.0,0.6603234674133116,0.12976572009566378,low,0
S0031,2025-01-07,1,mid,3,42.49224413431085,0,1,2,1,0,5.542905588553216,0.0,8.157622095320264,0.6781264010341463,0.6139874071316246,0.8765605018630944,-0.24343861454173643,0.0,0.9022695826245776,0.036925368846130846,low,0
S0031,2025-01-08,2,mid,2,35.635688032586565,0,1,1,0,1,6.030383552040174,0.0,10.44738724108414,0.2711847989849292,0.6659844886185363,0.035084789724432075,-0.9979859972257425,0.0,0.025358211076852766,0.44891175365391267,low,0
S0031,2025-01-09,2,mid,2,45.17623313624548,0,1,2,1,1,5.47745094991444,0.0,14.399525533543063,0.6229498283114139,0.27941929316755376,0.08545381815700315,0.4746123239525575,0.0,0.6118633333725508,0.9383318313487844,low,0
S0031,2025-01-10,2,mid,2,51.995017556766896,0,0,5,0,0,8.451198715208193,0.0,14.556421659725657,0.6815010011790832,0.5764423234058117,0.38091804701323273,-0.9526666013068024,0.0,0.9050884681235422,0.32692172982014134,low,0
S0031,2025-01-11,2,mid,5,48.66678561165223,0,0,4,0,0,4.541215755668359,0.0,14.336207726424588,0.49656675091435765,0.435366932987857,0.29331063652223044,0.05558281109753316,0.0,0.05344506950056682,0.9918870619371684,low,0
S0031,2025-01-12,2,mid,3,43.68399426226895,0,1,3,0,0,3.1044938079982565,0.0,10.323306637286825,0.8294552793163437,0.13120246452775997,0.3159601338432465,-0.24041440753145804,0.0,0.8072859401623712,0.083536674672822,low,0
S0031,2025-01-13,2,mid,0,27.460250580556767,0,1,2,0,0,3.7821288977377407,0.0,9.060663674414975,0.3045799978720354,0.9717783292063804,0.9628562460923007,0.5207727091019818,0.0,0.5210482627829572,0.780779798792245,low,0
S0031,2025-01-14,2,mid,2,45.07641085936466,0,1,3,0,0,6.818295667269064,0.0,5.3010455707354245,0.6580410387073763,0.6489807271981858,0.018544796278140097,-0.6954519845046423,0.0,0.8562026903572029,0.9398422725950423,low,0
S0031,2025-01-15,3,mid,5,58.2677594391413,0,1,2,1,0,3.5061158203994065,0.0,8.636645376979558,0.0865293713977795,0.24169733579744201,0.7365546420021912,0.6759984447514853,0.0,0.8617208459819216,0.27014827370994365,low,0
S0031,2025-01-16,3,mid,1,51.99141182736901,0,2,2,0,0,6.510621229759424,0.0,12.411272180184625,0.8175020945837638,0.3077451511814844,0.9671131653352923,-0.9523636497318628,0.0,0.4812000961148877,0.2702849383422956,low,0
S0031,2025-01-17,3,mid,3,51.21705475721499,0,1,1,0,0,4.776072010013488,0.0,10.585137298580614,0.9105996994047713,0.5914613930812666,0.7379380219353708,-0.12021585698436077,0.0,0.8068572216561053,0.9704928927654134,low,0
S0031,2025-01-18,3,mid,2,33.65992765724712,0,1,2,1,0,7.899598289884008,0.0,14.977639755360679,0.14709405139686238,0.4040825999612633,0.755135709770984,-0.966487948895977,0.0,0.1469478838983882,0.9958283743247446,low,0
S0031,2025-01-19,3,mid,2,62.114924266546936,0,3,2,1,0,7.6261461308211045,0.0,8.490525489953408,0.720352958386703,0.650975796363222,0.9653514244191375,0.16354884383509516,0.0,0.2483757439200639,0.024766047932225477,low,0
S0031,2025-01-20,3,mid,5,38.74968869012602,0,0,3,0,0,6.557971319966136,0.0,7.418544538335813,0.22717011042737145,0.45794533477435484,0.8188775511367119,0.8307810709289392,0.0,0.7226057936657777,0.42922841153295366,low,0
S0031,2025-01-21,3,mid,4,51.73918472979233,0,4,1,1,0,9.317001211832597,0.0,10.382444763381056,0.009552776616969072,0.572783567692434,0.47319838107393963,0.9246120893895988,0.0,0.9017092986027271,0.7976039294333856,low,0
S0031,2025-01-22,4,mid,2,38.91327197847592,0,1,3,0,0,7.693270531297934,0.0,12.537120667736662,0.031730976556135326,0.1176900412623928,0.3151104214386995,-0.3537431661073491,0.0,0.900515934478664,0.6845053988499177,low,0
S0031,2025-01-23,4,mid,4,40.19116284194175,0,0,1,0,0,3.866001664645906,0.0,3.5876538808006186,0.898327323304383,0.04704366452866893,0.7838686941138514,-0.09156448353132185,0.0,0.37651835104967124,0.44692129183683904,low,0
S0031,2025-01-24,4,mid,4,40.24645236675748,0,3,5,0,0,4.372259370241083,0.0,11.905013429632506,0.4743051602887971,0.6883101436291368,0.7947456638086144,0.15563352778589779,0.0,0.5137481779566526,0.6917635455849871,low,0
S0031,2025-01-25,4,mid,3,42.45837484976781,0,0,4,0,1,5.344830777252073,0.0,5.917044615685698,0.45572018705089945,0.32476661433901866,0.8335428341509608,0.009893985993052912,0.0,0.09152999208409918,0.2957643540736953,low,0
S0031,2025-01-26,4,mid,2,39.824887262543214,0,1,3,1,1,5.356163133321349,0.0,7.080361904974275,0.932597996782375,0.1377492766202979,0.7048147242314624,-0.12420662523922998,0.0,0.293976589728804,0.8531092183924258,low,0
S0031,2025-01-27,4,mid,5,33.03062588028355,0,1,3,1,0,5.178876945442224,0.0,7.882676045894778,0.3094542250772635,0.0715475321450858,0.7532092689057405,0.3068595385242614,0.0,0.7934300649663961,0.9392339583464484,low,0
S0031,2025-01-28,4,mid,4,49.10630725562607,0,0,5,0,0,2.2945302297800056,0.0,15.093896558054126,0.14850412902192045,0.08904435982445569,0.7444431561771444,-0.5227521009561904,0.0,0.8474503127667234,0.7430272438218404,low,0
S0031,2025-01-29,5,mid,3,28.884343776624892,0,1,3,1,0,5.378602121695194,0.0,6.029967003627322,0.4780024793583103,0.3164956420511599,0.5168868869203568,-0.2883568712977722,0.0,0.34319406746729075,0.2653955253569925,low,0
S0031,2025-01-30,5,mid,0,61.50102213808546,0,0,5,1,1,4.1457141712719405,0.0,12.443736671452706,0.45695304371006684,0.4936103041322142,0.5207011232068153,-0.7308579909903716,0.0,0.7750587617007498,0.34781569255523737,low,0
S0031,2025-01-31,5,mid,1,50.76704878883146,0,2,2,1,1,6.924445870559747,0.0,8.493896969383679,0.25196214363122926,0.24422167899226,0.6758887574206133,-0.8061497957265658,0.0,0.360279992361924,0.295426306844221,low,0
S0031,2025-02-01,5,mid,3,57.04845208276335,0,1,2,0,1,7.115938234595271,0.0,10.12929882913413,0.9575834982741539,0.5558862723971549,0.3071502455864058,-0.5213497967976994,0.0,0.4770482097004721,0.296338566654224,low,0
S0031,2025-02-02,5,mid,4,42.17983612960535,0,1,3,1,1,3.5834473233263866,0.0,7.189497283427343,0.3848461181744145,0.9155219949929847,0.367569024965157,0.04767048077244196,0.0,0.1620261614178422,0.7359732010520706,low,0
S0031,2025-02-03,5,mid,1,63.847395547871756,0,4,1,1,1,3.980734688224131,0.0,7.942712507440469,0.16310338942483948,0.3374795179787451,0.28928013372633876,0.20220449709846977,0.0,0.9964600144192844,0.0525090554855685,low,0
S0031,2025-02-04,5,mid,2,48.244126608303056,0,0,5,1,1,3.920907417172366,0.0,5.50366854499463,0.8244283640865266,0.7585835118711071,0.13261803673492822,-0.7844462509406467,0.0,0.5437205284128771,0.10211181847987061,low,0
S0031,2025-02-05,6,mid,2,52.18284003713475,0,0,2,0,0,1.8704202075838419,0.0,11.101915017821938,0.1483947577576188,0.2266666945167335,0.2510931570640299,0.008166912238972035,0.0,0.38592303655556226,0.07549028102196009,low,0
S0031,2025-02-06,6,mid,4,46.83394060161771,0,2,5,1,1,6.335029572547422,0.0,6.618192096794166,0.8336108723679096,0.9573862278800831,0.622334335981641,-0.7383319579844909,0.0,0.053847905909911065,0.2785131389244698,low,0
S0031,2025-02-07,6,mid,3,52.75352280027644,0,1,4,1,0,3.197456164673467,0.0,6.7352150840470095,0.9952212533561309,0.9916877376561254,0.18704884683708478,-0.5739356838061511,0.0,0.4919063705604325,0.14878433373771016,low,0
S0031,2025-02-08,6,mid,0,46.015689846316434,0,0,4,0,1,6.303275550011047,0.0,7.926090661028409,0.8158347896358183,0.5001601020831311,0.6948828070719497,-0.844799386020106,0.0,0.8495287294881849,0.832728756418908,low,0
S0031,2025-02-09,6,mid,3,47.46288956941382,0,0,5,1,1,2.567345108345878,0.0,14.283449857817311,0.4178804513602944,0.05043770203927478,0.9242678604371359,-0.8237619733410135,0.0,0.5799307906855448,0.8716518812388218,low,0
S0031,2025-02-10,6,mid,4,41.4789850095721,0,1,2,0,0,4.212735842956629,0.0,13.700868702212217,0.4306453287188552,0.347943970197658,0.35172344306097325,-0.06408937232996204,0.0,0.9459285523714578,0.936018120588765,low,0
S0031,2025-02-11,6,mid,0,65.6021662142509,0,3,1,0,0,5.8059843742576005,0.0,14.599949204939236,0.38668816824415575,0.3559571634322616,0.15076897355727104,-0.3183307450679771,0.0,0.029344140978335043,0.5024019140757711,low,0
S0031,2025-02-12,7,mid,3,46.67475909435631,0,0,5,1,1,5.8118472624148305,0.0,11.510504908616625,0.14904705675597152,0.33605716566233645,0.21397101999311452,-0.9144017623868301,0.0,0.7391754246755987,0.42835958142290353,low,0
S0031,2025-02-13,7,mid,2,33.98939464044561,0,0,3,1,0,0.0,0.0,8.968290816867071,0.7613848852843905,0.06289854910076087,0.3666804560952037,0.1514679151075129,0.0,0.4605775627391877,0.18163888987797439,low,0
S0031,2025-02-14,7,mid,1,34.31327232933208,0,1,3,0,0,2.026550225204037,0.0,3.7368523298286984,0.5488890634957373,0.5956891972625116,0.5905556004103395,-0.9310005551779121,0.0,0.8188424328979528,0.19485281907483798,low,0
S0031,2025-02-15,7,mid,2,39.568267835231765,0,2,5,0,0,5.140568900534223,0.0,4.239020233837337,0.30494503143136364,0.20730390440611646,0.8698119690665997,0.49556735043075184,0.0,0.34522006055417664,0.7650123626288985,low,0
S0031,2025-02-16,7,mid,1,36.52976483345016,0,0,3,0,0,5.783881114657904,0.0,10.40046314486116,0.16583351950509206,0.4606036258817001,0.7430463946520506,-0.5729033575101989,0.0,0.6846767432626495,0.47380335675946506,low,0
S0031,2025-02-17,7,mid,4,35.82431421345781,0,2,4,1,0,3.2417412640257535,0.0,8.649200224205565,0.39253141467821473,0.2205656605586258,0.49415322359809577,0.5637854169806551,0.0,0.6601303889505533,0.4359349047817289,low,0
S0031,2025-02-18,7,mid,2,35.38117033194612,0,5,4,1,0,6.233905922136641,0.0,9.018247302854604,0.007758583685436249,0.4540611460307561,0.40212349123728686,0.8053160135589965,0.0,0.4722961759194456,0.4179387534888964,low,0
S0031,2025-02-19,8,mid,1,59.824283371093536,0,2,2,0,1,5.145259998285959,0.0,13.140729222774144,0.1440806321409519,0.6428633249017549,0.5200527415372135,-0.9436329053745354,0.0,0.3992432047266242,0.784787992942911,low,0
S0031,2025-02-20,8,mid,1,49.40566903491188,0,1,3,1,1,2.7945873023767773,0.0,6.026128456292292,0.24911439927055723,0.4184682069440496,0.16212992208671784,-0.3605867449551805,0.0,0.7778801753249311,0.2156188916291083,low,0
S0031,2025-02-21,8,mid,2,51.68260365947747,0,0,1,0,1,6.353278058392979,0.0,11.08522792518238,0.07501668262212002,0.4459077352581128,0.6071752203290078,0.3525535716641359,0.0,0.996195912374829,0.6826919603167207,low,0
S0031,2025-02-22,8,mid,1,53.567194180604616,0,0,4,0,0,1.322467935174449,0.0,11.08616497170791,0.6673261632938063,0.5494514944575069,0.9267110060221794,-0.9246322261002238,0.0,0.47003727494014136,0.192759555350709,low,0
S0031,2025-02-23,8,mid,4,46.20862167602732,0,1,3,0,0,10.208820064581221,0.0,7.249146485928129,0.19759419649401477,0.8712010757447117,0.9653026636972849,0.09790978400975447,0.0,0.2561253613026452,0.8768264339430827,low,0
S0031,2025-02-24,8,mid,1,37.67907656739521,0,0,5,1,1,5.1758121638123225,0.0,10.86057152092611,0.16697547059473172,0.48804125940036724,0.18463581627322012,0.21203360227399526,0.0,0.34140620419721923,0.19559267106658906,low,0
S0031,2025-02-25,8,mid,3,33.61376388714689,0,1,5,1,1,8.662013960954264,0.0,11.179932080657329,0.762239278961011,0.6886389351561069,0.6468336203055937,0.09511850555576729,0.0,0.4791954541955694,0.9961250195648306,low,0
S0031,2025-02-26,9,mid,2,42.43726063440018,0,1,3,0,0,5.343789321803892,0.0,10.716232286799514,0.967068834026938,0.5409988329897432,0.5105599460835609,-0.9739360167520206,0.0,0.18060758290152978,0.4976202957191841,low,0
S0031,2025-02-27,9,mid,3,50.50209902468957,0,0,4,1,0,7.968643683029368,0.0,11.578333630195594,0.24038543557127967,0.7615409226294236,0.8284754400232166,-0.13834120557104734,0.0,0.5719564727479653,0.9718725349295546,low,0
S0031,2025-02-28,9,mid,2,56.744720012347074,0,2,5,0,1,2.323597039730201,0.0,11.587027961229182,0.6742686896143166,0.8565235620796813,0.11232776084763585,0.8328762865788493,0.0,0.9202042814189951,0.013464406231317838,low,0
S0031,2025-03-01,9,mid,1,32.59833543102481,0,1,4,1,0,4.389093820157911,0.0,10.085095215550185,0.10006606994350131,0.7773978455320211,0.4349493486747815,0.9961166257559284,0.0,0.6956776757133046,0.9496011443909158,low,0
S0031,2025-03-02,9,mid,2,39.441005212918775,0,1,4,0,0,5.365026275349643,0.0,8.063568467054115,0.5913952441985306,0.04147728694996011,0.4604778344369488,-0.1284633841879308,0.0,0.546689129702555,0.7378447104367875,low,0
S0031,2025-03-03,9,mid,2,28.039171684631647,0,3,1,0,1,4.488327294211439,0.0,9.693590288352281,0.2786587127412299,0.17945136996246636,0.3197312159759891,0.22653235924849469,0.0,0.5004318874387497,0.7108503823423064,low,0
S0031,2025-03-04,9,mid,2,41.54073576328193,0,0,4,1,1,9.109134613158862,0.0,6.053929172571354,0.3276728963733063,0.496233996921005,0.1988311864306065,0.14854824045097081,0.0,0.4078168082796595,0.8492596872684504,low,0
S0031,2025-03-05,10,mid,1,23.97298246442042,0,1,4,1,0,6.851594086865938,0.0,6.592771321314787,0.09742696997720213,0.8218466603180131,0.9882281109189571,-0.2526181095844313,0.0,0.5055301019148967,0.44271197983980226,low,0
S0031,2025-03-06,10,mid,4,57.99333673657743,0,1,3,1,1,3.4478004554315236,0.0,14.996892559488385,0.9044841327282831,0.5898928438518033,0.7464680485854869,-0.1368008718213216,0.0,0.4315280662334853,0.06835049978353547,low,0
S0031,2025-03-07,10,mid,2,47.749207873521904,0,1,5,0,0,7.555251508338986,0.0,17.94880641609375,0.31618902016491846,0.23123843559918567,0.07383496411555501,0.4363499640050972,0.0,0.2892752631703708,0.3891979631956072,low,0
S0031,2025-03-08,10,mid,3,52.95483291349085,0,0,3,1,0,4.808502079495104,0.0,7.493567295940516,0.8783339279746922,0.3053396054787265,0.25833761849449277,0.6747693284949332,0.0,0.30599485543093097,0.47689197955502205,low,0
S0031,2025-03-09,10,mid,1,39.855507354260155,0,0,4,1,1,5.018120107513511,0.0,8.204559320727643,0.05101221250842991,0.45682267644928254,0.6288681593326368,0.4894463828566147,0.0,0.1385320052606267,0.1665752834613481,low,0
S0031,2025-03-10,10,mid,3,44.944597611278674,0,0,4,1,0,6.299251613126112,0.0,9.009137948233748,0.4217090849064403,0.5618086584185589,0.6432722693315884,-0.7337834445866982,0.0,0.03711140196004237,0.4268002874401635,low,0
S0031,2025-03-11,10,mid,3,32.854478492107674,0,1,3,0,0,2.978243715437922,0.0,9.070692464751167,0.0022404730736960143,0.2602585403964749,0.08721040091895471,0.9726910461806944,0.0,0.7616533179518026,0.0037047963220088187,low,0
S0031,2025-03-12,11,mid,3,33.80239091584961,0,1,5,0,0,3.934608642029919,0.0,9.86377355836814,0.9219619872428391,0.3760882271326291,0.4166491705971155,-0.42038094121759384,0.0,0.8912900198940817,0.34458476871785626,low,0
S0031,2025-03-13,11,mid,3,31.908429564949245,0,1,2,0,1,6.871635270602002,0.0,13.656698501697466,0.6807548014226098,0.6459076425940251,0.15631233319089832,0.7759819693498169,0.0,0.5857527330062068,0.3823870600213708,low,0
S0031,2025-03-14,11,mid,3,39.279491337258236,0,1,3,1,1,5.679073446830626,0.0,11.087965857325019,0.8362468629999801,0.6676534275778808,0.40383106927245993,0.3345737081276743,0.0,0.8367343340599133,0.35064246462442106,low,0
S0031,2025-03-15,11,mid,2,32.04450731933675,0,1,1,1,1,8.102628950598561,0.0,7.527192240681219,0.6028118027517753,0.5428764766869573,0.5890571502453857,0.31069518523885464,0.0,0.9687041926920575,0.7531580615951905,low,0
S0031,2025-03-16,11,mid,2,31.95443552987247,0,1,2,1,0,7.076464093016066,0.0,13.74406768183708,0.7625674778251204,0.18875400324937097,0.8057849920184179,0.9402806577970699,0.0,0.6116432747563043,0.012355342993489171,low,0
S0031,2025-03-17,11,mid,0,42.281774380277646,0,2,2,0,0,4.7279147392570415,0.0,13.533154106171795,0.6534694974088487,0.5651436065908029,0.10745634613663502,-0.8858832326363459,0.0,0.37701818971641354,0.36155029754571766,low,0
S0031,2025-03-18,11,mid,4,59.48860376314489,0,3,2,1,1,3.201174026844534,0.0,10.555378470813148,0.5733458084199712,0.5976424371659868,0.789193136773331,-0.9035414660101877,0.0,0.4663153671950939,0.9227702583368131,low,0
S0031,2025-03-19,12,mid,2,52.57751315277474,0,2,5,0,1,3.152595291119691,0.0,9.027638131152202,0.9334822582810486,0.5862059353395086,0.9879875256057654,-0.6522682494252188,0.0,0.5458355785178283,0.10988619768320362,low,0
S0031,2025-03-20,12,mid,3,45.617919138534816,0,0,4,1,0,3.4703481419945414,0.0,10.930726651964134,0.9535598817329719,0.29431267864313715,0.29540061103847226,-0.9078678085858818,0.0,0.24601751787357418,0.4189793556762377,low,0
S0031,2025-03-21,12,mid,1,36.985577061699246,0,0,1,1,0,1.5021236868913075,0.0,8.465068435256253,0.3047921341479578,0.5544375764939008,0.30229267773907476,0.26159463973238917,0.0,0.9894545137251151,0.04117639775380566,low,0
S0031,2025-03-22,12,mid,2,40.91734890004383,0,1,5,1,0,3.788652679813474,0.0,11.372046054282686,0.07755900252654213,0.6307785372626386,0.009950909049507684,0.6035409823394315,0.0,0.06685275356609877,0.5243542594203608,low,0
S0031,2025-03-23,12,mid,2,53.058012141499056,0,0,2,1,1,3.9312863211051075,0.0,8.236947016775119,0.08688261893481608,0.3644710161433977,0.8249272405931732,0.6727182476454379,0.0,0.8623625328008345,0.03670402948888152,low,0
S0031,2025-03-24,12,mid,3,47.28853033936646,0,3,5,0,1,3.878227686924561,0.0,8.44594291502045,0.5592642281521586,0.1044748171722304,0.8216445541324298,-0.5454132982500153,0.0,0.5492908503199451,0.1254602083662052,low,0
S0031,2025-03-25,12,mid,3,52.96873144893465,0,0,5,1,0,4.889522110453564,0.0,14.673143152861638,0.12018366571275951,0.5504782568656125,0.20086630473910294,0.34554536283684545,0.0,0.7086196112074435,0.7608400536602561,low,0
S0031,2025-03-26,13,mid,3,52.55005761421419,0,3,2,0,1,3.53432836653713,0.0,8.27147058742976,0.44859236168784045,0.9969267212393792,0.08847335176581472,0.42398800932106306,0.0,0.8508356470209619,0.9964476449100405,low,0
S0031,2025-03-27,13,mid,1,59.69960075175152,0,0,2,0,0,5.906405834559138,0.0,12.092642604635696,0.7043609698180437,0.2796110110841158,0.8333486115544758,0.15884114452588638,0.0,0.4468655742385731,0.8654221241080758,low,0
S0031,2025-03-28,13,mid,4,33.758839098795335,0,1,5,0,0,6.33731845417547,0.0,10.216352679097637,0.6517635647014556,0.8814988979035911,0.022886901230190104,-0.2608980476340359,0.0,0.9353072098979855,0.039289601793309425,low,0
S0031,2025-03-29,13,mid,0,47.67583591570181,0,1,4,1,0,5.074334531259372,0.0,12.806273838468845,0.5645753668971301,0.08413178797102505,0.3652187541573678,-0.6875622784389972,0.0,0.5259314943609428,0.5507321456719495,low,0
S0031,2025-03-30,13,mid,3,48.69236819261309,0,1,4,1,1,5.72112600347109,0.0,6.989805284483159,0.013085883842810175,0.24566932845424272,0.5914084975014595,-0.08717591999465846,0.0,0.49354949024323136,0.660562050459606,low,0
S0031,2025-03-31,13,mid,2,35.57791920828173,0,2,2,0,1,6.095614610540469,0.0,5.839467584392837,0.266873982245895,0.870918516780872,0.8902878680834079,-0.3556781598606047,0.0,0.6453432463252868,0.8876753681759012,low,0
S0032,2025-01-01,1,mid,3,46.506343403184424,0,0,5,1,0,6.041133560422165,0.0,7.002561465402134,0.2789237446969288,0.26061702796880404,0.32451793409034246,0.04079273303370856,0.0,0.8044539233286228,0.4986437508896262,low,0
S0032,2025-01-02,1,mid,3,41.492723890542166,0,0,5,0,1,7.717785294310767,0.0,9.090128979698175,0.8712172573410016,0.044263352147275836,0.26608776335426676,0.766967876118906,0.0,0.38874248675261425,0.2786220784646015,low,0
S0032,2025-01-03,1,mid,2,30.78496163384025,0,0,2,1,1,2.710627027889417,0.0,3.1339592375095293,0.7781539637923898,0.25258997749181755,0.309641788357614,-0.9714480842318964,0.0,0.9028306150142225,0.6855569393226935,low,0
S0032,2025-01-04,1,mid,3,41.76871661915401,0,0,1,0,0,8.208694867587546,0.0,13.331740952526207,0.1472684241652119,0.4701676797705997,0.30099764768366644,-0.1360587310001673,0.0,0.6622468735307563,0.1491510936017556,low,0
S0032,2025-01-05,1,mid,2,42.76409859867779,0,0,4,1,1,8.19430335643147,0.0,11.394963469181803,0.19912617369352492,0.4724814717291016,0.46436208846883975,0.6786905111783856,0.0,0.7773064004522209,0.2319264953260175,low,0
S0032,2025-01-06,1,mid,3,35.76958701182398,0,1,5,1,1,4.585897231558521,0.0,7.928363652254193,0.6445410319383181,0.7710867921869764,0.6526578889131948,-0.2049584539685061,0.0,0.9919510967319315,0.0415323584204732,low,0
S0032,2025-01-07,1,mid,6,27.003824785637033,0,0,1,1,0,4.250977000450099,0.0,9.177879251509324,0.5435723049426254,0.12014322685146239,0.34608872385951317,-0.627833336718123,0.0,0.7069161082827781,0.8720088534999877,low,0
S0032,2025-01-08,2,mid,1,60.702922982743864,0,1,3,0,0,3.878036585077425,0.0,16.53307697832509,0.3664479125863098,0.2507099472414258,0.44150793098699503,0.6119438505065455,0.0,0.8440226950824347,0.9580055190877754,low,0
S0032,2025-01-09,2,mid,3,31.7792069662817,0,1,2,0,1,5.122032052697144,0.0,15.692062282176462,0.3060815097523324,0.46052203679707604,0.6364835371380434,0.7585646348590289,0.0,0.5558678676787286,0.27673529477375014,low,0
S0032,2025-01-10,2,mid,2,49.41322402364406,0,1,1,0,1,7.369971872291748,0.0,14.301396614216118,0.9153724488660472,0.5132793322523276,0.4007780308880077,-0.5647544891881353,0.0,0.14453619451042987,0.791768814469655,low,0
S0032,2025-01-11,2,mid,2,35.25758519489693,0,1,2,1,1,4.966702606977484,0.0,16.95617448243732,0.5193264920246539,0.7380061462013471,0.6266700536714184,-0.49938202330857306,0.0,0.07422593142373779,0.840234067365291,low,0
S0032,2025-01-12,2,mid,1,35.25499184863531,0,1,3,0,1,6.69065138284146,0.0,10.32207214151132,0.1244402835971109,0.5905096872577219,0.7317692802096527,-0.7306202789522493,0.0,0.5132734096514536,0.08880427383513201,low,0
S0032,2025-01-13,2,mid,1,64.05272879138268,0,0,4,0,1,6.947017996872969,0.0,12.007588464164808,0.17862790041878374,0.11911350287365108,0.007835173112860194,-0.38838422160080266,0.0,0.815955682417861,0.7727658286860162,low,0
S0032,2025-01-14,2,mid,3,50.08561361109722,0,0,5,0,1,4.949845806687849,0.0,8.372135538634222,0.36000554381125893,0.5585235092330675,0.06616094112496795,0.17660023027935923,0.0,0.06500236879837717,0.42368420524228145,low,0
S0032,2025-01-15,3,mid,1,38.54566423189563,0,0,3,0,1,11.235825805264389,0.0,3.9121780019214576,0.7881257386811263,0.6953797125684523,0.23706112288919579,-0.9490673019118743,0.0,0.7784492091546666,0.12974279922407228,low,0
S0032,2025-01-16,3,mid,3,46.35666161513891,0,1,4,0,0,4.502422667421657,0.0,10.603840869303735,0.2688202817866646,0.3252316876781838,0.9607531669484962,0.024445279814734988,0.0,0.007413558813959997,0.3801858228700955,low,0
S0032,2025-01-17,3,mid,1,40.00896509195959,0,0,5,1,1,6.993563121385338,0.0,11.129824829504525,0.28654441037387957,0.07862313213447392,0.204179891363218,-0.12181957305291724,0.0,0.515063862049679,0.9418952720779771,low,0
S0032,2025-01-18,3,mid,3,47.58828831676881,0,0,5,1,0,0.5334558924706458,0.0,13.460805429420557,0.7743687871821682,0.930706409664446,0.08641205211886827,0.6005057624699461,0.0,0.12867114090064513,0.08027718324960775,low,0
S0032,2025-01-19,3,mid,2,51.071528115005165,0,0,5,0,1,9.467444075926338,0.0,8.081405532509013,0.8692698288699947,0.003081398269308311,0.21414066091594874,-0.8074589141624409,0.0,0.0970977015590625,0.9457774131399048,low,0
S0032,2025-01-20,3,mid,3,49.05572369051801,0,0,3,1,0,5.109748897345503,0.0,10.620622732161527,0.07707789278319088,0.586753449498431,0.7408630797975824,0.8661919924495509,0.0,0.045458691805220774,0.7750423088127308,low,0
S0032,2025-01-21,3,mid,3,40.9945104972654,0,3,2,0,1,7.850942675730516,0.0,5.642413891120661,0.19914580799419024,0.11053963599156102,0.5510384502187822,0.10918909966706813,0.0,0.3697423395011975,0.31173853264171825,low,0
S0032,2025-01-22,4,mid,4,39.775805061843194,0,0,1,0,1,6.459137112042423,0.0,12.442357426101957,0.6502488430168548,0.8536174968395771,0.493081247824666,-0.636540979604014,0.0,0.7680497242692065,0.9195063741758853,low,0
S0032,2025-01-23,4,mid,4,38.56745878811666,0,0,5,1,1,7.881010647100305,0.0,11.069700632728594,0.8132311705575417,0.8923698982253471,0.9011195328474305,-0.8946183488929069,0.0,0.12290760801279543,0.8260608781872083,low,0
S0032,2025-01-24,4,mid,2,48.12299364203607,0,0,4,0,1,2.686761635826999,0.0,9.637208499240291,0.7095504493463056,0.3697404704538627,0.5424166929335922,0.20920243500542113,0.0,0.8365256962277771,0.08175936835006037,low,0
S0032,2025-01-25,4,mid,3,44.57385672002564,0,0,2,0,1,3.843975209675191,0.0,10.242107084248156,0.8018665733261261,0.054521488951482566,0.9343665639919007,-0.5765651079192209,0.0,0.48792614465705475,0.07228096876630907,low,0
S0032,2025-01-26,4,mid,2,73.89226654750715,0,1,2,0,0,3.992573620292559,0.0,10.735520799315152,0.16260560374667066,0.10016667950145908,0.7907102251994925,0.5457417262296869,0.0,0.408034620109873,0.8214007884767329,low,0
S0032,2025-01-27,4,mid,2,54.52798320407048,0,0,1,0,0,9.77662502974081,0.0,9.310193699902223,0.8840178597901833,0.17353919878515645,0.5046168826401256,-0.15146548142477578,0.0,0.2959200901005964,0.9196081769537723,low,0
S0032,2025-01-28,4,mid,2,53.97822743990039,0,2,1,1,1,6.250748511774314,0.0,8.815487432050018,0.7700044132524325,0.0018443169182416064,0.8741191420980978,-0.8423754005960447,0.0,0.6552656175468727,0.15147476821682637,low,0
S0032,2025-01-29,5,mid,5,37.13167288933382,0,1,4,1,0,4.7636247927877635,0.0,8.69173194295422,0.55731653707016,0.6051834227669173,0.5781529411412988,0.3858813078042589,0.0,0.9668162024195229,0.39058652112871106,low,0
S0032,2025-01-30,5,mid,4,50.138626704797716,0,1,5,0,1,2.314600539634413,0.0,11.160643675886629,0.505981358152432,0.8843568097607005,0.8686018780322435,0.5015758499920222,0.0,0.697195514437225,0.15327913776045088,low,0
S0032,2025-01-31,5,mid,2,43.97305930357582,0,1,4,0,1,5.563830912163553,0.0,11.307773101257101,0.5647290005073813,0.5981849147266962,0.3205822768226192,-0.6460076172191094,0.0,0.13063620482378013,0.18202352111677145,low,0
S0032,2025-02-01,5,mid,2,50.86690216553847,0,1,5,1,0,3.917611236037372,0.0,11.823856997174026,0.8310247359056293,0.6570588544420811,0.22028016779692494,-0.8691849083181786,0.0,0.7749925414389587,0.21896304581618675,low,0
S0032,2025-02-02,5,mid,4,54.26604405392498,0,1,1,1,0,9.991158455709689,0.0,10.739761472312622,0.5663712269473736,0.9466985773454252,0.8964132367792893,-0.5290054296878599,0.0,0.2627597777150451,0.9814380721324324,low,0
S0032,2025-02-03,5,mid,2,46.45505655592461,0,0,1,1,0,5.51293316370229,0.0,7.534552752933626,0.41943148464160596,0.7887027791070517,0.273712758358726,-0.23430629813314585,0.0,0.16739133043091559,0.25249012625038036,low,0
S0032,2025-02-04,5,mid,2,48.18416381855355,0,2,3,1,1,8.138731891377253,0.0,8.243786984590404,0.7052033520018945,0.9655925944739431,0.19090129667967437,-0.9669607768000763,0.0,0.32232326098720276,0.14969261248271604,low,0
S0032,2025-02-05,6,mid,3,46.12893537007881,0,1,3,0,1,3.3633678985872626,0.0,9.394611086834049,0.498780957395045,0.1905245290265395,0.3552786838876294,-0.35929944409090053,0.0,0.987286867447736,0.6395132485108767,low,0
S0032,2025-02-06,6,mid,6,26.00350856435097,0,2,4,1,0,6.33451966636486,0.0,18.06113127549707,0.029934180218033624,0.5824646267915168,0.7092138633046741,-0.5080006636580967,0.0,0.1068686597550419,0.2116444562248555,low,0
S0032,2025-02-07,6,mid,2,67.00077258375494,0,1,5,1,1,2.6871284057647036,0.0,12.731280447831798,0.8144102939373876,0.02950485919915935,0.19034702929344505,-0.4373740398988837,0.0,0.9252898348100883,0.7963189563706656,low,0
S0032,2025-02-08,6,mid,2,54.916132425623644,0,2,2,0,1,7.800590666312999,0.0,8.811187904320464,0.21289120591610955,0.7327938547210769,0.7853532830523928,0.43304881976717957,0.0,0.8498130653571617,0.41333544684960566,low,0
S0032,2025-02-09,6,mid,2,45.240345201854254,0,0,3,1,1,5.273801143533318,0.0,11.448625493306864,0.5201806600696012,0.38740378406952847,0.07705001242247667,-0.7333059896592609,0.0,0.011695196926140294,0.9986924846668508,low,0
S0032,2025-02-10,6,mid,3,51.06989168944163,0,1,4,0,0,3.2943549821419893,0.0,10.255378871396758,0.026810457550755507,0.36266571751667864,0.8022239320071439,-0.917697519437215,0.0,0.7043986633280541,0.6553762762642387,low,0
S0032,2025-02-11,6,mid,2,43.2061022012471,0,1,5,1,1,3.8216026538359884,0.0,6.051236414853299,0.6259638666583891,0.56291392779068,0.6406065598063914,0.4269763288747499,0.0,0.7287699904132824,0.7375575968218767,low,0
S0032,2025-02-12,7,mid,2,41.185793250643975,0,1,3,1,1,5.111679556016475,0.0,10.301286822508134,0.6864362435394149,0.43855653059922195,0.23861378671097744,0.3597261494611479,0.0,0.6083010686170992,0.7263421948483364,low,0
S0032,2025-02-13,7,mid,3,51.60313214515429,0,0,5,0,0,6.497595916244409,0.0,9.557707530654387,0.20200975420409384,0.8461031400809818,0.31001836974377317,0.4687988083982151,0.0,0.9744618166227372,0.933024643981102,low,0
S0032,2025-02-14,7,mid,4,48.61927898917656,0,1,1,1,1,4.206468019366844,0.0,11.614653435251956,0.02008243067749771,0.6429021081542521,0.1528853298643129,0.9819396395291504,0.0,0.8697308317394119,0.6084457260012177,low,0
S0032,2025-02-15,7,mid,2,57.5999860787648,0,2,1,1,1,3.416191848303323,0.0,14.777875825510055,0.8185892711946088,0.6088903711781624,0.010236431290477577,0.33293017273761416,0.0,0.9257102408562344,0.08309690318068086,low,0
S0032,2025-02-16,7,mid,5,43.92471443247525,0,0,2,1,0,4.927292257431832,0.0,7.887425966581903,0.7703874926345308,0.5422416062535823,0.951063029722898,-0.8904566415915776,0.0,0.29115554329567805,0.2207181076397886,low,0
S0032,2025-02-17,7,mid,3,60.69999374530774,0,0,3,0,0,5.844300973426383,0.0,12.795673879003218,0.5400551569225348,0.47604076189597333,0.7566097476347265,0.6175460303718867,0.0,0.21764400204055234,0.47402511305727,low,0
S0032,2025-02-18,7,mid,3,56.0906526325811,0,1,1,1,0,3.0482289130909557,0.0,12.049302092698056,0.4452235931825501,0.5779922064898877,0.1698540866514242,0.4298256532591196,0.0,0.6898827413943566,0.8871266125116286,low,0
S0032,2025-02-19,8,mid,4,62.015408003207654,0,1,2,0,1,2.306679221775505,0.0,13.162711907552623,0.3600196140898184,0.942147561616392,0.9481195205386528,-0.1632583235619638,0.0,0.679170079263289,0.9799721792479663,low,0
S0032,2025-02-20,8,mid,4,49.01715377414335,0,0,5,1,0,1.4326481537665807,0.0,9.946687927069307,0.30014762033552933,0.08417318860464407,0.9315159881080476,-0.23626643960749227,0.0,0.16223002149574972,0.14235470652501359,low,0
S0032,2025-02-21,8,mid,4,32.800119029364836,0,3,5,1,1,4.664301649455911,0.0,10.163591636037577,0.0885982029194261,0.7250296177158747,0.7628432823762891,0.08435595612865177,0.0,0.5901651274510346,0.6143658398450775,low,0
S0032,2025-02-22,8,mid,3,37.808621370895835,0,1,2,0,1,5.580906826014838,0.0,13.934397788895296,0.9613246201843493,0.7322006580416567,0.330878633492534,0.22105331982783616,0.0,0.5437000467109752,0.5802888236446817,low,0
S0032,2025-02-23,8,mid,3,58.45442819942156,0,1,4,0,0,2.892075338403654,0.0,8.765080381924255,0.3872352563648084,0.5628005221869191,0.4425394071819133,0.1864296814714812,0.0,0.5017591733685518,0.31781437340175633,low,0
S0032,2025-02-24,8,mid,2,38.81483961565052,0,0,4,1,0,2.3635632971711162,0.0,12.511972162349599,0.38408565972062536,0.2501221302665275,0.13508400997230496,-0.1279375094182218,0.0,0.8975350521706633,0.7438411005815054,low,0
S0032,2025-02-25,8,mid,4,45.027140622149254,0,1,1,1,0,4.791257000658073,0.0,12.811889202312171,0.06959393543343062,0.2006411424164536,0.4295069224354946,-0.5249433901818952,0.0,0.3922925853417206,0.33296187533605903,low,0
S0032,2025-02-26,9,mid,2,42.29268290083714,0,3,5,0,1,8.281382922917484,0.0,5.8845853866165,0.8182993399803841,0.18029673331756135,0.5411363517300267,-0.5251604114727491,0.0,0.5096707524007738,0.5794360167598911,low,0
S0032,2025-02-27,9,mid,3,32.961396953715294,0,1,3,0,1,8.91380835097172,0.0,6.910829206941761,0.07022745759308402,0.4432935288999238,0.3031364031102225,-0.003512776065614398,0.0,0.5045765359691481,0.7852316058423087,low,0
S0032,2025-02-28,9,mid,3,42.67797976630892,0,3,3,1,0,7.300729073931075,0.0,5.655352799946806,0.5335534109540218,0.025829319644252724,0.957297170082506,0.1404947309473561,0.0,0.8744917916776692,0.7346301710043245,low,0
S0032,2025-03-01,9,mid,3,42.17052016091324,0,1,2,0,1,5.754888281040859,0.0,8.202018692024206,0.9182805259955505,0.42292461342686904,0.28672692293351754,0.3554742935498745,0.0,0.2460736512382915,0.3842897465472861,low,0
S0032,2025-03-02,9,mid,3,53.84338312103228,0,0,3,1,1,6.330053415419794,0.0,9.071604412287792,0.8034708407628641,0.08615435272913508,0.4763228296261406,0.9624297904174606,0.0,0.45390537425806665,0.9329084699335033,low,0
S0032,2025-03-03,9,mid,2,47.710139729468665,0,1,4,0,1,2.34730751831298,0.0,9.595281453658256,0.34017770351094767,0.10365310560020113,0.4300081129032911,0.6549569681698162,0.0,0.5950535381289969,0.81015913252939,low,0
S0032,2025-03-04,9,mid,2,34.79960120523508,0,0,3,0,0,3.651465042337141,0.0,10.316843276983803,0.062059450627749535,0.30506747779293264,0.7713991697960549,-0.9588465179794665,0.0,0.6159272548355914,0.18370172923179373,low,0
S0032,2025-03-05,10,mid,2,51.42924638239854,0,0,3,1,1,4.732343433600644,0.0,14.452049471286651,0.8735045842269484,0.8336378765647102,0.8634460301723657,-0.7400066287436011,0.0,0.2441411245660705,0.02959727321213035,low,0
S0032,2025-03-06,10,mid,1,36.80991883540906,0,0,1,1,1,2.8730269702806335,0.0,10.330953905692553,0.9294193867830629,0.15063185849267247,0.03202539614054678,-0.47590497193410997,0.0,0.17495661302648646,0.7912382250997723,low,0
S0032,2025-03-07,10,mid,2,36.801722576150866,0,1,1,0,1,5.442821194577048,0.0,9.081951221831003,0.43964540180149614,0.0022218433296467,0.4145032668608313,0.03266315149438226,0.0,0.06887468520822926,0.15113525941620154,low,0
S0032,2025-03-08,10,mid,3,34.53889399892499,0,1,3,1,1,5.142995606170319,0.0,3.8981216124137923,0.3370528034043915,0.411758481765663,0.7320665195251462,0.7676498136558094,0.0,0.5087457298166835,0.6102510617319219,low,0
S0032,2025-03-09,10,mid,2,34.68654813170762,0,0,4,1,0,3.1877375332872555,0.0,6.97639426589355,0.9811744233604845,0.8888528886701745,0.19186897211497478,-0.4489506442701341,0.0,0.10864799306226003,0.9888707829796913,low,0
S0032,2025-03-10,10,mid,3,53.80877471045703,0,2,5,0,1,4.592015716016791,0.0,7.576599579117466,0.6016465561765669,0.35282319146670316,0.6992044277518311,0.7640999608159096,0.0,0.771892124382132,0.6426580200973039,low,0
S0032,2025-03-11,10,mid,1,45.833366534395324,0,1,4,1,0,2.2370975341208155,0.0,16.678967947781203,0.004992117897975157,0.35106665281864935,0.12736415169686444,0.9762389964873306,0.0,0.46015755923175394,0.4261266387715269,low,0
S0032,2025-03-12,11,mid,1,58.4860650549127,0,2,2,1,1,9.176786228130423,0.0,9.824883664708258,0.7027554515855868,0.17192902885924144,0.7517155035352574,0.4503455289339531,0.0,0.9975322839487789,0.9119477806724755,low,0
S0032,2025-03-13,11,mid,4,54.949217209293906,0,4,3,0,0,0.9684575976847265,0.0,14.076230699349827,0.345607300637241,0.31025000146706005,0.8554270806574897,0.5382722413436885,0.0,0.5234487524087015,0.6644804938644568,low,0
S0032,2025-03-14,11,mid,2,46.91299378542824,0,1,3,0,0,7.2964442295238445,0.0,9.208012183162891,0.44169398714766905,0.13012665249225452,0.34110045073051165,0.6094480212968314,0.0,0.9558047768625114,0.9835837545902004,low,0
S0032,2025-03-15,11,mid,2,67.24833732246131,0,0,3,0,0,6.0792237973073195,0.0,4.124186208281538,0.9048894713874821,0.8381149635430941,0.23217298530830788,0.03878047188813838,0.0,0.6591486354289616,0.9875115406311474,low,0
S0032,2025-03-16,11,mid,2,40.047190511605656,0,2,1,1,1,4.728995638467145,0.0,10.106288223066217,0.20913661725969102,0.7893192523870324,0.4537607978687864,-0.7480989642112492,0.0,0.4082596709578844,0.21190312382000254,low,0
S0032,2025-03-17,11,mid,1,41.881163611086905,0,0,2,1,1,7.490922293643292,0.0,15.040398992520878,0.722018774928167,0.13540941565389453,0.894276323524307,-0.9150153541618935,0.0,0.6407439600539823,0.615480932203108,low,0
S0032,2025-03-18,11,mid,2,38.29839263565073,0,2,1,0,1,6.7348553826939215,0.0,7.353678120571844,0.41705917357139355,0.13624455204452457,0.25515461332880385,0.35023615124290286,0.0,0.33705640203645004,0.6041282206004783,low,0
S0032,2025-03-19,12,mid,2,30.869238728973592,0,1,3,1,0,5.951172072523168,0.0,9.764314606408107,0.7988211273366334,0.10742866368197257,0.1685524007134277,0.4040567886654123,0.0,0.15985817563272653,0.9504685495099645,low,0
S0032,2025-03-20,12,mid,2,40.33728588389707,0,1,1,0,1,3.7060510987751494,0.0,8.44093428947176,0.06769566218446077,0.49997148619703835,0.8419827278722763,-0.8819667114725165,0.0,0.5423260272381492,0.6506189154224982,low,0
S0032,2025-03-21,12,mid,3,47.38585751038006,0,1,2,1,1,3.885058358602853,0.0,7.550282076874233,0.7635938636237385,0.47147484727267563,0.5473024420221541,0.21795964035141413,0.0,0.10329151772573941,0.8559620334332542,low,0
S0032,2025-03-22,12,mid,2,56.20045684931509,0,2,1,0,1,5.597026714847775,0.0,11.59883380707779,0.18156398896747028,0.08929249246269444,0.8164465954573833,0.7861322177238874,0.0,0.35203912473384547,0.352955933726107,low,0
S0032,2025-03-23,12,mid,4,41.1386830298316,0,1,1,1,1,3.909456143068645,0.0,4.557847247661896,0.3933270485322804,0.3291100012186364,0.2385708256109662,-0.8430819989182536,0.0,0.5059104777856958,0.5372881862058948,low,0
S0032,2025-03-24,12,mid,3,46.42070465933068,0,1,4,1,0,2.128506540976968,0.0,14.588401089480293,0.010847562720400106,0.9897001520247789,0.45584438792704496,0.9830056672999319,0.0,0.7201399552832165,0.05123885111849413,low,0
S0032,2025-03-25,12,mid,3,56.4071934227951,0,1,1,1,0,2.3704513614966753,0.0,15.342747892618515,0.14959908916490205,0.9980666316340909,0.5315365202826074,-0.32710707715897835,0.0,0.7137873259931339,0.6208217666615021,low,0
S0032,2025-03-26,13,mid,3,41.74742045078643,0,0,5,0,1,2.6902703340430483,0.0,10.631916504977553,0.27943827700821355,0.8495921102128885,0.888051274528047,-0.33383126642706507,0.0,0.898951100891258,0.5857277701127895,low,0
S0032,2025-03-27,13,mid,3,37.08939720405145,0,2,4,0,1,2.484140635310776,0.0,6.33455058033878,0.4985459330136406,0.505169216031949,0.4714326116151364,-0.3123522482341796,0.0,0.10683047383870481,0.41831829149859523,low,0
S0032,2025-03-28,13,mid,2,43.81181843370777,0,0,1,1,1,8.194241949964299,0.0,7.258976987917052,0.4118087392748041,0.9066165100099577,0.615300520940443,-0.6924645001572716,0.0,0.4874443409893614,0.764778745595766,low,0
S0032,2025-03-29,13,mid,3,48.08649311834038,0,1,4,0,1,3.445384126536294,0.0,10.155534048255795,0.29248430264690206,0.9268950329384845,0.8762131083478801,0.6628045908155953,0.0,0.5071636864781975,0.02788470459748138,low,0
S0032,2025-03-30,13,mid,2,55.83591078919774,0,3,5,0,1,9.195772057300175,0.0,11.43799412099557,0.28075040172979915,0.19571594274888482,0.2733195473040786,-0.41372780143454646,0.0,0.7397384506387108,0.14006104071923253,low,0
S0032,2025-03-31,13,mid,3,60.24215531596387,0,1,3,0,0,8.201282297195942,0.0,8.582659159338666,0.6259985063531506,0.7479823764731832,0.7129736896431221,0.6301449866458435,0.0,0.20168995970671288,0.9951229994733013,low,0
S0033,2025-01-01,1,mid,7,27.935996950233033,0,1,2,0,0,3.1005669099709374,0.0,8.68985762964391,0.7491724449463565,0.5735237772119127,0.9622466871609839,0.8168846953148035,0.0,0.5636427306556875,0.06991019350583105,low,0
S0033,2025-01-02,1,mid,6,62.97210554486179,0,2,3,1,0,7.4084580109947336,0.0,6.1244736582483315,0.9264616695553327,0.591643314661078,0.3280850023636098,-0.5856827591599434,0.0,0.2517084859759684,0.9872970293420887,low,0
S0033,2025-01-03,1,mid,4,65.64650285188854,0,0,1,1,1,7.05235534584922,0.0,8.595837543975662,0.533187830341095,0.15905092860294112,0.6142118545413237,0.358902234432813,0.0,0.0838915784701586,0.3144530904220382,low,0
S0033,2025-01-04,1,mid,7,30.385638469869964,0,0,2,0,1,7.875535516913793,0.0,12.935090445983418,0.854648185907221,0.8070927894117302,0.4384964338785614,0.30214634845256505,0.0,0.16192028066439446,0.6949256249358007,low,0
S0033,2025-01-05,1,mid,6,51.3850438125303,0,1,3,1,1,5.5123724083192585,0.0,9.82555771487693,0.9653562870583143,0.7998407144645913,0.9543905280515111,-0.590443516764674,0.0,0.7509231657963402,0.321658633319457,low,0
S0033,2025-01-06,1,mid,5,59.18804002274336,0,0,2,0,0,4.19145330485499,0.0,7.770186795168978,0.8901606075724783,0.582276198702626,0.4524780298988751,0.1364990759075968,0.0,0.8926892650732383,0.19282267043339474,low,0
S0033,2025-01-07,1,mid,6,46.99399883075445,0,2,1,0,0,3.5007344864123704,0.0,13.471894779416537,0.22542045574480218,0.7780943950452289,0.14325569008953953,-0.1456331458053901,0.0,0.7447866755185273,0.5738323175871766,low,0
S0033,2025-01-08,2,mid,4,46.88408760389264,0,0,5,1,0,8.480930478333102,0.0,10.491926895940399,0.9720949118255263,0.43194314358854435,0.45972184397782967,0.6516917543854794,0.0,0.11023775545985304,0.02769889710356499,low,0
S0033,2025-01-09,2,mid,4,48.597757751008686,0,0,3,1,1,5.877773654417594,0.0,9.884333478041205,0.8238544535436797,0.44013419708582024,0.5115574331724856,-0.44980497605021896,0.0,0.48691980549003766,0.10749237331147043,low,0
S0033,2025-01-10,2,mid,6,50.058791788621264,0,2,2,0,1,3.933119874178409,0.0,13.946901564047494,0.9105933325255839,0.18570064618537718,0.8139367052130362,0.09171086875327594,0.0,0.32958006829874054,0.08436093491760777,low,0
S0033,2025-01-11,2,mid,6,43.053116998886075,0,1,2,1,1,6.046411170515194,0.0,13.0983970200299,0.10145220501613827,0.8953784731147225,0.9227478351374852,-0.4379949063211579,0.0,0.5531125391739765,0.48523661697645604,low,0
S0033,2025-01-12,2,mid,6,48.31244779286203,0,0,2,1,0,1.352136257410777,0.0,10.960734766473642,0.919461861972623,0.9899576959639302,0.8707392664904691,-0.32251281604980386,0.0,0.27788402236391907,0.4311706107475619,low,0
S0033,2025-01-13,2,mid,5,42.32016052103844,0,1,1,1,1,3.169521142724471,0.0,7.024193492490639,0.6318116635848827,0.6511643966619473,0.20631539494371343,-0.5677988046749787,0.0,0.9282126845191695,0.7562988176628109,low,0
S0033,2025-01-14,2,mid,5,42.50869325101457,0,1,1,0,0,5.87007890902386,0.0,6.289371286497838,0.8837580658868934,0.9179426518699909,0.5586929265149302,-0.9308775623312067,0.0,0.36288103433947394,0.918833292172679,low,0
S0033,2025-01-15,3,mid,7,44.99561011340091,0,0,1,1,1,7.143145799466584,0.0,5.11038788722771,0.8773444783240136,0.6355502576286165,0.9397264482391181,0.8616185638280316,0.0,0.7182994630310263,0.2787019277455005,low,0
S0033,2025-01-16,3,mid,5,50.9252387324266,0,0,2,0,0,2.393178343928829,0.0,7.575215192598614,0.43929875929752626,0.6039038708753899,0.4365794994867417,-0.8871588305855624,0.0,0.9756316151509021,0.4251221342013496,low,0
S0033,2025-01-17,3,mid,5,49.45376366996337,0,3,1,1,1,8.658347147120082,0.0,11.932608936331832,0.850927445934777,0.2351115878383494,0.29309472662928215,0.09716304220677352,0.0,0.3465571424160546,0.5683445218969844,low,0
S0033,2025-01-18,3,mid,5,35.198694859569045,0,0,1,1,0,5.100507611702289,0.0,13.75184867354989,0.4668480381102835,0.07012554507734625,0.19732657693557387,0.7906935762420668,0.0,0.5256414214032052,0.98743825930861,low,0
S0033,2025-01-19,3,mid,4,58.04655694174562,0,0,4,0,1,5.529289026571681,0.0,15.467602817921144,0.5014156672777471,0.18003844568886185,0.4292861230043049,0.742795042062202,0.0,0.8547273060951509,0.6609189018080988,low,0
S0033,2025-01-20,3,mid,5,34.38832211450643,0,0,5,1,1,6.294076462671548,0.0,12.945968101971662,0.8725417820294018,0.6690096687446866,0.12108495120075202,0.014154033271046584,0.0,0.7424695985083369,0.8416784766181701,low,0
S0033,2025-01-21,3,mid,5,38.77584468541544,0,2,1,0,1,7.352613162905929,0.0,11.46252363214132,0.8370611998463762,0.03037838597005127,0.7151891578841447,-0.817550676092746,0.0,0.9668692157165579,0.4822408713920504,low,0
S0033,2025-01-22,4,mid,6,58.022194586866945,0,2,1,1,1,3.58923196570226,0.0,9.557205524199308,0.6633360993454819,0.37662556404846825,0.9859686559564271,-0.8212504442301591,0.0,0.11912644069516276,0.699423114186547,low,0
S0033,2025-01-23,4,mid,5,61.06083080782692,0,0,2,0,0,5.7908857617741045,0.0,10.477749759609804,0.1524678473552853,0.9425893605297642,0.21257508358063648,0.09242585307099627,0.0,0.4887617146822252,0.512458098726669,low,0
S0033,2025-01-24,4,mid,6,37.824745255310326,0,2,1,0,0,2.1031650504489767,0.0,8.488318928705446,0.2574215443461767,0.7659415863837279,0.9294303610041404,-0.8555386533727001,0.0,0.01501972807401375,0.8229350614727406,low,0
S0033,2025-01-25,4,mid,4,37.4818231371193,0,0,3,0,1,4.070046610392671,0.0,14.337549352235134,0.3357085433877268,0.1728163011361915,0.9342935968524299,-0.5486039338707298,0.0,0.27918863912290026,0.3314878370890796,low,0
S0033,2025-01-26,4,mid,5,39.914082549437545,0,0,5,1,1,5.879855619568941,0.0,8.377509671549785,0.3115294023350209,0.9179486663760714,0.3295524349955016,0.7257577564551312,0.0,0.3525325759777842,0.5058327874811136,low,0
S0033,2025-01-27,4,mid,4,29.457768567738107,0,3,2,0,1,3.5682463648088527,0.0,5.816842940700168,0.8421127719298338,0.8597616028671972,0.6277924782003403,0.16568188398816663,0.0,0.42709983173352917,0.6358989155688466,low,0
S0033,2025-01-28,4,mid,6,52.96848122828858,0,0,5,0,1,4.654237663692813,0.0,10.83208116465733,0.16793713585755965,0.3753409920986305,0.04840662353198799,-0.675721762151394,0.0,0.3802989978534731,0.23874395730564557,low,0
S0033,2025-01-29,5,mid,6,47.54906494482591,0,3,4,1,1,5.010105264714052,0.0,9.900056560341557,0.19836879119400275,0.8865056363932665,0.9339447232273587,-0.675653877294748,0.0,0.029412784557258043,0.004044434520026785,low,0
S0033,2025-01-30,5,mid,5,44.03780820186323,0,1,3,0,1,9.312170415812915,0.0,11.370327652210838,0.8908551464804247,0.7338719209962635,0.9611043989137668,0.5218996657688904,0.0,0.29807310329245174,0.5475848105631655,low,0
S0033,2025-01-31,5,mid,8,30.356304748613553,0,2,3,1,1,5.225007784929737,0.0,12.952874946020849,0.4494763204110497,0.10260191213019343,0.8233001981116451,-0.2412598027052688,0.0,0.24632403411186998,0.9952980190102697,low,0
S0033,2025-02-01,5,mid,5,47.1715755702605,0,2,5,1,1,4.855732407888429,0.0,10.134397551003596,0.1634414338251745,0.6189261775433514,0.5595447377156343,0.8101753521859725,0.0,0.8147921845048715,0.918829763444506,low,0
S0033,2025-02-02,5,mid,7,43.265075200722656,0,0,2,0,1,5.228067776888821,0.0,14.272267290341428,0.44941558818658256,0.11160966661186789,0.741562538908513,-0.7376726949917223,0.0,0.19231781280399307,0.1264232557096483,low,0
S0033,2025-02-03,5,mid,5,40.39264483071456,0,0,4,1,1,4.824428006944632,0.0,3.098487993295941,0.4273414577949941,0.8226652469844857,0.029613967491181947,0.7360602666460938,0.0,0.24391525567862538,0.7217822150362505,low,0
S0033,2025-02-04,5,mid,4,37.54012431987835,0,2,5,0,0,2.8276026600646684,0.0,11.782803272413537,0.4477225497215448,0.7043324318897024,0.33061706508159017,-0.6133956204291913,0.0,0.5398609229675808,0.2736481536981964,low,0
S0033,2025-02-05,6,mid,4,51.41536886038341,0,1,3,1,0,6.181634914017899,0.0,4.904691919637416,0.8462231962261486,0.9346284061686524,0.26892902600780555,0.21482960063883483,0.0,0.7239027998934653,0.22639214518322393,low,0
S0033,2025-02-06,6,mid,4,41.28583749967171,0,3,1,1,1,12.782753882558207,0.0,5.9887805278004,0.08640612969466999,0.13602272361369983,0.40965440746558146,0.07304504338555384,0.0,0.053195475810706716,0.011756519927176079,low,0
S0033,2025-02-07,6,mid,5,31.072707938525166,0,0,1,0,0,1.4730647927834348,0.0,9.30869047614849,0.9703831400470395,0.05507085829297409,0.9458773907070664,-0.6814658787307237,0.0,0.3769881793005322,0.4172351754193493,low,0
S0033,2025-02-08,6,mid,5,52.03112321386645,0,3,3,1,1,3.623975041690885,0.0,8.661674107564334,0.48539445976418827,0.9303930696512083,0.48679062443062726,-0.19033139416068212,0.0,0.6502724367137765,0.9368839988505513,low,0
S0033,2025-02-09,6,mid,4,37.539108442903974,0,1,4,0,1,5.154386676491275,0.0,13.67632727183782,0.8273518700680274,0.5444892462280838,0.44694558334601087,-0.25763219867664766,0.0,0.17369743820500883,0.5840308804431303,low,0
S0033,2025-02-10,6,mid,6,45.39480111307417,0,1,2,1,0,2.377746100537162,0.0,8.196731301875825,0.869129434295579,0.19961195954288258,0.6974082740498616,-0.9315018592882709,0.0,0.01898051509790366,0.4515667139441647,low,0
S0033,2025-02-11,6,mid,5,48.99126807955211,0,1,4,0,0,7.2323993483586975,0.0,13.034852786592152,0.014778593127463435,0.6948664925444432,0.29898733955333257,0.3124071877708414,0.0,0.7064840359093535,0.2777814268685489,low,0
S0033,2025-02-12,7,mid,6,40.65408290399636,0,2,1,0,1,4.35589321597659,0.0,9.752595537902533,0.7902833358537028,0.45678520339109474,0.5310656384037258,-0.4886297663867232,0.0,0.7841184920668195,0.793748546704448,low,0
S0033,2025-02-13,7,mid,6,46.16905873827758,0,0,3,0,0,5.061126461260319,0.0,10.307724913373502,0.4524258828932568,0.7617635053011077,0.0911327325212965,0.21489278386533228,0.0,0.6606115907661756,0.4520549039010393,low,0
S0033,2025-02-14,7,mid,5,41.21451199658268,0,1,5,0,0,2.4957935107094142,0.0,11.544266486375484,0.8871455421972362,0.2482830050432272,0.093984288443691,-0.39700175201020294,0.0,0.4832321991509686,0.2071826471845155,low,0
S0033,2025-02-15,7,mid,6,24.120534497431404,0,0,3,0,0,5.88697631828881,0.0,7.416060772621556,0.9055797753564362,0.29914285931662243,0.8294617347548876,0.8098715427573797,0.0,0.2994978904073289,0.05674081008278975,low,0
S0033,2025-02-16,7,mid,5,51.01684552510122,0,0,1,0,1,6.015156307537074,0.0,9.683779332603994,0.249806801262638,0.346447488594429,0.03566050385197228,-0.3352679177927973,0.0,0.3709313981041026,0.09983555962682233,low,0
S0033,2025-02-17,7,mid,6,55.69868408540145,0,0,2,1,1,3.8649691411263456,0.0,13.101941310719724,0.5215959636826655,0.8527484378143086,0.10343110414574519,-0.7237211568686734,0.0,0.7155269386946937,0.08220548244247661,low,0
S0033,2025-02-18,7,mid,4,37.429718665944826,0,1,3,1,0,2.8175577624285135,0.0,7.773798693483499,0.22828278513268718,0.37039326131800476,0.21404897748667118,-0.7875716226269132,0.0,0.5832512643365159,0.951737697020116,low,0
S0033,2025-02-19,8,mid,7,50.88844962345362,0,1,1,0,0,7.699481424052323,0.0,7.905917418525244,0.5790157290087676,0.869253067986885,0.5469247909822715,-0.628745613358588,0.0,0.8225911942786863,0.7830352501747905,low,0
S0033,2025-02-20,8,mid,5,70.94628912718267,0,2,2,0,0,2.949340898463898,0.0,6.245588312915818,0.03860789359694139,0.2847406454125949,0.17294639380720211,-0.08514404032888634,0.0,0.4608247638987314,0.7652298312265036,low,0
S0033,2025-02-21,8,mid,2,46.99948518125042,0,0,1,1,0,6.054917202216793,0.0,13.394449318093795,0.3007975085525736,0.5232749682242278,0.6119030715180201,-0.9957629566412767,0.0,0.6705132747839377,0.6560780670822804,low,0
S0033,2025-02-22,8,mid,5,53.50804191371581,0,0,1,1,1,4.158812048068759,0.0,16.83542271231675,0.1019955522201379,0.20702518126396618,0.8151723036866422,-0.040297063959261026,0.0,0.9628328596193727,0.9999721473679823,low,0
S0033,2025-02-23,8,mid,5,52.93331035013458,0,0,2,0,1,5.74248996606043,0.0,7.864879658463678,0.5056618688178474,0.8317678285758066,0.7410357482166817,0.5194760106793714,0.0,0.41834627765784926,0.8339761358960871,low,0
S0033,2025-02-24,8,mid,5,36.12172192591898,0,2,5,1,0,5.159688427113576,0.0,11.81966419908468,0.6352613046772276,0.22190628085895758,0.7419527264206313,-0.8950076257302373,0.0,0.22068218816393093,0.0058836876650083525,low,0
S0033,2025-02-25,8,mid,7,41.57158437890472,0,3,2,1,0,3.2341852257153976,0.0,9.982463198778474,0.7408641931643092,0.21956439187475196,0.0976976709376558,-0.04388410234923601,0.0,0.07460907779961312,0.6294436669816538,low,0
S0033,2025-02-26,9,mid,4,52.59277356998111,0,2,2,0,0,7.96820777710017,0.0,7.680891955215489,0.6237989451838885,0.7534918014842419,0.49995373832233214,-0.6511904549095986,0.0,0.11520753860718236,0.481261939013507,low,0
S0033,2025-02-27,9,mid,6,31.4342090195359,0,0,3,0,1,4.936676578123896,0.0,15.168263423491025,0.012091851010781696,0.37917093885588093,0.6447810970720964,0.27341390974148383,0.0,0.05388871421255548,0.9289129323735198,low,0
S0033,2025-02-28,9,mid,6,42.12646412986147,0,0,1,0,0,5.777208759507275,0.0,9.639602778283399,0.7731209919009157,0.4112909536907998,0.11831141271603962,-0.5256138193105679,0.0,0.6730445761494025,0.8299352033787553,low,0
S0033,2025-03-01,9,mid,6,39.36919354715098,0,0,1,0,0,5.09433940075368,0.0,17.200606853138304,0.33476317348458207,0.6888508851200049,0.27996819103853987,0.2863666795889619,0.0,0.9572458683415509,0.7289519791815164,low,0
S0033,2025-03-02,9,mid,7,39.946810432401136,0,1,2,0,0,6.127500244402808,0.0,12.401545876131134,0.32070905398418703,0.8036490630604574,0.09132244005330847,0.7499565086930782,0.0,0.6805600013304228,0.9270723169184654,low,0
S0033,2025-03-03,9,mid,5,53.35663188309129,0,2,2,1,0,4.306697616928926,0.0,9.207541378824548,0.5204327300285169,0.0951592924140201,0.2563572491839128,-0.09658256476001403,0.0,0.1677088851718712,0.44624136170183304,low,0
S0033,2025-03-04,9,mid,6,41.08493265301396,0,3,2,0,1,0.8204016225767417,0.0,12.887138220729266,0.5458607058980929,0.08076643251753945,0.7837940933437314,0.9705598948580878,0.0,0.06574040243955392,0.8010397302314743,low,0
S0033,2025-03-05,10,mid,5,38.78681624756638,0,1,3,0,1,4.5690670746740025,0.0,17.736849856520465,0.33396110032503434,0.10356898869976361,0.8831178242830915,-0.7258931588331738,0.0,0.28794572945144103,0.7403984707524746,low,0
S0033,2025-03-06,10,mid,7,56.64583636890741,0,2,5,0,1,4.199428695175133,0.0,9.868519549762793,0.5503459229584854,0.3818668472616238,0.24975587227299834,0.9710485075647115,0.0,0.42814114267227443,0.4142963635938971,low,0
S0033,2025-03-07,10,mid,4,44.024660462312006,0,1,2,1,1,5.867093957396124,0.0,6.291271647250767,0.03763708975192814,0.31679250210002097,0.47265761909269244,-0.8514416984048871,0.0,0.5439679346235009,0.31032562107208006,low,0
S0033,2025-03-08,10,mid,5,42.42780608176522,0,0,3,0,0,4.689743738907135,0.0,10.481281100742423,0.40213445355275446,0.35423534319589156,0.6445180911880727,-0.634644236552661,0.0,0.9533193104475114,0.7285563818906564,low,0
S0033,2025-03-09,10,mid,7,50.91198489969653,0,1,2,1,1,8.168857845274275,0.0,9.310570736652727,0.9701535679215165,0.05294136124489568,0.9456416967053796,0.9973509951195387,0.0,0.9095794412354922,0.10838421539448728,low,0
S0033,2025-03-10,10,mid,6,55.23299693361635,0,0,3,1,0,4.062261960598584,0.0,7.35795972989175,0.7128838472777539,0.36489111608509506,0.3488112235877895,-0.6120147259479087,0.0,0.5948248760652413,0.809538606019198,low,0
S0033,2025-03-11,10,mid,4,44.19265304455636,0,1,5,0,1,5.543665568696459,0.0,12.524064954477877,0.33050723795897496,0.8127449651640314,0.10896414170211,0.7167027316630026,0.0,0.5180016659878095,0.7569344303956177,low,0
S0033,2025-03-12,11,mid,4,46.18858631919445,0,1,2,0,1,7.875508071275583,0.0,8.064742140077914,0.5835724775416182,0.38133512760891275,0.3267299348347149,0.8264855639359743,0.0,0.04008266196064514,0.6910310391841052,low,0
S0033,2025-03-13,11,mid,4,31.017468757441705,0,3,2,0,1,8.236021145909756,0.0,2.5748041507808814,0.06542670398580264,0.9084942513366362,0.6677170516418508,0.23517135581873716,0.0,0.9264635364705636,0.9936371776083867,low,0
S0033,2025-03-14,11,mid,6,38.22637577295151,0,1,4,0,1,3.190032626754271,0.0,14.552924713168755,0.6660408041546844,0.5316941235594036,0.24936844974269878,-0.09923735370865172,0.0,0.2122119681017124,0.5004202932051846,low,0
S0033,2025-03-15,11,mid,8,51.29498224080876,0,2,2,0,0,4.664274359247689,0.0,3.5435526779330537,0.2730278767283446,0.41158534928030976,0.7958885541380134,-0.1500217231699985,0.0,0.39164041252783355,0.8501111039511701,low,0
S0033,2025-03-16,11,mid,5,36.87594945742987,0,0,3,1,0,5.574214898955229,0.0,11.26985481191376,0.8674056195924268,0.0594225569099307,0.31812643225484194,-0.36257611261059064,0.0,0.65704505776862,0.4486150487045102,low,0
S0033,2025-03-17,11,mid,5,58.170689359060674,0,0,4,0,0,4.912296997052724,0.0,7.636283495353435,0.5710861833102606,0.6113151439732911,0.073813880977052,-0.033779635687599674,0.0,0.655913050249275,0.9610640697581181,low,0
S0033,2025-03-18,11,mid,5,35.22601755139361,0,2,1,1,0,1.6712200487695217,0.0,8.503456312219495,0.17488264524401242,0.15846806957417792,0.7756471513849146,-0.766107218902162,0.0,0.6160344716189553,0.16748201330053758,low,0
S0033,2025-03-19,12,mid,5,52.58183533712956,0,0,5,0,1,5.5831543325860125,0.0,13.898394105812471,0.18943880846842087,0.117505037668585,0.8385505394349294,0.5754148108518333,0.0,0.4621885651704658,0.4214096868121544,low,0
S0033,2025-03-20,12,mid,6,61.418579683279894,0,1,2,0,0,6.083273445112778,0.0,12.152056988296051,0.6963184524661629,0.9288521091834304,0.3945167426762749,-0.7255648657266713,0.0,0.101949103177291,0.9550120761488852,low,0
S0033,2025-03-21,12,mid,7,48.63468766265901,0,1,3,0,1,4.822027136748012,0.0,10.362205132301716,0.009531045923136694,0.10389711512903321,0.8835087122482668,-0.8525856456168162,0.0,0.35524058674460635,0.2503165710072536,low,0
S0033,2025-03-22,12,mid,6,39.5622353741574,0,2,2,0,0,8.56468487395911,0.0,16.04228847139212,0.48578740817826094,0.9451870536778255,0.24475244897741222,-0.7840836474892219,0.0,0.9295472843248312,0.2130383142111527,low,0
S0033,2025-03-23,12,mid,5,51.51722940600053,0,4,5,1,1,3.757822962676113,0.0,12.179862467023373,0.9146048593892884,0.22097632909813458,0.8661764015406866,0.025425159328380076,0.0,0.5154221718701897,0.3740056154819912,low,0
S0033,2025-03-24,12,mid,5,37.47503967469384,0,1,2,0,1,6.664109756055079,0.0,9.425854712816523,0.7525672946335956,0.022855769503791534,0.8120887577230376,0.9798878487007185,0.0,0.9397677413678219,0.8359558994960897,low,0
S0033,2025-03-25,12,mid,4,53.21869772259129,0,2,3,1,0,4.7661067506292945,0.0,18.856260411571512,0.9456044253384063,0.1324644006731912,0.00949140857979891,-0.7252904926840404,0.0,0.17070614154151065,0.2509114675291503,low,0
S0033,2025-03-26,13,mid,5,56.64398830591183,0,1,5,0,0,5.439625706125725,0.0,12.841173224974938,0.43545724759050064,0.27056792808573704,0.5831088344232497,0.2360495564723062,0.0,0.39294756374186657,0.93659542182739,low,0
S0033,2025-03-27,13,mid,7,49.29141519661607,0,1,5,1,1,4.9853311739563395,0.0,10.41471841062468,0.3837327670297389,0.552500645914976,0.16476617984682929,0.9425667690071773,0.0,0.8383346857415752,0.11299071087377177,low,0
S0033,2025-03-28,13,mid,6,29.75143870950602,0,0,4,1,1,5.270777591325852,0.0,12.852370342031454,0.13732284253906735,0.38868321528514027,0.6210693720525855,-0.9081323858884303,0.0,0.8846490973976132,0.0677823407129543,low,0
S0033,2025-03-29,13,mid,5,64.18467766529764,0,0,5,1,1,4.38976256533281,0.0,5.784482492563295,0.690019888863465,0.3096192905601367,0.07547707888481037,-0.6052200418308125,0.0,0.1647356195409032,0.6319427891263428,low,0
S0033,2025-03-30,13,mid,6,37.26570752945201,0,1,1,0,1,5.974230317074141,0.0,5.602852836055479,0.9799385462858012,0.9746835829863172,0.24898098381068579,-0.7952979393485788,0.0,0.5903432379299968,0.4199826080736283,low,0
S0033,2025-03-31,13,mid,6,60.931339400041644,0,1,5,0,1,7.667173372118116,0.0,9.856534924090093,0.1387068337048184,0.30074704911640393,0.9502463740155243,0.10614575858004272,0.0,0.9293009997539899,0.6890351031118789,low,0
S0034,2025-01-01,1,mid,3,42.3103794027479,0,3,5,0,1,6.585368718301139,0.0,7.448089896299229,0.3057293306355545,0.766472670713606,0.12528401480024576,-0.32766013245086834,0.0,0.07499958555448338,0.49189692024028775,low,0
S0034,2025-01-02,1,mid,3,59.876129545043725,0,1,2,1,0,4.85930767626294,0.0,7.7310798193979515,0.4581894943125421,0.02871791085741615,0.513873248116503,0.47538733191383753,0.0,0.4522521748365933,0.6460255213749485,low,0
S0034,2025-01-03,1,mid,5,46.68315636699493,0,1,4,0,1,7.755846890183189,0.0,13.353171571658352,0.5517622966768333,0.21241530084715654,0.4822780273560653,-0.19974509950898578,0.0,0.9746860738439258,0.824678434755938,low,0
S0034,2025-01-04,1,mid,3,50.560661226400164,0,0,4,0,1,4.230149370796453,0.0,7.380986556090019,0.27521352736545013,0.2818682161098506,0.328591898150581,-0.3279076319719385,0.0,0.6201558393885646,0.6287841089150424,low,0
S0034,2025-01-05,1,mid,5,45.73264867375222,0,1,4,0,0,6.373999257976906,0.0,10.228063903798079,0.6797901801325391,0.4565887862818485,0.13014133050768306,-0.013569290485095475,0.0,0.4410869724560662,0.7784432746887019,low,0
S0034,2025-01-06,1,mid,2,36.757707966271845,0,0,5,1,0,5.618854775373752,0.0,8.975497112784382,0.335502830981675,0.32817530661826433,0.6223954073802911,-0.8819226941172498,0.0,0.23696172576521768,0.053271163413243006,low,0
S0034,2025-01-07,1,mid,4,41.03092802442951,0,1,4,1,0,7.335906460771303,0.0,8.866625417497971,0.8526634336275619,0.045927984152292156,0.20922885626847765,-0.5936594896371334,0.0,0.8284301800160807,0.456292315878398,low,0
S0034,2025-01-08,2,mid,4,43.750513855996815,0,2,1,1,0,3.4305410652778847,0.0,11.543092598640264,0.7553644370782708,0.0602044619498987,0.1496244802569967,-0.439779273635553,0.0,0.7960990674120872,0.8501368891234009,low,0
S0034,2025-01-09,2,mid,3,43.510645692783626,0,2,3,1,0,4.557145014473098,0.0,8.77855048661975,0.6522623255986566,0.17800850947059854,0.8163672043171644,0.5008603535899203,0.0,0.5610048536279805,0.1160677043703432,low,0
S0034,2025-01-10,2,mid,3,48.07403093341886,0,3,5,1,0,8.248889223601623,0.0,4.212054334622518,0.0044167362898773765,0.26867782140762564,0.6715159398520695,0.3464592431174325,0.0,0.653006722134765,0.9499423597382665,low,0
S0034,2025-01-11,2,mid,2,49.88488511325739,0,1,3,0,0,2.565522700220914,0.0,12.174851060639963,0.6310353725846716,0.41482216600128696,0.6927134638762467,-0.014102755629039843,0.0,0.308547097161171,0.14581917985760184,low,0
S0034,2025-01-12,2,mid,5,30.73803978224884,0,1,2,0,0,5.340808770043436,0.0,5.4590631287734475,0.28920230197607477,0.6615954412364865,0.9557766242415383,-0.7022155973252115,0.0,0.5705108323094167,0.9232991826731928,low,0
S0034,2025-01-13,2,mid,3,33.94597475039116,0,0,1,0,0,6.033981579229513,0.0,16.04462574024057,0.7462608677977721,0.03587729637997972,0.9575134874453062,-0.555807584141293,0.0,0.1215619686917434,0.9411360429419315,low,0
S0034,2025-01-14,2,mid,4,51.35954866820468,0,0,3,1,0,7.091803796316365,0.0,10.478061778054407,0.7815488889399258,0.02242358404682543,0.8252481427293415,0.27624013176048323,0.0,0.1333483983177921,0.6174775593835032,low,0
S0034,2025-01-15,3,mid,4,57.100016787080634,0,2,1,0,0,6.46981988060138,0.0,12.382085127896849,0.5642376883589892,0.20844776570837065,0.8780592243002316,-0.049848862412113615,0.0,0.17320622904773542,0.42902259248922614,low,0
S0034,2025-01-16,3,mid,3,33.026868604319624,0,1,5,0,0,4.2612345671497875,0.0,5.0776035953912295,0.30695768250750355,0.1810228566124359,0.32616357824831776,-0.47462186494755465,0.0,0.08242762007591176,0.5044865726723269,low,0
S0034,2025-01-17,3,mid,5,40.95891826839842,0,1,4,1,1,5.513150250821307,0.0,13.910845393263022,0.9281068426342042,0.17811271846999654,0.6964960796411477,-0.07906456714175092,0.0,0.1447489232429805,0.07520998716800154,low,0
S0034,2025-01-18,3,mid,2,43.81610757169725,0,0,2,0,0,3.824368866500538,0.0,10.799331749948655,0.8728061932888442,0.04054562040815146,0.8576896668072426,-0.9446964882694897,0.0,0.15352330432735573,0.8003238271536735,low,0
S0034,2025-01-19,3,mid,4,34.80922429346794,0,0,5,0,1,5.872097055656049,0.0,15.476564113131822,0.0867187725435723,0.3083341509002835,0.14234641938217918,-0.8146379538272654,0.0,0.2987711646042345,0.09629601201627203,low,0
S0034,2025-01-20,3,mid,4,28.52743304450698,0,1,3,1,0,7.116896105323285,0.0,8.65748775355729,0.7449900526167516,0.2764682961734116,0.017015233689728793,-0.5253684820981761,0.0,0.5671155842422665,0.07899747221259412,low,0
S0034,2025-01-21,3,mid,5,56.82803751370458,0,0,2,0,1,6.244290037021232,0.0,9.90931552162241,0.10816318029849958,0.40662566870291994,0.882920772253161,-0.22737196508078128,0.0,0.42463960900533493,0.6682738804369527,low,0
S0034,2025-01-22,4,mid,2,39.69126003887695,0,1,5,1,1,3.300879292650519,0.0,7.535831879352974,0.3702823950231532,0.241958460536694,0.6828080778186669,0.20573195044891812,0.0,0.21638700664205013,0.8841048087996912,low,0
S0034,2025-01-23,4,mid,2,43.87484843986707,0,0,4,1,1,4.964377094929277,0.0,13.5648187794867,0.9152948004344037,0.10182648093835478,0.6685931329947581,0.771569704705378,0.0,0.2929304755572203,0.13568759631528804,low,0
S0034,2025-01-24,4,mid,4,44.483813046965906,0,2,4,1,0,6.899769079064907,0.0,8.368345319781511,0.6562699497270292,0.9955726987353151,0.17215442437267692,-0.20589152762915353,0.0,0.8096402163229345,0.2156916023934241,low,0
S0034,2025-01-25,4,mid,3,33.48489986263084,0,2,3,1,1,7.993636143130967,0.0,10.541519691461778,0.2510591468036706,0.5015342689658624,0.0732742464147873,0.6769939406578696,0.0,0.3502319704395954,0.5822078684269565,low,0
S0034,2025-01-26,4,mid,5,28.165753899921928,0,1,2,1,0,4.669742639125242,0.0,9.830959878724366,0.1784370062407763,0.7214970765734737,0.5908586063145111,0.9034696074823712,0.0,0.6944351071908832,0.19424167339871135,low,0
S0034,2025-01-27,4,mid,4,34.53446632841783,0,1,2,1,1,4.653066223774981,0.0,17.317138060855765,0.8338204532066811,0.7761662163144551,0.7332768082904179,0.787821844787888,0.0,0.9287441756202127,0.4452873014895792,low,0
S0034,2025-01-28,4,mid,4,26.779427162707435,0,0,3,1,1,3.523688248301781,0.0,18.609185876218913,0.41992084178084166,0.9168986966182847,0.0095143608771453,-0.8930207479461694,0.0,0.4925124655026485,0.33051008180419306,low,0
S0034,2025-01-29,5,mid,4,48.07618839647493,0,1,2,0,0,3.772836622199769,0.0,10.238168282772383,0.5168399137804304,0.20408518963322542,0.300069050659736,-0.4982786250544622,0.0,0.3474481254036219,0.06225978056286907,low,0
S0034,2025-01-30,5,mid,3,45.95439110442768,0,2,1,1,0,6.66027348699523,0.0,11.639226241123566,0.19968239459195536,0.03457470568556764,0.8505256848098749,-0.22649159916714012,0.0,0.17972241191214866,0.09189536526730491,low,0
S0034,2025-01-31,5,mid,2,45.5621154830474,0,2,5,0,0,6.689111346347664,0.0,10.146552999937272,0.6901500662855947,0.5184786016660874,0.6242138922214201,-0.11308009466904023,0.0,0.5084072893807,0.7223449636975477,low,0
S0034,2025-02-01,5,mid,4,37.929067026334124,0,0,4,1,0,4.505849527514966,0.0,12.494761141454678,0.3130900727102779,0.9129657091858457,0.04753326983016248,-0.040809020288839815,0.0,0.45862656060658313,0.14605641389081214,low,0
S0034,2025-02-02,5,mid,5,37.814293632024636,0,0,2,1,0,4.004938646125579,0.0,9.098403785168026,0.940328581976468,0.2447612877152916,0.09413193018564925,0.539364069407497,0.0,0.41425209304157085,0.8436660070830773,low,0
S0034,2025-02-03,5,mid,3,51.19967564516863,0,1,2,1,0,5.837371902998569,0.0,8.57992918534712,0.35639301763297415,0.18411914296162124,0.25625115917059504,-0.9301020392190595,0.0,0.090622982893385,0.5926247353861251,low,0
S0034,2025-02-04,5,mid,3,55.87672449978838,0,2,1,1,1,2.5850892356308566,0.0,11.830670689633102,0.97783965427042,0.07617776855654335,0.5052328495225576,-0.42740717389584604,0.0,0.6008378348160848,0.42830697991091105,low,0
S0034,2025-02-05,6,mid,2,36.71142991019158,0,0,4,0,0,4.830534827584864,0.0,14.64727823506746,0.07222802135619821,0.16544267765373588,0.8929046441221986,0.20563164401025946,0.0,0.18433317872168442,0.7037649152008011,low,0
S0034,2025-02-06,6,mid,3,54.94149790409073,0,1,5,0,0,3.311737115040108,0.0,13.923644401065342,0.9107908934747353,0.4852792945951758,0.3176940713742138,-0.4406282854344108,0.0,0.939067114980401,0.7585809906092731,low,0
S0034,2025-02-07,6,mid,2,37.259755187775205,0,0,5,1,1,4.0417766908291455,0.0,11.584763339969975,0.6771791474377556,0.18990750676750623,0.12399826083488463,0.8605922029425022,0.0,0.16438907044134288,0.22813193258273334,low,0
S0034,2025-02-08,6,mid,3,34.10329564013328,0,1,1,0,0,2.955122057267614,0.0,13.068925141817559,0.39020633965258744,0.6897333625746018,0.185284324386508,-0.009775056164884832,0.0,0.7377222626714501,0.6577129270708777,low,0
S0034,2025-02-09,6,mid,4,48.19663053872661,0,2,4,0,1,6.172110541739008,0.0,10.156838254726246,0.6374752577076498,0.1516925371784511,0.47755011497804667,-0.8843555015613578,0.0,0.7454295592918714,0.5018315215683176,low,0
S0034,2025-02-10,6,mid,4,44.10794272176962,0,2,3,0,0,2.175273818970443,0.0,11.050531645941614,0.8178124638822623,0.8799182473267118,0.703235386386514,-0.41289424492880755,0.0,0.19069389865445274,0.6242698011967175,low,0
S0034,2025-02-11,6,mid,6,42.89208682415192,0,0,5,0,0,6.395820145561219,0.0,5.767582793342973,0.36754052936218806,0.6839707861478839,0.7687984021056897,-0.6256648595616365,0.0,0.919823835415061,0.7871598402865702,low,0
S0034,2025-02-12,7,mid,4,47.333044274918514,0,0,2,0,0,1.5146521122583758,0.0,14.088919402393417,0.7896029208901465,0.6830916630660445,0.33875184819020443,0.9871466188003615,0.0,0.4627891984491671,0.3165901949162504,low,0
S0034,2025-02-13,7,mid,2,52.10377581336506,0,3,4,0,1,6.067193929189193,0.0,9.883460826445205,0.5385558274531159,0.23514350989864785,0.9746683074076278,-0.5133901717680662,0.0,0.8824782275975037,0.17312849471855007,low,0
S0034,2025-02-14,7,mid,3,62.25894218569705,0,1,4,0,0,3.9532552668248657,0.0,10.502578458793352,0.7685484170680571,0.7802020643784998,0.3470119107715821,0.61251309241883,0.0,0.8582975498735577,0.19005780447117926,low,0
S0034,2025-02-15,7,mid,2,36.977531553045225,0,1,5,1,1,6.026589328985375,0.0,9.394512473709456,0.6171471810005225,0.4362838911681629,0.5644649201507126,-0.08573471017473477,0.0,0.9058110823832864,0.45802186936729083,low,0
S0034,2025-02-16,7,mid,4,36.22316973688086,0,3,1,0,1,1.578714090253858,0.0,9.933758573595012,0.36798278236704707,0.0316841055415471,0.16060117927158346,-0.20584809062594567,0.0,0.3647046322230644,0.2788325511313381,low,0
S0034,2025-02-17,7,mid,4,36.82881237829899,0,0,5,0,1,2.0930761667182143,0.0,14.24409278779675,0.11308929441574123,0.7471885880803485,0.46685289528157736,-0.8636896886976555,0.0,0.6568746199734853,0.35010538201508823,low,0
S0034,2025-02-18,7,mid,5,41.76978303722161,0,0,2,1,0,5.944081195068788,0.0,12.934097039504067,0.8989409248328012,0.2728866083367768,0.220630280629577,-0.8629583991689342,0.0,0.5920128126203708,0.49635545506135437,low,0
S0034,2025-02-19,8,mid,3,58.758259065676896,0,0,4,1,1,5.331147573956504,0.0,13.04422690327361,0.32557256606771745,0.5295804504381451,0.35925512670286286,-0.44528783194077715,0.0,0.5515753777771667,0.6579341741630693,low,0
S0034,2025-02-20,8,mid,4,46.078505251975805,0,0,2,0,0,2.7978450847542145,0.0,7.481849488242396,0.8399148866460157,0.866248730884929,0.28389314103115826,-0.7958576927449272,0.0,0.20520194705869943,0.17656839891905896,low,0
S0034,2025-02-21,8,mid,3,37.39560261525815,0,1,4,0,1,3.88016431170968,0.0,9.641771263851018,0.2395782473678394,0.10185816420304172,0.3447639098129067,0.2902284683603391,0.0,0.5189079089445107,0.24287567802763843,low,0
S0034,2025-02-22,8,mid,3,48.59623921343946,0,0,2,1,1,6.03648239303803,0.0,5.210661241690291,0.4260013761472201,0.37279918164022663,0.18356394410504706,0.12350609037759241,0.0,0.729315981206815,0.5712797043055348,low,0
S0034,2025-02-23,8,mid,3,47.03060918225868,0,0,2,1,1,4.112578175949684,0.0,12.94818319161181,0.7112523934128624,0.5339234469910733,0.7865177838834085,-0.6938052107075166,0.0,0.6381345926459039,0.7736667733417346,low,0
S0034,2025-02-24,8,mid,3,40.12404620891152,0,1,5,0,1,7.33614612872654,0.0,12.14542317621035,0.18699935553083558,0.09597087017696682,0.6504591030736049,-0.00021176191011940126,0.0,0.8756859000741157,0.5332660235923817,low,0
S0034,2025-02-25,8,mid,3,16.13500443997511,0,1,2,0,1,6.896785625976407,0.0,15.72188277304593,0.8252271579653299,0.5002730308349489,0.2698517403456846,0.24141099360017626,0.0,0.9570626321978061,0.6011593633442057,low,0
S0034,2025-02-26,9,mid,4,46.782068049749924,0,2,3,0,1,4.083203007316779,0.0,8.482419213416048,0.5894049348125515,0.1288247943729165,0.7239296460154007,-0.5747998336761442,0.0,0.9104798123936516,0.8997251333346634,low,0
S0034,2025-02-27,9,mid,3,42.6059825347474,0,1,5,1,1,4.404277615606021,0.0,13.436598399747893,0.1415307988516642,0.10789452149431611,0.6056027248007154,0.6563865098172592,0.0,0.900114482140243,0.28873165056022654,low,0
S0034,2025-02-28,9,mid,3,42.007477441166195,0,1,1,0,1,3.3980871812131115,0.0,12.96668579846656,0.6194188520919873,0.14110605260288656,0.8208607625402528,0.05348424196741575,0.0,0.8248836484314153,0.21115688139235855,low,0
S0034,2025-03-01,9,mid,4,37.320868272783166,0,0,1,1,1,4.890724092627579,0.0,9.860849563686097,0.19267820898678234,0.7713817267601133,0.889529234982881,0.6218269129928486,0.0,0.5632385528712848,0.9938842507777231,low,0
S0034,2025-03-02,9,mid,2,22.3878153634222,0,0,3,0,1,4.4477323467651715,0.0,15.742995456327858,0.4215181237234099,0.7501667955614231,0.6304692176298514,0.6348867368772988,0.0,0.78098626264197,0.5242026957555469,high,1
S0034,2025-03-03,9,mid,4,47.547925107806364,0,0,1,1,0,7.839725922686076,0.0,10.864587846260306,0.8125053422853729,0.6508250181839195,0.7833061719603649,-0.05552870761771156,0.0,0.5506558450723624,0.8796069794422343,low,0
S0034,2025-03-04,9,mid,1,43.980310567543526,0,1,4,1,1,5.257258859283862,0.0,3.794634974939429,0.6062136898717148,0.2000280679975468,0.7815680695482563,-0.04986389982806738,0.0,0.9920060548982461,0.025127385743561215,low,0
S0034,2025-03-05,10,mid,4,35.36988846453537,0,3,4,0,1,5.686479642221034,0.0,12.72110625264673,0.06877217232389732,0.031516750303436925,0.4814854138077054,0.5716641440678953,0.0,0.3842315256268739,0.8518321519465749,low,0
S0034,2025-03-06,10,mid,3,44.92281200535199,0,2,5,1,0,6.8547457278264625,0.0,9.069035238299936,0.5439990617480444,0.4385875521625555,0.8103864608656673,-0.5128775015523246,0.0,0.8601854434355192,0.5388293945649275,low,0
S0034,2025-03-07,10,mid,3,45.68771746989692,0,3,1,0,0,8.031708650684207,0.0,9.97646159849168,0.2848424296127061,0.2914953128137918,0.77529768762122,-0.7428404216197841,0.0,0.8229645202930234,0.6251750083098483,low,0
S0034,2025-03-08,10,mid,2,47.21702292585653,0,2,1,1,0,6.419927864013419,0.0,13.882993759616177,0.20663102936685773,0.7944680796849007,0.8822053133584595,-0.8815054745035082,0.0,0.7724206380240413,0.8528019334276525,low,0
S0034,2025-03-09,10,mid,4,44.02926323037659,0,0,2,1,0,6.097024562101621,0.0,9.346266350714975,0.2700612609590728,0.6496955175844024,0.49592702275493616,-0.4666530950398402,0.0,0.188853795722427,0.956562124257659,low,0
S0034,2025-03-10,10,mid,6,57.08320834539794,0,1,1,1,1,6.370463812616122,0.0,8.402359325925197,0.7887482058178414,0.46274713355342556,0.4017038652191256,0.4065193902265636,0.0,0.5285525116065029,0.6319581567967497,low,0
S0034,2025-03-11,10,mid,6,31.77056753768282,0,0,3,0,0,6.803211896002713,0.0,9.7725850381892,0.4139395139524594,0.43391875347678577,0.6748314094068167,-0.586427617761706,0.0,0.8716396084273672,0.427640980435254,low,0
S0034,2025-03-12,11,mid,3,47.782610863995174,0,1,4,1,0,2.4053051801169123,0.0,10.308248833924045,0.5455409521334332,0.35421357187481517,0.9074120206747527,0.8993668546089073,0.0,0.9797841130685195,0.8989379958828186,low,0
S0034,2025-03-13,11,mid,4,48.67286599261377,0,1,4,0,0,2.309802769074915,0.0,10.516017481604564,0.5268885607250015,0.7069409940594883,0.7697884990973979,0.047404019863967806,0.0,0.2173680242186501,0.9266887885787474,low,0
S0034,2025-03-14,11,mid,3,53.896776400867715,0,1,4,1,1,4.468077747334116,0.0,12.933434624254684,0.008922805081564511,0.1865656213999919,0.9092963282245586,0.7974986741101155,0.0,0.4533447480934476,0.3041167072758786,low,0
S0034,2025-03-15,11,mid,4,41.918932286050136,0,0,3,1,0,7.745183029723339,0.0,9.51732890730953,0.7746068213449671,0.9226660938374001,0.858100738724364,-0.12241504888342725,0.0,0.019022833155434737,0.23658955192335485,low,0
S0034,2025-03-16,11,mid,4,69.60294138626604,0,0,3,0,0,6.208599594918703,0.0,8.814131857958396,0.7102619391145936,0.5523324581002991,0.020941021775305768,0.6423927262566071,0.0,0.5524636317866546,0.6273404354213493,low,0
S0034,2025-03-17,11,mid,1,51.313701032972105,0,0,2,0,1,5.2330868024867545,0.0,12.978646568540091,0.7644912849809122,0.2750238300809815,0.13459813184350233,-0.25349233742510924,0.0,0.7929851903707067,0.297331307580315,low,0
S0034,2025-03-18,11,mid,2,65.06109492787154,0,0,2,0,1,5.129186720434744,0.0,3.9744462286902404,0.34113177105898296,0.8803940265376929,0.9939805845349302,-0.6776358693442026,0.0,0.023578950556596867,0.21932250698204248,low,0
S0034,2025-03-19,12,mid,2,48.32546809956812,0,1,4,0,0,1.4769081728644906,0.0,10.928371864143045,0.11301313138978097,0.4611218843770931,0.0019241768830643435,0.5215165974794236,0.0,0.7496869192695261,0.5519158817026072,low,0
S0034,2025-03-20,12,mid,4,58.72426944517155,0,1,2,0,0,6.2964848277948935,0.0,13.331743915768733,0.31806007048588547,0.13973270283238381,0.7942681460504623,-0.3521662830146157,0.0,0.02213983174442613,0.5714212143492508,low,0
S0034,2025-03-21,12,mid,4,40.192498358410404,0,0,3,1,0,5.469725615501531,0.0,13.918355630807987,0.3917270734234729,0.5534484346107584,0.8787476942301424,0.5142646165966462,0.0,0.6916073411640309,0.9768855899970604,low,0
S0034,2025-03-22,12,mid,3,45.0936723627642,0,1,1,1,1,4.267706120789291,0.0,2.9180350427347186,0.1698200655948201,0.3117203791969756,0.2765394232932564,-0.26950509624757824,0.0,0.10799055471217323,0.39734095653476875,low,0
S0034,2025-03-23,12,mid,3,46.21465707925156,0,2,5,1,1,4.629660686583676,0.0,5.3682183118839415,0.5717959117554243,0.9734849118208134,0.8884636920215218,0.12419739457846046,0.0,0.36171384342997326,0.3212971185976212,low,0
S0034,2025-03-24,12,mid,5,50.448775836222765,0,1,5,1,0,3.885134122849707,0.0,10.509836625179673,0.9610516499008203,0.6930685022684089,0.15170464208701162,0.9382688633528014,0.0,0.3654073432496331,0.9845100798647702,low,0
S0034,2025-03-25,12,mid,5,42.97089357828976,0,1,2,1,1,2.854120553843357,0.0,7.886147531526232,0.08104731196270076,0.05766934782784672,0.30597435320228894,0.4729466904985109,0.0,0.2056200663436163,0.2992274501394966,low,0
S0034,2025-03-26,13,mid,4,52.43608334887668,0,2,5,0,0,3.018795718168045,0.0,9.097678802748646,0.6896963308244167,0.4070712008570436,0.9488818487466221,-0.6127355155795136,0.0,0.6265034483775485,0.8660611816636423,low,0
S0034,2025-03-27,13,mid,4,43.85426687594075,0,0,3,1,0,4.527875765515507,0.0,8.354209623821824,0.22317170312352597,0.22389015526285794,0.4585209698500522,-0.8301324414992755,0.0,0.995500629338827,0.6958076286248656,low,0
S0034,2025-03-28,13,mid,3,50.525905482442525,0,3,1,1,0,5.4984638935717225,0.0,4.0750488330364245,0.11254660628041968,0.4784930466289229,0.44532015833991134,-0.536153343149375,0.0,0.19971779176901594,0.24737415192243084,low,0
S0034,2025-03-29,13,mid,2,62.78029415872206,0,1,5,1,0,4.815462154660961,0.0,9.86125170387289,0.5179519781075482,0.042155220350953426,0.41601674391524435,-0.9643643110594091,0.0,0.2249667229079365,0.3888224518869099,low,0
S0034,2025-03-30,13,mid,4,50.7311990114901,0,0,2,1,1,2.053485443040848,0.0,9.495968440501455,0.18793047842385402,0.1071524183301863,0.7654340089831688,0.2790397546052592,0.0,0.15690396768947412,0.4724293877184894,low,0
S0034,2025-03-31,13,mid,4,48.46983704762614,0,0,2,1,1,6.619161796373865,0.0,7.45648455502886,0.3557365652582628,0.0844947395846607,0.6265953244148789,-0.4998944130232126,0.0,0.7016540931772017,0.9001748717370234,low,0
S0035,2025-01-01,1,mid,6,69.45938930674124,0,1,4,1,0,3.6518781926912514,0.0,9.640280766843519,0.856892599408569,0.013180086305917826,0.9393231394453297,0.7257836454578779,0.0,0.752608072569303,0.9825505822857247,low,0
S0035,2025-01-02,1,mid,6,40.106088875760385,0,1,1,1,0,6.071232471648218,0.0,10.334009690581548,0.48568307264634547,0.8397795639430138,0.7679077531189931,-0.0034954520283465573,0.0,0.5131723276722193,0.43603341259748274,low,0
S0035,2025-01-03,1,mid,6,40.79236184676945,0,0,3,0,0,5.761679554282665,0.0,8.22212687001399,0.18281370887613912,0.49893289636661287,0.2052070107187398,-0.33366912446325414,0.0,0.12482222440119861,0.5560022761223251,low,0
S0035,2025-01-04,1,mid,4,31.106373535701852,0,0,3,1,0,6.7556536497545165,0.0,7.870817371386215,0.05155998291870845,0.6602010685559916,0.9244782717943864,0.23527563437557575,0.0,0.7126574874014109,0.7922668725225469,low,0
S0035,2025-01-05,1,mid,6,30.797867269804705,0,0,1,1,0,4.6311804009093285,0.0,10.364602213438806,0.005514605908759407,0.17541934124071845,0.9438907382853254,0.16007783543030762,0.0,0.8386597542491498,0.4652250129976818,low,0
S0035,2025-01-06,1,mid,4,33.50532323836874,0,1,1,0,0,4.616657826055486,0.0,10.847767896668756,0.050086091417900214,0.7314545582872253,0.6840111438446408,0.2001520373096397,0.0,0.5022561544647606,0.9695803540468195,low,0
S0035,2025-01-07,1,mid,6,34.54164397793065,0,1,1,0,1,6.1473937975091,0.0,14.533828179183013,0.8982989463567653,0.655029980585615,0.0168270007109651,0.933302800200883,0.0,0.5931106936140407,0.5958772651501785,low,0
S0035,2025-01-08,2,mid,6,51.589804604984835,0,1,5,0,0,6.657973225002049,0.0,6.819900416279168,0.9751689521839356,0.8019402346474074,0.6190954818875669,0.13501306748420183,0.0,0.48977125735292903,0.20497143176360022,low,0
S0035,2025-01-09,2,mid,4,27.71690036063507,0,2,1,1,1,2.7178189659471617,0.0,10.921183755823334,0.9817197797860145,0.25970910277007186,0.6960161797413283,0.31209013954234965,0.0,0.6913514576050841,0.42999491345936813,low,0
S0035,2025-01-10,2,mid,6,38.282988605830965,0,0,5,1,0,6.037252935445734,0.0,9.706216284347772,0.847685194653833,0.9217903475187846,0.6406965637520621,-0.5621685842320592,0.0,0.5184994281006485,0.7655333962175056,low,0
S0035,2025-01-11,2,mid,7,53.20944939208534,0,2,5,0,0,6.0162297343552495,0.0,10.471129690361966,0.4008092883412826,0.16142652829284498,0.06838247591183377,0.9260359936152125,0.0,0.7637014859939389,0.9189520600707842,low,0
S0035,2025-01-12,2,mid,4,57.912124590415665,0,0,4,0,0,6.851195089247582,0.0,14.682931874473587,0.7159519799542376,0.01969979933801158,0.1253656196435995,0.680401311816617,0.0,0.3807232613507118,0.836718354453056,low,0
S0035,2025-01-13,2,mid,5,36.52799767062086,0,1,4,0,1,5.7634479801909375,0.0,5.680736993957761,0.8942088768410802,0.4811076724393146,0.7733012088169706,0.8184540769578998,0.0,0.18939965360620747,0.4883108861220059,low,0
S0035,2025-01-14,2,mid,4,56.693271266407095,0,2,5,1,1,3.60940532489726,0.0,9.347924409188572,0.781624443208261,0.33432578326898077,0.6660982757916968,-0.3072420253990833,0.0,0.7959384168280181,0.8884124966197812,low,0
S0035,2025-01-15,3,mid,5,57.50785339062316,0,0,1,0,1,6.419699559036161,0.0,6.128368035327927,0.4950189489189254,0.37671925710144316,0.9299623263493364,-0.6140676498638897,0.0,0.4874782431522592,0.5734951798533395,low,0
S0035,2025-01-16,3,mid,7,34.767783829346676,0,2,1,1,1,6.326195264772199,0.0,7.771708367767305,0.49191178777509514,0.5471565532110789,0.03708807826122318,0.24479678458669474,0.0,0.20265581200778948,0.38339464436487214,low,0
S0035,2025-01-17,3,mid,4,23.20506997727015,0,0,5,1,1,4.429403468378215,0.0,9.094874242920667,0.5169144094510724,0.9316553738662452,0.3906986029641758,0.8527997555228741,0.0,0.6934748919095439,0.7825552272487136,low,0
S0035,2025-01-18,3,mid,6,51.81345836602195,0,2,1,0,1,4.068784661588178,0.0,10.309119324634313,0.7745439718501574,0.13242595299475635,0.9619719230484329,-0.837013797574343,0.0,0.7202755797828518,0.36042568366963645,low,0
S0035,2025-01-19,3,mid,6,62.25172422116244,0,1,2,1,1,3.981958748731488,0.0,8.933860370358184,0.6908749435713153,0.5632139566371424,0.3274265056319321,0.3688990135540313,0.0,0.06199687731592174,0.04720831649588342,low,0
S0035,2025-01-20,3,mid,4,39.643686512317366,0,3,1,0,1,6.033492864575199,0.0,13.189603960154532,0.2277823846488345,0.8484752484272008,0.9643767242151823,-0.44201430499945915,0.0,0.2070943421658067,0.3385269046526759,low,0
S0035,2025-01-21,3,mid,6,51.23120098319687,0,2,3,1,1,4.91783739403492,0.0,5.498679151286175,0.03294603871256818,0.8947148278156032,0.17797599548107934,-0.41059393433666336,0.0,0.4797003965802573,0.2712688424166274,low,0
S0035,2025-01-22,4,mid,5,47.96968395899049,0,0,5,0,0,7.184267403672012,0.0,13.864185709732128,0.8010857362196678,0.16887544992693693,0.6642748574330725,-0.8032028154708153,0.0,0.12651273284467368,0.2427561007735235,low,0
S0035,2025-01-23,4,mid,6,48.21528615495977,0,1,2,1,1,5.016388865215669,0.0,8.577193539214793,0.5360672668886253,0.4286887796123935,0.11068281203548591,0.5099347952119271,0.0,0.6890815882366191,0.3947291382715882,low,0
S0035,2025-01-24,4,mid,4,41.31352541697348,0,2,1,0,0,3.9019512806400996,0.0,12.027816643061641,0.7208450633569364,0.9292909816128937,0.37951220962258725,-0.9479061712395735,0.0,0.8276164222872139,0.7084138519503497,low,0
S0035,2025-01-25,4,mid,6,34.14092401614202,0,1,2,0,0,4.237034997154424,0.0,7.776374511351239,0.3799837453907612,0.799376698186652,0.38918338511312867,-0.9023576672916334,0.0,0.6359616799906118,0.6712210234300083,low,0
S0035,2025-01-26,4,mid,5,57.267854255586776,0,0,2,0,1,2.5824352962834083,0.0,12.006957300859533,0.38246924178934993,0.002203951783684377,0.29112364389845424,-0.6573240868338399,0.0,0.503972159283915,0.15819233639086794,low,0
S0035,2025-01-27,4,mid,5,49.43181043575274,0,0,5,0,1,2.4498807300163814,0.0,8.404618469803987,0.10223235741319037,0.7717489419531949,0.46891048518181366,0.6648475638705136,0.0,0.22615715342496212,0.6785680368324246,low,0
S0035,2025-01-28,4,mid,6,41.86215998473844,0,1,5,0,1,0.5471479880475325,0.0,9.76513318105089,0.677489575392759,0.6340698199866285,0.5600573469193156,-0.4407687446703248,0.0,0.1595502448478444,0.7843383560772322,low,0
S0035,2025-01-29,5,mid,6,42.57024304722675,0,0,4,1,0,2.840717060069632,0.0,11.990197115475887,0.9945035692956707,0.3282241843185255,0.314953022933665,-0.1539982614031563,0.0,0.7450292903083652,0.8732573090743555,low,0
S0035,2025-01-30,5,mid,5,41.497687044030144,0,0,3,0,1,6.402610572413597,0.0,10.05402527011227,0.6171270439589308,0.7137791691695069,0.08667904214720312,0.43661124249851846,0.0,0.2646818422066832,0.11553792320629175,low,0
S0035,2025-01-31,5,mid,6,53.357828159328065,0,1,4,1,0,4.138321624491114,0.0,6.985342249978812,0.8513592341151413,0.9339993900936365,0.01452953295485837,-0.22493204854220816,0.0,0.11338589379988506,0.7884582659570163,low,0
S0035,2025-02-01,5,mid,6,53.17045278242734,0,1,4,1,0,7.1302652113245095,0.0,8.060292263210727,0.38234598191470126,0.949984416956515,0.33214413765269124,0.6995166932382446,0.0,0.8150948516495777,0.0092076261725762,low,0
S0035,2025-02-02,5,mid,4,38.067097225714214,0,1,3,1,0,3.836359191556561,0.0,1.4539101049165932,0.281621968289101,0.5084324025948369,0.1507146981992119,0.34286192151639594,0.0,0.024932534665029538,0.23562775628554977,low,0
S0035,2025-02-03,5,mid,6,36.46638952870289,0,0,4,0,0,5.938729540864381,0.0,10.850194763633587,0.1660569203039337,0.9410674453462042,0.6102277904384792,-0.7519813835496456,0.0,0.1670336665042601,0.06595547997361839,low,0
S0035,2025-02-04,5,mid,6,38.27349875513856,0,0,3,1,1,3.7459390896209617,0.0,10.491861670634389,0.012034815324227455,0.13062000954764363,0.16870697807449753,-0.6042540639087322,0.0,0.7739310702144798,0.4468579670378786,low,0
S0035,2025-02-05,6,mid,8,40.4930382018081,0,1,1,1,1,7.763648030025017,0.0,9.69311256738004,0.6833435371697973,0.6316490624027661,0.23935986522585906,-0.21273455252641327,0.0,0.1807235006429322,0.5089250538186798,low,0
S0035,2025-02-06,6,mid,7,56.66063130284802,0,1,2,1,1,0.0,0.0,5.986728431801667,0.9358264668979426,0.7236619282196818,0.14481455471658566,-0.1260596601134698,0.0,0.2883722104145233,0.9868686577301626,low,0
S0035,2025-02-07,6,mid,5,43.6301628719322,0,1,2,1,1,5.062896488851154,0.0,8.545908033181373,0.11361403974255613,0.15597910693528227,0.21535487349667048,0.22635414108737817,0.0,0.3900886552892108,0.08533742115448029,low,0
S0035,2025-02-08,6,mid,5,42.89974851333194,0,2,4,0,1,5.2692798102495075,0.0,13.293215857349153,0.2775811879097886,0.03284488274899766,0.9998237501968622,0.5241474460773679,0.0,0.33870987580815837,0.01927197163878458,low,0
S0035,2025-02-09,6,mid,5,47.40156250946352,0,1,4,1,0,6.940158933164627,0.0,17.116844868360634,0.43548889553855874,0.711475057002065,0.20447472366303165,-0.4345446496985861,0.0,0.4444834844644162,0.6955029638068156,low,0
S0035,2025-02-10,6,mid,5,53.37678739726402,0,4,5,1,0,3.994382557830786,0.0,11.156121907844422,0.9727497614828546,0.354046545183645,0.3501397539785909,-0.5736113977175876,0.0,0.28801746406659434,0.5775889000730974,low,0
S0035,2025-02-11,6,mid,4,41.944141262791966,0,1,1,0,1,5.159018023933834,0.0,10.62622573805296,0.5907022921040811,0.25116582062833004,0.658445402900277,0.8912055836030712,0.0,0.16328775550279317,0.9838086177856292,low,0
S0035,2025-02-12,7,mid,6,44.45379701026097,0,1,3,0,1,6.255541351454374,0.0,11.392508501033156,0.9649868236229203,0.565828896817797,0.6706830022374395,-0.10788233666108127,0.0,0.6091285103376437,0.3487490302401308,low,0
S0035,2025-02-13,7,mid,6,51.17109231364349,0,2,2,1,1,6.066862347547189,0.0,11.63590644574248,0.5071421952334765,0.9523563824024377,0.8262302779289088,0.474653810385292,0.0,0.5156007789650536,0.5906763448059532,low,0
S0035,2025-02-14,7,mid,6,29.81152934856753,0,1,1,1,1,2.3796641335132835,0.0,7.49219979668872,0.8033562279200072,0.5002744733926048,0.27862014757761044,-0.3738079330106032,0.0,0.03986495958803138,0.0493920761808756,low,0
S0035,2025-02-15,7,mid,5,48.374663870861106,0,2,4,1,1,6.170342672289074,0.0,10.279117337132103,0.8189639478173772,0.41563442695236874,0.6295551419400384,-0.7564218344833806,0.0,0.5513321859508514,0.2631490835542687,low,0
S0035,2025-02-16,7,mid,5,41.18287371886025,0,0,2,0,0,5.511709427991436,0.0,7.919105418793658,0.021112125523090053,0.4254182773683377,0.4096466323595017,-0.4903618274012824,0.0,0.9643090562840883,0.4034084145899768,low,0
S0035,2025-02-17,7,mid,6,54.703336665563924,0,2,2,1,0,1.1569125934310294,0.0,11.938540145509544,0.7468991628795923,0.019682706194301458,0.3700922112426679,0.20166339318675686,0.0,0.5832373038622021,0.6075578824424942,low,0
S0035,2025-02-18,7,mid,5,33.82840393182354,0,2,5,0,0,7.315765004368702,0.0,8.750298630608667,0.4633865494250503,0.1415427075977641,0.2745204912790744,0.12276682308137454,0.0,0.40257713757209745,0.36639291031559196,low,0
S0035,2025-02-19,8,mid,7,59.216689721241146,0,0,2,1,0,3.5080597806869145,0.0,9.519189104871185,0.11083686569241857,0.21656567055940634,0.548466065090201,0.11557840372881611,0.0,0.6062438228428819,0.5838169570075963,low,0
S0035,2025-02-20,8,mid,7,44.77622665889827,0,1,2,1,0,4.021741766969626,0.0,11.226875164010993,0.3291001486756373,0.6376383569039152,0.6428733700148388,-0.9038241274169485,0.0,0.07255885034049636,0.6553632525265715,low,0
S0035,2025-02-21,8,mid,5,42.66371683664596,0,0,4,0,0,5.019402583263137,0.0,9.406504326668568,0.11514971116591177,0.6982387253870641,0.1674699958685052,0.6347607910400708,0.0,0.470368132875998,0.5662779046166625,low,0
S0035,2025-02-22,8,mid,5,41.830930030474455,0,1,2,0,1,5.48710918403725,0.0,9.144575918532315,0.650425828541997,0.7914962726227429,0.9504595765288798,-0.007695378621178639,0.0,0.28833036248421084,0.7795116392775024,low,0
S0035,2025-02-23,8,mid,6,53.69336627060704,0,3,5,1,1,4.994238043939881,0.0,7.685863660596488,0.7734005092954401,0.16896385019631077,0.40040709443673794,-0.29942660098662843,0.0,0.33496903493299546,0.6506265890801969,low,0
S0035,2025-02-24,8,mid,7,44.87856948327888,0,0,4,0,0,5.62413409817715,0.0,17.255958245043658,0.6191820435676793,0.9432525046585446,0.6281270861732842,-0.4848163012125848,0.0,0.6361514079423463,0.8797445728015547,low,0
S0035,2025-02-25,8,mid,6,73.32539681173935,0,2,2,0,1,0.7755884647748754,0.0,14.539528647208734,0.44114695078684996,0.6340823618232819,0.21653478824213523,-0.33363229509227854,0.0,0.2791589280594491,0.8008024032785694,low,0
S0035,2025-02-26,9,mid,5,51.36129889128067,0,0,4,0,0,4.378730159714649,0.0,11.191858068174241,0.2948702313015964,0.7854429342527677,0.9352694459164158,-0.8141453199689914,0.0,0.8037723013522957,0.6450683069318244,low,0
S0035,2025-02-27,9,mid,6,37.09364896554251,0,1,4,1,1,2.8979996467853817,0.0,10.098887894995643,0.43276939769711287,0.37582132382649847,0.42818907279574214,-0.7851795086083513,0.0,0.3984006820853855,0.8702668270108319,low,0
S0035,2025-02-28,9,mid,5,36.96368425570823,0,1,3,1,1,5.150978625242002,0.0,15.855575656637843,0.902581890024574,0.38069727935477593,0.5186444189679508,0.4846787838267721,0.0,0.0475665433225223,0.05447524102502155,low,0
S0035,2025-03-01,9,mid,5,41.174486044387095,0,0,3,0,1,6.998717710401168,0.0,16.191272726889594,0.9124031236746956,0.22384778308795716,0.888686327967015,0.3769417647248985,0.0,0.12774642015359572,0.37190468541173327,low,0
S0035,2025-03-02,9,mid,5,43.75555776397921,0,1,3,0,1,7.275385002969118,0.0,12.18689165686372,0.8445459513422936,0.2821260159686312,0.02558745125194939,0.020077640053705492,0.0,0.8560785981303934,0.2078213372619382,low,0
S0035,2025-03-03,9,mid,4,39.95934810264663,0,0,1,1,1,3.610811186017425,0.0,13.623836709256883,0.2776819089066652,0.9410288865053685,0.6571994867406424,0.37384532384295155,0.0,0.7596529184538446,0.3409333360226642,low,0
S0035,2025-03-04,9,mid,4,49.59544941900423,0,2,2,1,1,4.4454035700049825,0.0,5.933351923072527,0.49510226331503693,0.06250169837678898,0.4433943596675889,0.20861519042422394,0.0,0.931806477603056,0.22731957784330825,low,0
S0035,2025-03-05,10,mid,5,32.06128487118008,0,1,3,0,0,2.9322973800890484,0.0,7.8134912391153195,0.5578691793547798,0.7651249811595051,0.7267366689403146,-0.532487298205585,0.0,0.33050235026960095,0.8688321830003761,low,0
S0035,2025-03-06,10,mid,6,55.06749635598236,0,0,2,0,0,1.840369873564836,0.0,7.800053565108345,0.12139024703924195,0.4203935629957981,0.016939501922368594,-0.08817952114548055,0.0,0.7250064381031529,0.9607450327644751,low,0
S0035,2025-03-07,10,mid,5,40.96020358417081,0,1,4,0,0,7.498105628337852,0.0,10.944730741413482,0.9978034217941787,0.7742707799871847,0.22134045196632024,0.495956137522495,0.0,0.5371536243190823,0.45080957570343894,low,0
S0035,2025-03-08,10,mid,6,48.63639643974662,0,1,3,1,0,7.050562929975538,0.0,13.834812891138558,0.5449638147166256,0.4051047939870984,0.647068341587443,0.10018456259723907,0.0,0.2726256394650627,0.10461542637947518,low,0
S0035,2025-03-09,10,mid,6,20.82933340850719,0,1,1,0,0,6.349467966220984,0.0,9.781301622522534,0.9172493208191352,0.8098387411213644,0.6285949274430047,0.7124448133828978,0.0,0.5150685177315641,0.18016013302063172,low,0
S0035,2025-03-10,10,mid,6,47.3403965853332,0,0,5,1,1,4.789391765678571,0.0,9.946702109647196,0.09438691378065767,0.9325956555310522,0.7924318321785566,0.3454179602011387,0.0,0.830237233322029,0.2500548554408304,low,0
S0035,2025-03-11,10,mid,6,59.6721321669629,0,1,2,1,1,0.5769595797423239,0.0,13.771269300391968,0.948652576426956,0.16896961588122106,0.036273043112324044,-0.6417194724212452,0.0,0.6834539662014159,0.7889459390259504,low,0
S0035,2025-03-12,11,mid,5,61.47764218021548,0,4,2,1,0,5.058660170872742,0.0,10.556200216480683,0.47988046836888554,0.6998707824812154,0.19393098079064086,-0.02352052240269975,0.0,0.31233075711032576,0.1642278706756799,low,0
S0035,2025-03-13,11,mid,7,63.9318181712144,0,2,5,0,1,6.463594216265637,0.0,7.67685313458834,0.12108069360972407,0.149857494833461,0.4133192955745555,-0.7293103978448914,0.0,0.011643951905010885,0.41140192961650435,low,0
S0035,2025-03-14,11,mid,5,67.01671070600503,0,0,3,1,1,5.672721129837491,0.0,11.09882240133702,0.22133045352797687,0.49178617451067397,0.9078437719683969,0.5195635880941285,0.0,0.0018202859543609007,0.4594265764037935,low,0
S0035,2025-03-15,11,mid,6,43.45954848462488,0,1,1,1,1,5.2254242149679815,0.0,9.22274822684059,0.20439455108528493,0.9305071046945709,0.06723061222328619,-0.3520398907024367,0.0,0.012649007501816967,0.3170196058180965,low,0
S0035,2025-03-16,11,mid,8,50.49209274332111,0,2,3,0,0,4.162104805947163,0.0,8.059838462367853,0.8579930793569406,0.6273916838991521,0.5973814918859625,0.16927383550096065,0.0,0.4086275411554987,0.417004566064648,low,0
S0035,2025-03-17,11,mid,5,35.974280268901694,0,1,3,1,1,3.5767410457960436,0.0,6.536422457012012,0.24124263363788112,0.7973841403062013,0.7494304992754354,-0.837971710628252,0.0,0.6973216081020926,0.5205851198879166,low,0
S0035,2025-03-18,11,mid,6,38.9521707691618,0,0,5,0,0,3.5071560029995617,0.0,15.00173191921916,0.822204150848802,0.21595940952226433,0.9310932790450988,0.393994641758205,0.0,0.5595806410081322,0.7946484487033281,low,0
S0035,2025-03-19,12,mid,6,48.05743282179096,0,1,1,1,1,3.6982265338959635,0.0,6.5091529244774,0.02882735517249313,0.3149625462106139,0.7715458416273004,0.6806551960272302,0.0,0.008873289987423316,0.007147038269232686,low,0
S0035,2025-03-20,12,mid,6,44.77011474944406,0,2,1,0,1,6.176535379352856,0.0,10.132003853482633,0.4862274627706408,0.31580133280052347,0.33983796753579754,-0.97650620955374,0.0,0.12235103367847489,0.04380876327480665,low,0
S0035,2025-03-21,12,mid,5,41.3377589225573,0,4,2,1,0,4.322241094861797,0.0,8.632770071997353,0.08354546456088408,0.5236769720629788,0.12631819117354703,0.48553725984590934,0.0,0.3326497781440827,0.6720627142112312,low,0
S0035,2025-03-22,12,mid,5,41.65085708422488,0,2,1,0,1,6.059373352629027,0.0,10.96359082626078,0.7697799447086158,0.28673835319886287,0.5838860755256079,0.6845723355239266,0.0,0.1808481067228349,0.1630232795012032,low,0
S0035,2025-03-23,12,mid,5,40.58983477953913,0,0,1,1,0,3.0624090213994917,0.0,8.405226045553587,0.87759715785813,0.06868892368819013,0.8171196745885047,0.17847198621311566,0.0,0.16400389172606622,0.22736215829340412,low,0
S0035,2025-03-24,12,mid,6,37.36508038958351,0,0,1,1,0,6.379102366454937,0.0,9.87288840875336,0.2935322117754222,0.6747050431831482,0.3051503776787243,-0.3708551489621037,0.0,0.8447091667152699,0.7870219534558307,low,0
S0035,2025-03-25,12,mid,5,42.67561651211225,0,0,1,0,0,6.463704981475613,0.0,10.969453456441721,0.1792271556050471,0.8622043242862039,0.05136388245689105,0.3337605161811268,0.0,0.7910389203758728,0.44476611765933227,low,0
S0035,2025-03-26,13,mid,6,41.32442068224618,0,1,4,1,1,5.098398530381287,0.0,6.6906154327900325,0.49596618130168535,0.13889226333189075,0.9949875807649443,0.6462707749292682,0.0,0.38653246518142126,0.6849065389609004,low,0
S0035,2025-03-27,13,mid,6,58.102769570853695,0,2,2,1,1,6.624567125060507,0.0,7.651963756326191,0.6489059545019943,0.6396977799283038,0.8930353404422275,-0.5332994900954966,0.0,0.3684501170909421,0.08306745701098572,low,0
S0035,2025-03-28,13,mid,6,49.84838605269244,0,1,1,0,0,5.562770610706585,0.0,11.796193256469614,0.7839140930666795,0.6854822224122972,0.871863813762966,-0.5542202362300774,0.0,0.7598870763619892,0.11715654303944023,low,0
S0035,2025-03-29,13,mid,5,35.98823097037347,0,0,4,0,0,7.617539800213001,0.0,11.816756375125863,0.26780594881966024,0.5957322624322371,0.5194211093618459,-0.12305498669005299,0.0,0.07948716736946082,0.29262885801284133,low,0
S0035,2025-03-30,13,mid,6,35.45168515633276,0,1,4,1,0,5.499465539772361,0.0,10.020060542554125,0.021267996310289305,0.3032059058604243,0.1337838233509938,-0.37005613518522806,0.0,0.463619717668028,0.3419323660094381,low,0
S0035,2025-03-31,13,mid,6,46.516779564192504,0,4,4,0,1,3.8809544349690905,0.0,10.591252215698695,0.4666382028588004,0.9808344601878636,0.9928381418095771,-0.13510636044265945,0.0,0.8930530090127695,0.5919923113964038,low,0
S0036,2025-01-01,1,mid,6,42.95202319184781,0,1,4,1,1,8.648756780958198,0.0,6.874434355101458,0.9190136315893924,0.6205304864960713,0.8567430815559871,-0.7568569866508699,0.0,0.2105211675231342,0.9702928642145678,low,0
S0036,2025-01-02,1,mid,5,49.16082371241579,0,1,2,1,1,5.242297390314022,0.0,12.879491745386778,0.6947411878456382,0.4430623314536245,0.40409267657044756,-0.11362491821218779,0.0,0.4144165531634869,0.6755550115253239,low,0
S0036,2025-01-03,1,mid,5,39.98253582400079,0,1,3,1,1,4.070276036412217,0.0,6.431286372011389,0.11749996093228465,0.38448962456229585,0.10232172214902313,-0.033022533670401755,0.0,0.17616974940799957,0.12999658522380697,low,0
S0036,2025-01-04,1,mid,7,56.78000336935138,0,0,5,0,0,3.088869797372264,0.0,6.118053536452855,0.18289915509320143,0.2525734002981378,0.7172688689824964,-0.24823171891761397,0.0,0.6874841386870489,0.5141075411017481,low,0
S0036,2025-01-05,1,mid,5,33.28123550934039,0,1,1,1,0,6.845472668435123,0.0,11.628966905148989,0.8185787006408244,0.07580487252033963,0.5739922930306103,0.39248925568513404,0.0,0.08562043781578166,0.22240090719799144,low,0
S0036,2025-01-06,1,mid,6,42.54561840477625,0,3,2,0,0,6.745770330637768,0.0,11.33820089328654,0.4916827552792643,0.4915317930913585,0.6083178128523308,0.4849491044308678,0.0,0.20130078547464214,0.9618595505504348,low,0
S0036,2025-01-07,1,mid,7,35.33138146505267,0,3,2,0,1,5.80126645359954,0.0,7.243185722833133,0.5600694520865486,0.19280892288619422,0.23347514048902895,0.1275475471019396,0.0,0.32128828433397705,0.8348314310951552,low,0
S0036,2025-01-08,2,mid,6,52.0321152819734,0,0,3,1,1,4.9541506933962385,0.0,10.040440906268607,0.8616821668405812,0.20498147479169992,0.43407033120414695,0.8652418135403361,0.0,0.7920673287285922,0.7857752480723358,low,0
S0036,2025-01-09,2,mid,6,60.07439131346261,0,2,4,1,1,8.116545979469326,0.0,8.963165752249026,0.1255045960686071,0.9265074200770382,0.03380882984215472,-0.9157256785408876,0.0,0.054585780213023405,0.1034081609634826,low,0
S0036,2025-01-10,2,mid,7,44.323385498980166,0,0,2,0,1,7.593474214572833,0.0,5.143011294384118,0.39467085253845524,0.8681849846399952,0.9538231444307461,0.18708141877372042,0.0,0.8422744830072623,0.8537414987165386,low,0
S0036,2025-01-11,2,mid,5,51.11889720822364,0,0,1,1,1,3.6638028467856287,0.0,8.477173517578509,0.5274540476799697,0.6769974884838197,0.6761614697854493,-0.4778946006945497,0.0,0.09478541400348539,0.3102094962457833,low,0
S0036,2025-01-12,2,mid,8,45.74584727104504,0,0,4,1,1,4.217355844959433,0.0,7.204729654584913,0.3464745399364295,0.5601321417080347,0.4634435559955775,-0.08038373380025887,0.0,0.5535724312795917,0.4154184549121288,low,0
S0036,2025-01-13,2,mid,6,33.01403398316946,0,2,4,0,1,4.97111925434655,0.0,12.044770584709745,0.5764607854070216,0.9025378550625649,0.8534343539354857,0.723903759708701,0.0,0.3717856018640834,0.8305478380158542,low,0
S0036,2025-01-14,2,mid,5,37.28956700803079,0,0,4,0,1,3.3378882221160313,0.0,14.482687479638297,0.1993428397121927,0.8137861286830638,0.48867349067329224,0.1352824095395686,0.0,0.1539493546501064,0.19275420141593924,low,0
S0036,2025-01-15,3,mid,6,34.2524179029615,0,2,2,1,0,4.102811138261485,0.0,11.839295173479924,0.7081158446400949,0.009079591921675956,0.09360108861915306,0.21857741744456627,0.0,0.18241595487790452,0.02821368631276222,low,0
S0036,2025-01-16,3,mid,3,41.052424657911004,0,3,2,1,0,4.593028264952494,0.0,8.430362401079936,0.8223697009091718,0.4060285422470178,0.6246680113154659,-0.8073312617294592,0.0,0.7770459751840522,0.10046548993724191,low,0
S0036,2025-01-17,3,mid,5,53.20743664263327,0,2,5,0,0,8.05828189937198,0.0,7.514323956332255,0.14001205615350243,0.6783716014112628,0.07316099552604327,0.4346502795293341,0.0,0.3238049543867787,0.4658476559532664,low,0
S0036,2025-01-18,3,mid,6,34.1776086304815,0,0,2,0,0,7.573499980746842,0.0,11.371458800004463,0.931060349488902,0.6977268798480183,0.4186370531345387,0.38215574155911347,0.0,0.0691753403700841,0.6000828057855054,low,0
S0036,2025-01-19,3,mid,6,53.01221112131083,0,0,1,0,0,7.661190841122608,0.0,10.520670974739822,0.20229126617400095,0.40897886256521343,0.807586019163874,0.20737960668618616,0.0,0.9943652479477131,0.06926433296379042,low,0
S0036,2025-01-20,3,mid,5,38.70670977234636,0,2,3,0,1,2.8653628338912145,0.0,6.478404834167968,0.7410286237117966,0.7291608789795427,0.8189184203412501,0.524360856472218,0.0,0.7579442021060652,0.2517732340554316,low,0
S0036,2025-01-21,3,mid,6,41.34724610416107,0,0,1,1,0,4.773692187656514,0.0,10.749199311256737,0.7053696122492102,0.3406943907861858,0.9696430251363969,0.9765575325712126,0.0,0.8250963467402727,0.5814735316720694,low,0
S0036,2025-01-22,4,mid,4,49.879130169246686,0,0,2,1,0,8.543457172575437,0.0,6.653188408755671,0.351063823008423,0.0036297500597120003,0.39621713472014886,0.6092828749366574,0.0,0.9439599618845486,0.2750907960262797,low,0
S0036,2025-01-23,4,mid,5,52.78739333192527,0,2,3,1,1,3.6288341186273847,0.0,8.829594167309121,0.1903425410760331,0.0005278436858323632,0.8694216477856673,0.5299167897977637,0.0,0.2186824288189564,0.002390090595505323,low,0
S0036,2025-01-24,4,mid,3,42.630804358239374,0,1,4,0,0,3.391004408137962,0.0,9.143884678858099,0.5055952520052315,0.2590117558150695,0.6166380812205616,0.04064583080799444,0.0,0.7787485664991051,0.575227222367436,low,0
S0036,2025-01-25,4,mid,5,43.18053005232452,0,0,2,1,1,3.3852424544764865,0.0,13.94269551950877,0.09369282119879507,0.6670464163817288,0.7285674442318351,-0.755081734223078,0.0,0.5497363517962578,0.9870879840538204,low,0
S0036,2025-01-26,4,mid,4,34.44535979890738,0,1,4,0,1,6.540624768744896,0.0,6.90389562141136,0.7834723667738924,0.3625252349364101,0.2974006511669872,0.09027629327072506,0.0,0.3654230441052607,0.8359369313014361,low,0
S0036,2025-01-27,4,mid,5,55.43472288002629,0,2,5,0,1,5.743081255487683,0.0,4.813702250250899,0.9078899042221144,0.3029948563871756,0.19922782086150037,-0.04269002538071831,0.0,0.15662881874940793,0.27169080293081704,low,0
S0036,2025-01-28,4,mid,6,47.81107274113025,0,1,1,0,0,4.776799385341004,0.0,12.233537492207509,0.6816370297014067,0.992458427692047,0.40974521949958187,-0.7739086218918341,0.0,0.8677790348189968,0.47648511844249675,low,0
S0036,2025-01-29,5,mid,6,47.88087375313091,0,0,4,1,0,1.8746591591086421,0.0,11.129200489942122,0.08624615636140254,0.6718351441852511,0.20150939343382301,0.46644056774057296,0.0,0.8325082785999603,0.9889651268464542,low,0
S0036,2025-01-30,5,mid,6,45.0404802637931,0,0,3,0,0,4.844115506717213,0.0,10.204507632097116,0.5074753983861712,0.9032360786937701,0.9439348687312138,-0.23958812313520395,0.0,0.7257040615165246,0.4105454836423783,low,0
S0036,2025-01-31,5,mid,6,52.64755834422562,0,0,1,0,1,7.100092129271333,0.0,13.43555283376385,0.533562966824467,0.23058710013537753,0.21184777691520362,0.7486102302028315,0.0,0.12068658260739462,0.5592417192200649,low,0
S0036,2025-02-01,5,mid,7,45.122061822154464,0,0,5,0,0,4.088790994922373,0.0,7.1445956228648715,0.9491703328680051,0.9624421963562685,0.84178824982537,0.3914258358581011,0.0,0.7206733658567527,0.4695728430874009,low,0
S0036,2025-02-02,5,mid,8,49.96890153361276,0,1,2,1,1,2.5511138695054547,0.0,7.384409177304015,0.4219113121243232,0.29092075043326204,0.09118019255185517,-0.5840777361915934,0.0,0.6401597975823332,0.2231825570527327,low,0
S0036,2025-02-03,5,mid,5,47.7662129151658,0,0,3,0,0,4.293150917377939,0.0,10.93191249681938,0.8128534398937637,0.5842335497091802,0.7403683677969792,0.2890141569023461,0.0,0.41698958008375453,0.2919773488969244,low,0
S0036,2025-02-04,5,mid,7,50.80701836897825,0,0,3,1,1,4.7173627366303785,0.0,9.352451057093417,0.49999424478791854,0.013857788769549129,0.6245974810193547,0.31448929297385897,0.0,0.696448461207293,0.5557247985992598,low,0
S0036,2025-02-05,6,mid,7,43.470064836901855,0,2,2,0,1,2.2158123949935535,0.0,6.747501390403219,0.8396495200281476,0.7784672759772122,0.4001040345769321,0.3289766193291197,0.0,0.3944454822947818,0.5713138383162337,low,0
S0036,2025-02-06,6,mid,6,47.45203400044694,0,2,2,1,0,2.3574217693520483,0.0,5.739418205521703,0.07680267760329285,0.5519482732595816,0.4169042473729109,0.6245784898771907,0.0,0.4392641938439559,0.9707972100770854,low,0
S0036,2025-02-07,6,mid,5,37.40272020960269,0,1,5,1,0,2.1118596504122187,0.0,10.79861593716677,0.6695657281670652,0.04611498900726496,0.20309492631199333,0.889327501867889,0.0,0.9535075245907666,0.4826551918134535,low,0
S0036,2025-02-08,6,mid,5,32.91788210100732,0,1,4,0,0,3.1935570068295167,0.0,5.805861458917005,0.05526847304737692,0.5236374027289701,0.024581634722607548,0.3561375572392307,0.0,0.0026884588992512892,0.03193659352528555,low,0
S0036,2025-02-09,6,mid,5,51.91569553701537,0,0,5,0,1,6.801305819531918,0.0,5.115539317158978,0.5388591777677273,0.3951923977808073,0.10756797182901556,0.9388477971592315,0.0,0.17460555047005122,0.6331172449563899,low,0
S0036,2025-02-10,6,mid,6,39.58561435788115,0,0,3,1,1,9.57175414933406,0.0,10.519241913159902,0.7721022749282821,0.017493420857195074,0.526284558577656,-0.4658578480014377,0.0,0.9915907316789047,0.1569366843622626,low,0
S0036,2025-02-11,6,mid,6,44.39553193256548,0,0,3,0,1,5.4762753835537,0.0,10.798771622163246,0.10076159456338718,0.025191314271911458,0.04999201489531391,0.18075612914751393,0.0,0.6703536244885746,0.6206533912462312,low,0
S0036,2025-02-12,7,mid,4,46.6426915594992,0,1,2,0,1,6.162213792736449,0.0,5.869358271092203,0.48793590491573624,0.8185217136282507,0.03605350411235375,0.6322941763239429,0.0,0.13571917204354111,0.015072512900597745,low,0
S0036,2025-02-13,7,mid,4,50.958097254061705,0,1,5,0,1,0.0,0.0,9.318964219747507,0.6546760846161122,0.7335341222147587,0.1726535478550143,-0.934951008804199,0.0,0.45465285181504944,0.09945312227578851,low,0
S0036,2025-02-14,7,mid,6,29.061361020796088,0,0,1,0,1,1.193053028277526,0.0,9.004347230363052,0.46878581073414693,0.6835226393736645,0.10900073617405193,-0.4886211124868056,0.0,0.7949604459355328,0.6701226929528644,low,0
S0036,2025-02-15,7,mid,5,29.95346068287347,0,0,1,0,1,3.4386587239646453,0.0,7.335846645180936,0.7496722187170469,0.8896744313942908,0.6636969878549185,0.7294179101227265,0.0,0.06329245539572814,0.6405284813965936,low,0
S0036,2025-02-16,7,mid,5,50.991143160828834,0,3,2,0,0,4.047217409982595,0.0,13.239430645676705,0.17187991113660206,0.49224457712041547,0.468502330343635,0.4508051659721253,0.0,0.9731848541436628,0.5312821954862166,low,0
S0036,2025-02-17,7,mid,5,57.967912071044374,0,1,4,1,0,6.6210441778460964,0.0,11.784839980746861,0.23657152728578612,0.22965304700608058,0.08802943947316588,-0.6994120488059865,0.0,0.008015891882246162,0.5898312397778944,low,0
S0036,2025-02-18,7,mid,6,60.42919565984201,0,4,3,0,0,5.452646466713375,0.0,11.1952440379377,0.0907028969380902,0.8669095277514538,0.3489039399784726,-0.40344441891644633,0.0,0.6233135672863879,0.5685986361064636,low,0
S0036,2025-02-19,8,mid,4,47.58184340265753,0,2,4,1,0,7.410880317912838,0.0,11.960212275803402,0.06266712277887787,0.0368229426693939,0.5592583380607808,0.17570953613238616,0.0,0.3928087597059088,0.036073314096250586,low,0
S0036,2025-02-20,8,mid,7,33.28432550801158,0,1,3,0,0,1.6669054157797838,0.0,8.928177773361737,0.222969888042847,0.7527529106799715,0.4875486366307702,0.24817199064237294,0.0,0.4711057922350025,0.8188374164238214,low,0
S0036,2025-02-21,8,mid,6,44.979919424479114,0,0,5,1,0,3.5360145075698526,0.0,9.994187788232415,0.09039099208220636,0.633500362138427,0.6307272630585855,-0.6137594373516817,0.0,0.8724865152583926,0.7021869956829774,low,0
S0036,2025-02-22,8,mid,4,36.73198899814868,0,2,3,0,1,6.6230054128636855,0.0,13.067128772273314,0.7007389811875201,0.4832274150119079,0.018660804480701954,0.4598359506938332,0.0,0.9365201890507868,0.15738635553536562,low,0
S0036,2025-02-23,8,mid,5,42.73451062802639,0,1,1,0,1,6.017231927407848,0.0,14.187589955517089,0.17199525377472402,0.27884862433360424,0.048604490828251246,0.29072570573431356,0.0,0.6860858205232889,0.3268087617999982,low,0
S0036,2025-02-24,8,mid,7,30.31091756060083,0,2,1,0,1,5.842188576066009,0.0,15.962818060791582,0.983520926297079,0.7023805198991457,0.643226604545689,0.7536358806445846,0.0,0.5549906741392614,0.2429235568268472,low,0
S0036,2025-02-25,8,mid,5,33.73732908645409,0,2,5,1,0,4.903886568171774,0.0,12.13988993819433,0.6223982196243619,0.6501081899729798,0.0910050752062952,0.7043901249413775,0.0,0.164236419923377,0.39741912695734694,low,0
S0036,2025-02-26,9,mid,5,46.56696902792159,0,1,1,1,0,3.352451109484088,0.0,12.412665588834978,0.996588955118974,0.32509084006163647,0.6717057495677186,0.6896233899156019,0.0,0.17515099442465631,0.6090416799448086,low,0
S0036,2025-02-27,9,mid,4,38.41283939835824,0,0,2,0,0,1.9853042133574101,0.0,10.754801525761778,0.4030294166583981,0.4887889908898755,0.12837115309716118,-0.48719238702528833,0.0,0.9844526062816878,0.7566900519312574,low,0
S0036,2025-02-28,9,mid,4,43.98519528781913,0,1,4,1,0,6.445149785335211,0.0,10.297339625977973,0.5179829683849783,0.8874953031572362,0.5205251380141022,0.11606960728066618,0.0,0.36680799545558673,0.4001691234605622,low,0
S0036,2025-03-01,9,mid,4,50.94960935595514,0,1,2,0,1,6.867387803630209,0.0,11.4768471210097,0.8437734559580291,0.2542452050364242,0.3501730442501231,0.18981206852442867,0.0,0.8857723912469462,0.7904460866918956,low,0
S0036,2025-03-02,9,mid,6,45.46183616516177,0,2,1,1,1,5.8247365385812975,0.0,10.067925239099248,0.6392237458667522,0.1625441896625357,0.8154909784791611,0.3453431285516442,0.0,0.1489277892548002,0.008992161408818644,low,0
S0036,2025-03-03,9,mid,4,47.675419864289225,0,1,2,1,0,5.839706054878018,0.0,11.898768784253793,0.3884227089786657,0.6294889493232346,0.18745389268557477,0.9708449819178901,0.0,0.7961080420937187,0.788940003069027,low,0
S0036,2025-03-04,9,mid,4,47.606124139046436,0,1,2,1,0,4.473680754030341,0.0,3.1922318054081575,0.37262574534467274,0.9643057265977697,0.40270869401035014,-0.7664762009008914,0.0,0.25050989355550346,0.42482016009812873,low,0
S0036,2025-03-05,10,mid,7,59.16079596482864,0,2,2,0,0,3.8703397010513325,0.0,10.036586949701489,0.26418951076564345,0.9173817604547656,0.9623563304466363,0.45699715328154267,0.0,0.0568638987869704,0.023541387746265796,low,0
S0036,2025-03-06,10,mid,6,48.41184101720714,0,0,2,1,0,7.4925648866066865,0.0,9.309356230498016,0.12130437937214222,0.10453037417734024,0.8048294019470412,-0.015368967663582644,0.0,0.3602492467095608,0.46135364223355946,low,0
S0036,2025-03-07,10,mid,7,40.628507375001625,0,0,4,1,0,4.640013620541998,0.0,7.131705436308998,0.643295134851508,0.6615932335258106,0.7967437271105277,0.6300228025534549,0.0,0.5977334536411749,0.3531499962553022,low,0
S0036,2025-03-08,10,mid,5,58.50243671293432,0,1,1,1,1,5.179972021048713,0.0,5.354403237060903,0.8171041003287702,0.5756649703841941,0.9701396431949953,-0.9691250238752054,0.0,0.9983467813886229,0.6914090463586892,low,0
S0036,2025-03-09,10,mid,5,54.77083663361995,0,2,1,0,1,7.2231634275579895,0.0,12.487345772629563,0.0635108160882144,0.7465109329889849,0.419514945854895,-0.45065199310994064,0.0,0.665330643864542,0.8331244890188889,low,0
S0036,2025-03-10,10,mid,7,47.04139150003988,0,0,5,0,0,2.687397135650364,0.0,6.1993378936030945,0.4791701307478927,0.7174747673284549,0.27633047763629415,-0.838108168442198,0.0,0.4244257214395062,0.05492542311639437,low,0
S0036,2025-03-11,10,mid,6,45.150035321421875,0,1,5,1,1,6.049950977481247,0.0,9.994550645819537,0.8436055696392095,0.8893611551466305,0.1371550266587761,0.917247828900825,0.0,0.7299925317003472,0.32568503995553566,low,0
S0036,2025-03-12,11,mid,6,50.89329205840834,0,4,3,0,0,5.195950434128182,0.0,8.642422432128399,0.2484895868495981,0.5981964141313244,0.614125164445869,0.6184483827172922,0.0,0.22990475560947388,0.4634646386192802,low,0
S0036,2025-03-13,11,mid,4,51.8537713878129,0,2,5,0,1,0.0,0.0,8.628841401473979,0.7006839368098108,0.45835702766245534,0.6590767790789945,-0.023331573694239438,0.0,0.6107177605322324,0.8051861303160417,low,0
S0036,2025-03-14,11,mid,6,48.250999757654306,0,0,1,0,1,6.801073465961297,0.0,6.820994327626504,0.9591497743591576,0.2067758430200325,0.4656439341364895,0.9829588029988205,0.0,0.9316743982341787,0.3523163030292312,low,0
S0036,2025-03-15,11,mid,4,37.19883218369874,0,0,3,1,1,6.198883921169588,0.0,5.029166365028763,0.9834345037961918,0.17442393517603416,0.10145725751466139,0.5911933576826764,0.0,0.02492181712226138,0.6432559354256018,low,0
S0036,2025-03-16,11,mid,7,35.92346033004041,0,0,4,1,1,4.799244019989249,0.0,5.234965445426481,0.17761341248978735,0.5996555344206397,0.11814662277953203,0.4904470982530291,0.0,0.9216647650321507,0.3859254662289092,low,0
S0036,2025-03-17,11,mid,4,75.98564784327687,0,3,2,1,0,3.6629416633988248,0.0,7.7556205464891095,0.6527868089091818,0.8078186605719776,0.7624040635274477,0.21282378106950595,0.0,0.937542287536437,0.7310455363623782,low,0
S0036,2025-03-18,11,mid,7,46.76208407401042,0,0,4,1,1,6.741777507093133,0.0,13.95059016852926,0.9054359809634767,0.14044019272691743,0.16916184525974154,-0.3168615519537259,0.0,0.49138881599745277,0.9257137810077208,low,0
S0036,2025-03-19,12,mid,6,36.17699775414958,0,1,4,0,0,5.980866834495755,0.0,12.322423949033169,0.8214216782238299,0.15794338767812766,0.884792687749463,0.355240713294273,0.0,0.6515608028985767,0.5825838630980549,low,0
S0036,2025-03-20,12,mid,5,59.60009899660185,0,0,1,1,1,3.2936413921021366,0.0,11.956956032733377,0.9171175298161458,0.13533981400838924,0.3741627367468945,-0.0957833904603127,0.0,0.07589575172446605,0.3474742018620558,low,0
S0036,2025-03-21,12,mid,6,43.000166890800884,0,0,4,0,1,6.443620751313243,0.0,6.967727586562871,0.7777227470057301,0.8273830151873094,0.1656423098675096,0.07338613951147721,0.0,0.08367436213987012,0.8047923453135554,low,0
S0036,2025-03-22,12,mid,4,44.51098940416899,0,1,1,0,0,6.997114308632467,0.0,4.267794720736379,0.9483609984570618,0.3937211865679606,0.3581268737759554,-0.675188719213448,0.0,0.9383035645657652,0.8007447783462386,low,0
S0036,2025-03-23,12,mid,5,33.755487307200895,0,2,1,1,0,5.9170835076834285,0.0,11.15672810833322,0.4154645620824524,0.35485475282321977,0.19440421911804961,-0.902162256675274,0.0,0.7453829563109936,0.07372708444738663,low,0
S0036,2025-03-24,12,mid,5,47.72276781210998,0,1,1,0,1,5.124275111623991,0.0,9.437650123725085,0.9431627209084948,0.010752767203065727,0.2704369261802404,0.40721148539512986,0.0,0.8712537240416298,0.19077917350007811,low,0
S0036,2025-03-25,12,mid,5,24.96656021917841,0,1,4,1,1,4.8290899652602794,0.0,14.397945514594209,0.9747928911324707,0.6283649713844403,0.6334852516741484,-0.7179097271727071,0.0,0.9877372121355908,0.0707755348067215,low,0
S0036,2025-03-26,13,mid,6,53.66174491210184,0,4,5,0,0,5.734549561989199,0.0,9.317196310631543,0.005491400869552243,0.9913060815589539,0.03595733562710335,-0.7589089610128807,0.0,0.24010671254888816,0.4387216401129074,low,0
S0036,2025-03-27,13,mid,5,45.45104349509741,0,0,4,1,1,4.624739475420951,0.0,12.153980145539286,0.7640073920945493,0.19018819453895075,0.06467922572660423,0.10855957696732554,0.0,0.8220924003705019,0.898459916663545,low,0
S0036,2025-03-28,13,mid,4,49.06530984643099,0,0,1,0,1,2.9083782366736366,0.0,9.505169543426296,0.6836191926813018,0.40137537990996985,0.5672526938598034,0.04708464882232466,0.0,0.6939848028351275,0.8955783398405192,low,0
S0036,2025-03-29,13,mid,6,29.268012160664547,0,1,3,1,0,7.679044072144107,0.0,9.73899455053952,0.46506987371269193,0.646937805071814,0.36326550578199623,0.4873574722726577,0.0,0.25417617511449775,0.7193559118751524,low,0
S0036,2025-03-30,13,mid,6,36.46072096529908,0,0,5,0,1,5.48664377535603,0.0,10.111177251425215,0.17150980177453623,0.2998540785625107,0.6487036516466834,0.40192661127469065,0.0,0.7061452590322966,0.5954052681329248,low,0
S0036,2025-03-31,13,mid,4,47.75636206786416,0,1,3,1,0,3.928166832777233,0.0,9.508602296863534,0.952547108063007,0.31730767709823626,0.8500421335810859,0.05989118813999661,0.0,0.22821215728770217,0.19342757400289878,low,0
S0037,2025-01-01,1,mid,6,39.64938220177694,0,2,2,1,0,3.556323605475198,0.0,9.846023518452572,0.9206676917076997,0.3731878935505788,0.6685317304942029,0.3349765431103302,0.0,0.056342078572621745,0.0036046591572902464,low,0
S0037,2025-01-02,1,mid,6,48.05113633147655,0,2,5,1,1,10.983341394507692,0.0,11.977872476852205,0.07682275519002146,0.6732928604403458,0.42000131200935076,0.7790586802273991,0.0,0.885522416889137,0.7200927833744798,low,0
S0037,2025-01-03,1,mid,7,45.682851079429085,0,1,1,1,1,6.678221845143305,0.0,5.951536887159208,0.43537120114261485,0.8603288915450646,0.32895007077682004,-0.6242920236935126,0.0,0.04613625878503691,0.9843092318677807,low,0
S0037,2025-01-04,1,mid,5,38.84089016618937,0,1,2,0,1,3.977185185200028,0.0,8.483850472006946,0.26777893593483637,0.022567186746964563,0.5713426643642829,-0.20678644522546352,0.0,0.23739581616087657,0.13422390353798086,low,0
S0037,2025-01-05,1,mid,9,35.25328352516233,0,1,2,0,1,4.811117599475914,0.0,5.231882193302593,0.8082251993307126,0.03697685290457842,0.14151925645067676,-0.8036479016458813,0.0,0.23372637788146977,0.17303188373288825,low,0
S0037,2025-01-06,1,mid,8,36.66034644429389,0,0,2,1,0,4.622340313547941,0.0,9.659064377157978,0.751652684629813,0.31281083417663824,0.7298379919063374,0.5254749353940951,0.0,0.2375185507486287,0.5183636387374841,low,0
S0037,2025-01-07,1,mid,8,45.573297479377814,0,0,3,1,1,6.439853154975235,0.0,16.837392323255834,0.2324324069629542,0.33624179889169903,0.03437678864072624,-0.6128327426312452,0.0,0.33583300948662287,0.9721213096073998,low,0
S0037,2025-01-08,2,mid,8,47.54135693049918,0,2,4,1,0,2.680914612169705,0.0,4.86784654906518,0.36441227125565245,0.16163252651784366,0.34089653508290796,0.6058706062076165,0.0,0.49107535437708927,0.45821748327596956,low,0
S0037,2025-01-09,2,mid,6,41.4492694965061,0,0,2,1,1,1.843150047837557,0.0,8.08652343346933,0.990046540351415,0.3979961956545057,0.788846899131616,-0.5789088133368865,0.0,0.24704120860874967,0.5683913671847434,low,0
S0037,2025-01-10,2,mid,6,39.997447918162436,0,1,1,0,0,6.479150414924835,0.0,12.508116613809744,0.7173296159182727,0.6132228783054074,0.8127400445271854,-0.931655198441858,0.0,0.7403021085483273,0.5829174999257406,low,0
S0037,2025-01-11,2,mid,7,38.29553136429062,0,1,4,0,0,6.02233934841345,0.0,7.561267641783346,0.22108957763361148,0.7488956455116084,0.31315983398007285,0.8516572426227518,0.0,0.4454166017013462,0.8395177196738491,low,0
S0037,2025-01-12,2,mid,7,45.55511859552255,0,2,5,0,1,4.022664345591128,0.0,7.694807288969056,0.8985727744984365,0.169779616574377,0.6324120110618977,-0.36969624162262904,0.0,0.08188528617560353,0.22368239118076783,low,0
S0037,2025-01-13,2,mid,8,32.705190217992595,0,1,5,0,1,8.540819656087468,0.0,14.189371748011613,0.895856462601998,0.9107867938565986,0.8283416697105109,0.5468831221993222,0.0,0.8772412222999837,0.8759706066845226,low,0
S0037,2025-01-14,2,mid,7,44.29058897370244,0,1,1,0,0,1.8329628511270504,0.0,9.65607614902839,0.1682048823540182,0.8357726179629139,0.7187387593179755,0.43592554558385577,0.0,0.085306747690024,0.6245178002079071,low,0
S0037,2025-01-15,3,mid,7,49.97277177707929,0,0,3,0,1,4.7851474935742155,0.0,7.544207502030177,0.07339965813511562,0.32978656461181133,0.3515030782399867,0.1992666606551472,0.0,0.9758955678431125,0.16976344010755906,low,0
S0037,2025-01-16,3,mid,7,27.55742319311018,0,0,2,0,1,4.223836952471659,0.0,9.032048778227212,0.6669170546438885,0.807410074774025,0.23801586227688476,0.9584969791320466,0.0,0.13924379238618656,0.31586851468967936,low,0
S0037,2025-01-17,3,mid,8,44.56486521676438,0,1,2,0,1,4.219133530760725,0.0,8.050485153126905,0.7621530911150485,0.9694218690784336,0.5146184665410988,-0.3220563648461643,0.0,0.8291704663110869,0.06710342526824942,low,0
S0037,2025-01-18,3,mid,6,38.03656415452617,0,1,2,1,0,4.2690231533296785,0.0,9.874809911363947,0.7109444806251245,0.2019088893599773,0.09086550929160775,0.6840658089115474,0.0,0.4856079557135299,0.7489330813183265,low,0
S0037,2025-01-19,3,mid,6,46.805153103479896,0,1,4,1,0,7.8999283817247115,0.0,12.47661676950229,0.14585295326085113,0.8427698370589184,0.1804698620113313,0.5985588465497143,0.0,0.16146575662344942,0.7417785368110011,low,0
S0037,2025-01-20,3,mid,6,34.722945337835,0,0,2,0,0,6.511320066666707,0.0,10.53519486468248,0.5137233337530444,0.9729123867645753,0.19077175936872492,0.6970047078022787,0.0,0.2569080788268624,0.25054150752229176,low,0
S0037,2025-01-21,3,mid,6,57.64045806886212,0,0,1,1,0,3.9409039745023966,0.0,9.635135335702394,0.8297052685405584,0.024718188692368637,0.7298762510850118,-0.18587043468947195,0.0,0.0062477160769091045,0.28994690286279945,low,0
S0037,2025-01-22,4,mid,7,44.0847967810201,0,1,1,0,0,4.142088947166502,0.0,12.14319728317248,0.3180904177038125,0.13977745618250736,0.2231134153857196,-0.5056236629708242,0.0,0.41209346527303115,0.6231455114799206,low,0
S0037,2025-01-23,4,mid,6,24.526182124175357,0,0,3,0,1,3.9861558382282682,0.0,7.600231415026151,0.933074666839829,0.35744795476593705,0.10770058775888203,-0.8345469847013423,0.0,0.18049506574384377,0.12751233568975173,low,0
S0037,2025-01-24,4,mid,4,44.291874961689516,0,2,1,1,0,7.096400620782093,0.0,12.664092610423651,0.9588413391454708,0.9801516768342642,0.66353111901764,-0.2744107581528741,0.0,0.4530141664557549,0.43926771082471827,low,0
S0037,2025-01-25,4,mid,5,33.973994709835736,0,0,2,1,0,8.18263634714916,0.0,13.161630374874413,0.40013880514998723,0.9112167250045752,0.050700611709019405,0.6362338115973785,0.0,0.5537943982581998,0.6112037244076158,low,0
S0037,2025-01-26,4,mid,7,47.20410715590701,0,1,5,1,1,5.160585608521981,0.0,0.9000125227536255,0.4910195485799501,0.9611094554136181,0.2817884528002379,-0.4308408403282604,0.0,0.8379216899253457,0.3920088418494072,low,0
S0037,2025-01-27,4,mid,6,37.07486695097252,0,1,1,0,1,6.306420034088555,0.0,11.156948746876678,0.026127564565097683,0.6131422287700009,0.8178369088943284,-0.9312525099256406,0.0,0.7561457141564878,0.9896972501388173,low,0
S0037,2025-01-28,4,mid,5,63.60116056668576,0,1,3,1,1,6.052770578616094,0.0,13.83204124358109,0.527127159729342,0.0037276345902581554,0.43550070209874236,-0.6845532225495023,0.0,0.45456739711318783,0.9917703219878365,low,0
S0037,2025-01-29,5,mid,6,52.25841670133567,0,1,3,1,0,5.391927577162203,0.0,15.50329892820021,0.09844872092902146,0.35273678743499914,0.047612273858685716,0.33973071266052757,0.0,0.33712378430713363,0.7383626937842142,low,0
S0037,2025-01-30,5,mid,6,44.115059864187046,0,1,1,0,0,3.7591311509019736,0.0,12.219047843507386,0.7639291034983515,0.015363448535070878,0.0563490566047109,0.6714655319792207,0.0,0.5642366015593194,0.37330767503005,low,0
S0037,2025-01-31,5,mid,6,48.2700705031024,0,0,4,1,1,5.466649828256334,0.0,9.463576003067327,0.4355275592673499,0.5988399756074366,0.25303763538527135,-0.3063900899512999,0.0,0.048983838546527436,0.4832143326150454,low,0
S0037,2025-02-01,5,mid,5,33.161787097613875,0,2,2,0,0,4.085894061854104,0.0,4.876155244805396,0.8095901107066984,0.8289911073038604,0.16337781607271806,0.10570982830861686,0.0,0.41602772296342794,0.5709357256381633,low,0
S0037,2025-02-02,5,mid,5,53.861745128713494,0,2,5,1,0,4.198361485790803,0.0,11.129914074761963,0.34681841503719335,0.0559713268618407,0.19962225608436512,0.2055846727763868,0.0,0.7615020563520749,0.9112267942765339,low,0
S0037,2025-02-03,5,mid,5,71.65193861757444,0,0,1,1,0,4.962010969494319,0.0,14.24370811623941,0.785627022830479,0.7657333750164519,0.5790153513666073,-0.5593490931360665,0.0,0.3480037687598495,0.16406455019241817,low,0
S0037,2025-02-04,5,mid,7,44.637901979244155,0,2,3,1,0,5.327174599212807,0.0,9.414147475823318,0.3170848304850089,0.9214598684638459,0.9068754563429419,-0.5992751089267021,0.0,0.4763653833306911,0.1373655239069499,low,0
S0037,2025-02-05,6,mid,7,49.39517960904393,0,1,1,1,1,4.024469669264279,0.0,6.906735285303746,0.16825726873651392,0.8808550282272588,0.5484932386621831,0.7048801914105673,0.0,0.9852252910473493,0.5502066808344759,low,0
S0037,2025-02-06,6,mid,6,36.43529974163471,0,0,5,1,0,3.2070230955614045,0.0,10.629472683238754,0.007557841394162268,0.2561504422614047,0.5518521930375623,-0.8498241755908906,0.0,0.6148878829801947,0.6719922211374055,low,0
S0037,2025-02-07,6,mid,8,48.16421394169597,0,0,5,0,1,4.971402038779942,0.0,4.739594859013577,0.5972230158498179,0.41869041607195334,0.06532401865103521,-0.8866945226430383,0.0,0.44034936406019676,0.7978676511457249,low,0
S0037,2025-02-08,6,mid,7,28.295754028939943,0,0,5,1,0,3.8512211723337684,0.0,6.359827644858585,0.913400212356982,0.09423082972701902,0.06072858911774459,-0.7710971721248936,0.0,0.7769775349473482,0.04841644882968765,low,0
S0037,2025-02-09,6,mid,6,26.716379304065775,0,1,1,1,0,0.44234456429418945,0.0,15.986606317757538,0.503318569903519,0.9961309760734187,0.6535891048912535,0.40697328292757584,0.0,0.3136218295403246,0.4715377099678695,low,0
S0037,2025-02-10,6,mid,7,35.371538252513474,0,0,2,0,0,6.6970687404856,0.0,13.331023835916248,0.5787999120840829,0.6374326055466465,0.5849379101177132,0.9125540635718723,0.0,0.5091339323869268,0.590190912971432,low,0
S0037,2025-02-11,6,mid,9,38.18274547899594,0,1,5,0,0,3.9166434700854693,0.0,11.946231173123193,0.4999180005626518,0.9246344134789473,0.16125482348351272,-0.9907110269906987,0.0,0.2652235659425074,0.922311359915408,low,0
S0037,2025-02-12,7,mid,8,37.698236367389896,0,1,3,1,1,3.4555923281938146,0.0,5.5258926717196655,0.6344927622863828,0.5213094518811457,0.928614900882684,0.1292413113746318,0.0,0.8570370322423077,0.07820379987726345,low,0
S0037,2025-02-13,7,mid,6,48.98623620782398,0,0,2,0,1,4.773573667579326,0.0,12.434680750787267,0.2679682302063827,0.2944020031965934,0.803336453887567,0.07822860445388113,0.0,0.4494971190765671,0.9268138856801197,low,0
S0037,2025-02-14,7,mid,5,45.48252577635246,0,3,5,0,1,0.9966578903038066,0.0,12.900210754898525,0.8331592276068315,0.1338111416135651,0.9097013553862526,-0.7519867765571031,0.0,0.08932670662044451,0.34649919452265143,low,0
S0037,2025-02-15,7,mid,4,47.98054253520961,0,1,1,0,0,3.1583548362772285,0.0,7.668045884079749,0.5186423299175882,0.261268870997007,0.5467704769577979,-0.42358649122593395,0.0,0.000979133676900057,0.3632567337826115,low,0
S0037,2025-02-16,7,mid,8,50.30336118980513,0,0,2,1,1,6.698458289798793,0.0,7.810876363974419,0.5093736184075444,0.12217398405535362,0.6434001289950534,0.9326817045087401,0.0,0.8868290327489984,0.6902927878387065,low,0
S0037,2025-02-17,7,mid,4,46.35228425019953,0,0,1,0,1,2.624805504176415,0.0,9.883490070063978,0.4670214461681488,0.06495168364719295,0.5762073770478237,-0.4265291054401761,0.0,0.8416438437891643,0.3762637284434833,low,0
S0037,2025-02-18,7,mid,6,53.41006889360519,0,1,3,0,0,6.621876965707038,0.0,6.267945789467996,0.2886023609081265,0.48429267303698553,0.023369802284423202,-0.8436353556324188,0.0,0.2271011914697778,0.8064930026601806,low,0
S0037,2025-02-19,8,mid,7,48.04611904048099,0,1,1,1,1,6.805146120489968,0.0,8.429802911892669,0.5767133050108688,0.10915374327237248,0.5866036733915648,0.26712671110759434,0.0,0.8848236912928693,0.8596454435976231,low,0
S0037,2025-02-20,8,mid,7,54.94196919837157,0,2,2,1,1,7.202978304143336,0.0,8.603883321734438,0.8492277143386605,0.14443784108724256,0.6314985552556653,-0.6537198017182615,0.0,0.44663081815369376,0.8792669192056812,low,0
S0037,2025-02-21,8,mid,7,58.98580795918176,0,1,2,1,1,3.5980591791785326,0.0,13.002428852130894,0.7457004976483905,0.1653862890450032,0.9604909474255908,-0.5358676230358508,0.0,0.48836504378609746,0.98049630857657,low,0
S0037,2025-02-22,8,mid,7,51.819388122241755,0,1,2,1,0,6.260383094105359,0.0,9.358462479746413,0.5468478009671489,0.47327374417875934,0.8327646779295999,0.09216687377169941,0.0,0.4544822988678807,0.01596350427033466,low,0
S0037,2025-02-23,8,mid,7,42.271661676498674,0,1,5,0,0,2.289008736948357,0.0,15.984832799258184,0.4432145941470258,0.7625100241368629,0.3475434199236953,0.01505676688192259,0.0,0.21171360129301264,0.763471559333304,low,0
S0037,2025-02-24,8,mid,5,48.449804038451724,0,0,1,1,1,4.55086061121494,0.0,14.600598041662298,0.42565972783811323,0.7053636707861228,0.5553023588871225,0.7408788932279378,0.0,0.481146151414673,0.5743274756721628,low,0
S0037,2025-02-25,8,mid,8,39.14807028849632,0,1,4,1,1,1.2703809037494191,0.0,9.958838276122096,0.5639243141006482,0.9781948709768957,0.671452564958939,0.9184366577097818,0.0,0.7320547123625688,0.07591503482453688,low,0
S0037,2025-02-26,9,mid,6,46.99108297675929,0,3,1,0,1,4.97276368050716,0.0,15.418170620820735,0.08538326529272833,0.8223905084430511,0.21927154401409854,0.4136350214562865,0.0,0.5273979649151659,0.6905399698145,low,0
S0037,2025-02-27,9,mid,8,42.33904456967241,0,0,5,1,1,5.563357521554416,0.0,16.565319175384218,0.2404779453321202,0.2705797065768156,0.48424961815777445,-0.2110075020244413,0.0,0.3159369061403162,0.8294581236649632,low,0
S0037,2025-02-28,9,mid,9,79.06966592139224,0,1,2,0,0,5.7420557558070495,0.0,12.625075669851025,0.8833133034728666,0.08904166604532127,0.6795615776854959,-0.8224098230255563,0.0,0.7489076432935146,0.6284438701329399,low,0
S0037,2025-03-01,9,mid,7,42.8620443470249,0,0,1,0,0,2.955025633783341,0.0,9.870941242978995,0.12565574845272776,0.2561679861338765,0.0008582238277602405,-0.44842046608526753,0.0,0.6184077668020328,0.6015705605953655,low,0
S0037,2025-03-02,9,mid,6,54.97343515581139,0,1,2,0,0,5.751276130494738,0.0,10.862606176331722,0.9628592581273628,0.7852924857004524,0.6230917056547689,-0.004932440588005793,0.0,0.8748972516013959,0.7395136068581604,low,0
S0037,2025-03-03,9,mid,7,35.99009985810845,0,1,4,1,1,4.263340740172753,0.0,11.495829784718753,0.691399921899496,0.47599536922301067,0.7460777604290668,-0.6700462420440856,0.0,0.23909103898338824,0.24252446949666673,low,0
S0037,2025-03-04,9,mid,5,49.11475104773099,0,1,4,0,1,4.696712482782861,0.0,6.4040146639667075,0.5787395151738574,0.8706824035386929,0.6313220356146779,0.9096874503417385,0.0,0.9944935977159355,0.5088224530519403,low,0
S0037,2025-03-05,10,mid,6,56.67332027257417,0,0,3,0,0,4.5863238691642145,0.0,8.654509227306132,0.6448061786394355,0.38520994743256287,0.9478178118315281,0.3363408552427902,0.0,0.8639766579976682,0.11416028935346412,low,0
S0037,2025-03-06,10,mid,6,44.39033837282206,0,1,4,0,0,3.4924518891816225,0.0,12.301309092451424,0.352599275113029,0.0038135553921014864,0.089962174338176,-0.7465392947024903,0.0,0.29365132589590004,0.7590154867424669,low,0
S0037,2025-03-07,10,mid,8,45.51221092147888,0,2,3,0,1,7.19726846653145,0.0,9.846634288791753,0.07143871475230579,0.6560263195179041,0.11302725015973936,0.6396432557722092,0.0,0.7926661850496388,0.5036000342532465,low,0
S0037,2025-03-08,10,mid,8,51.87553458495487,0,2,3,0,1,6.450896554173404,0.0,8.790663701794658,0.42871278906369525,0.42146852717403716,0.4894106810671043,-0.42739193695484423,0.0,0.4915512697574701,0.37576311644007676,low,0
S0037,2025-03-09,10,mid,7,53.56226444597252,0,2,3,0,0,4.173270602084821,0.0,7.243061548623697,0.8537842373367802,0.4997742868963597,0.8404361137958337,-0.4962638923984961,0.0,0.3895745851776746,0.8236185860284445,low,0
S0037,2025-03-10,10,mid,6,57.74160391353531,0,2,5,0,0,7.754535343053611,0.0,14.316729368496379,0.20237639729420487,0.3125834330262819,0.3444243252892102,0.6163815165677906,0.0,0.7751104909653611,0.25267275741490436,low,0
S0037,2025-03-11,10,mid,5,40.54177160486564,0,0,3,1,1,3.6471966141508343,0.0,12.077683289299422,0.2477491049220072,0.32433200036572374,0.3947684261429022,0.1657578995421911,0.0,0.515284668400419,0.7437307886607847,low,0
S0037,2025-03-12,11,mid,6,40.67455794344737,0,2,1,1,0,4.078294566841767,0.0,13.75025487491406,0.20631213988378627,0.3912928791323741,0.2137386465549811,0.1223034652184063,0.0,0.5748187616488042,0.7681893121074835,low,0
S0037,2025-03-13,11,mid,4,48.80858554293561,0,1,1,1,1,6.863164971943791,0.0,14.495840616282404,0.6436270119306773,0.3986056009080694,0.9844004993061019,-0.7346415765629761,0.0,0.7391413774832266,0.42087596026709884,low,0
S0037,2025-03-14,11,mid,7,51.28495696326183,0,3,1,1,1,2.8117814186604586,0.0,15.195683249237181,0.2305010858051869,0.002756510997543149,0.6631459310254976,-0.11830285858628553,0.0,0.1707872255495433,0.97222394911965,low,0
S0037,2025-03-15,11,mid,5,34.86106094484375,0,1,3,1,0,6.302339393492382,0.0,5.575857569962109,0.03744667700544735,0.15434924783016735,0.02208020530177579,0.06895341202337835,0.0,0.4916065606767809,0.33092251445924936,low,0
S0037,2025-03-16,11,mid,7,59.6538396923001,0,1,1,0,0,4.435207359404159,0.0,10.132389746178607,0.48235425757781214,0.6257437487451047,0.4025227888323295,-0.8647203850421847,0.0,0.6108746351964212,0.6058353969144674,low,0
S0037,2025-03-17,11,mid,8,45.609755032265724,0,0,4,1,1,5.587647986090034,0.0,9.673827251478004,0.7520930977100679,0.4545068706440435,0.9022928325165003,0.4349329612005739,0.0,0.4305281937015141,0.9741376198922557,low,0
S0037,2025-03-18,11,mid,5,36.36169783703697,0,2,5,0,1,3.4880087533211697,0.0,8.870406011537057,0.145348146097945,0.7766243023027966,0.06376021291709832,-0.12142344034178776,0.0,0.40499883539014303,0.9601910388236691,low,0
S0037,2025-03-19,12,mid,5,43.74877721056691,0,0,2,0,1,5.922971705327022,0.0,15.302836581187837,0.25976042214283845,0.8037643447438484,0.4052789388765209,-0.02844563076773521,0.0,0.02767455486713466,0.4013196857665261,low,0
S0037,2025-03-20,12,mid,6,37.20369325668858,0,0,3,1,0,1.9600718688837588,0.0,13.902349033521102,0.56731397257909,0.43216532371585736,0.14986842153727808,0.5602022947938532,0.0,0.49641905625262617,0.19014265418827703,low,0
S0037,2025-03-21,12,mid,7,45.57379180154758,0,2,4,1,1,5.1899323796367955,0.0,10.254718123739826,0.751485196236662,0.47239928948319865,0.16190115085996248,-0.9296076111335498,0.0,0.6993023551406027,0.994154075612669,low,0
S0037,2025-03-22,12,mid,7,25.974272312971284,0,1,4,0,0,2.3241355618508526,0.0,13.491357147225578,0.6122993621300796,0.8402337477712363,0.04549830585998482,0.21412700682186192,0.0,0.564200614566763,0.20676655522943355,low,0
S0037,2025-03-23,12,mid,7,65.19371611053245,0,1,5,0,1,4.6916930989084715,0.0,7.998001393390934,0.7167076715668372,0.8861514858446129,0.03479440472643347,0.5859163121204287,0.0,0.07541712368060871,0.5805756757094038,low,0
S0037,2025-03-24,12,mid,6,37.62262938842457,0,1,5,1,0,7.990304852449941,0.0,12.482856682922634,0.39744421553566656,0.18347604897642333,0.3060155947380373,0.3115994186398259,0.0,0.4941828697679683,0.743424028652254,low,0
S0037,2025-03-25,12,mid,7,40.58106205005123,0,0,4,0,0,4.563637414108347,0.0,13.343726320902643,0.30070134213655986,0.7683337010898537,0.14585586799439065,-0.5899819027518403,0.0,0.2527697659755773,0.4348809775165027,low,0
S0037,2025-03-26,13,mid,7,45.813569591620954,0,1,3,1,0,5.652777324043549,0.0,13.497160559546518,0.2150650502395859,0.970084799683208,0.7367389749067984,0.4110376508628486,0.0,0.26699389597729906,0.3133736305606506,low,0
S0037,2025-03-27,13,mid,7,62.08150580043437,0,2,4,0,0,3.3733595429462513,0.0,13.111950421869937,0.9441141479068454,0.7789462771891076,0.3644471210781587,0.2071479315523701,0.0,0.42668560403638955,0.09669039389196366,low,0
S0037,2025-03-28,13,mid,6,50.25954583147939,0,1,5,0,1,8.153444402207992,0.0,5.595001431078062,0.7793093054519453,0.9209311761005012,0.0004973150531231152,0.25552676539755503,0.0,0.006936925194663268,0.7872552875407968,low,0
S0037,2025-03-29,13,mid,7,39.05288513245605,0,0,5,0,1,5.029137405578818,0.0,16.178266318090404,0.0675477021001859,0.3010381535089687,0.28509174465736775,-0.8835150075554499,0.0,0.8433630966663156,0.8670476063606114,low,0
S0037,2025-03-30,13,mid,7,48.65638394085451,0,1,2,1,0,2.0190611933306934,0.0,7.9042311902749764,0.050653505254220854,0.7636271455980684,0.2916936609201587,0.8902626558661191,0.0,0.8881250404460186,0.716277480233708,low,0
S0037,2025-03-31,13,mid,5,35.580657285695665,0,1,1,0,0,0.11908852406270487,0.0,6.1905769022119586,0.27582452514739,0.666633740848792,0.4716494112730598,-0.6649625826964858,0.0,0.48137465268278146,0.3763710117538853,low,0
S0038,2025-01-01,1,mid,3,55.05433998582373,0,0,4,0,1,4.7865048174331575,0.0,15.67553290057172,0.6120699986131903,0.3701968411211154,0.08116977044734075,0.894747164422951,0.0,0.8360898529186143,0.31189177315497396,low,0
S0038,2025-01-02,1,mid,4,41.48788928424265,0,0,5,1,1,5.493278096965417,0.0,7.140881387121331,0.09986321146181687,0.7455541871613904,0.0637446325955644,0.5156220688679913,0.0,0.883492404085875,0.29854164244689807,low,0
S0038,2025-01-03,1,mid,2,59.141121157264195,0,2,3,0,1,5.530125086057986,0.0,7.169566357340308,0.8219572567228927,0.6886438545425544,0.18080042366735594,-0.41996271949658004,0.0,0.5464175871895194,0.6249925175434623,low,0
S0038,2025-01-04,1,mid,3,38.25744118336511,0,1,5,1,1,4.96253557248868,0.0,10.33517707742026,0.37681642451480224,0.5940806203004385,0.6886686805957695,0.7371528248082573,0.0,0.37289100334456415,0.7648272740485438,low,0
S0038,2025-01-05,1,mid,3,33.88709644709686,0,1,1,1,0,5.175811614757574,0.0,6.027438943231347,0.6967764547083679,0.2300794021163678,0.7515488916625471,0.7361768592761706,0.0,0.8145509607698326,0.2588989155943514,low,0
S0038,2025-01-06,1,mid,2,58.015334610822734,0,0,1,0,0,8.512368747275882,0.0,5.196626515862892,0.15529243644363655,0.33101198877049476,0.792932178538594,0.7119331490752903,0.0,0.40529216691389336,0.3110526909766771,low,0
S0038,2025-01-07,1,mid,4,54.64124231969451,0,2,4,1,1,3.1342833087820887,0.0,7.453904124194018,0.3547855127184657,0.3792265079031819,0.4872240567586613,-0.6529291957034209,0.0,0.7883366635189697,0.86066770037064,low,0
S0038,2025-01-08,2,mid,2,41.51255169531071,0,2,1,0,1,5.627386870985224,0.0,15.88026234240563,0.8886124994634162,0.9359546569960757,0.6909573800902767,0.7270708267494783,0.0,0.1950743920248147,0.07927447796944487,low,0
S0038,2025-01-09,2,mid,1,33.191364126972616,0,2,3,0,1,3.5800961990268725,0.0,5.221786724577781,0.07602807736940331,0.7251587659423253,0.7114981587134916,-0.3066448126847203,0.0,0.5630025243684105,0.10091594436889306,low,0
S0038,2025-01-10,2,mid,4,42.43944651463072,0,1,4,0,1,3.319844893153351,0.0,3.6999206693054196,0.8255039838911612,0.036237124729800674,0.33472102595811337,-0.02317394423865049,0.0,0.299187034866897,0.4458293495683574,low,0
S0038,2025-01-11,2,mid,3,43.31704483655215,0,1,4,1,1,4.303145829304229,0.0,10.708999029438123,0.3828536436281179,0.1314681687294954,0.22359356944140818,0.0059883842571955,0.0,0.31913874195921177,0.21191264598008264,low,0
S0038,2025-01-12,2,mid,4,36.69274857274897,0,0,1,0,1,7.291154048473894,0.0,8.702719026637634,0.9297299797044285,0.24297790512095974,0.6299709568294901,0.35335455973434504,0.0,0.8424859989824327,0.8990424685011967,low,0
S0038,2025-01-13,2,mid,3,44.75854552848804,0,2,5,0,1,6.048962688238465,0.0,10.228207199222927,0.0799206050890443,0.19028920570559005,0.48060940161679533,0.4768669013117115,0.0,0.3301113381181793,0.1174614830748234,low,0
S0038,2025-01-14,2,mid,4,31.288689631426962,0,3,1,1,1,4.613367645556309,0.0,7.825042039904933,0.8704540323237958,0.7390551108114733,0.9349288894483516,-0.9203802247535215,0.0,0.8627756092127871,0.7917987699548719,low,0
S0038,2025-01-15,3,mid,3,57.33135096814813,0,0,2,1,0,5.8495647495686,0.0,6.20695540299109,0.6270044639405655,0.3416069320780254,0.37402818798651793,0.012457059072530807,0.0,0.9397924095792024,0.1496566340441109,low,0
S0038,2025-01-16,3,mid,2,45.792364819180854,0,1,5,1,1,2.8904975849028554,0.0,9.577114357222975,0.29477837725521716,0.07121835242362962,0.2972937239652347,0.06738492292799436,0.0,0.7438710048047095,0.8304068631067697,low,0
S0038,2025-01-17,3,mid,3,43.2113337359272,0,0,2,1,1,3.0315678476484,0.0,13.301595662335574,0.6981080539383803,0.653478218434347,0.0661126586231866,-0.37593048375333193,0.0,0.5668605333081277,0.9184011939896083,low,0
S0038,2025-01-18,3,mid,3,19.561986993850002,0,3,5,1,1,7.148960264442206,0.0,13.076955559931811,0.66607451906959,0.2510884679247154,0.44632848898342037,0.5314964233865198,0.0,0.88696144507564,0.5011711282910299,low,0
S0038,2025-01-19,3,mid,2,29.84867719602621,0,1,4,0,0,6.124280527755674,0.0,9.451112382796964,0.18679004754861384,0.3021157817162806,0.5048547488820471,-0.04528991276198169,0.0,0.4003047416794543,0.3144029376872882,low,0
S0038,2025-01-20,3,mid,3,41.78493205422648,0,1,2,1,1,6.818192770196607,0.0,14.317936529432625,0.27390291739856454,0.5537099260326105,0.24451290554094618,0.1776729198162701,0.0,0.43193462020243134,0.039418378296590784,low,0
S0038,2025-01-21,3,mid,2,54.460444703644725,0,1,3,1,1,4.758651675587986,0.0,12.433486681161583,0.45896997363930947,0.9673852254168273,0.8683674504443213,0.6125383425442699,0.0,0.18269101613227912,0.8380873086909315,low,0
S0038,2025-01-22,4,mid,1,42.784864789828006,0,1,1,0,1,4.08697655498253,0.0,9.819139173171404,0.9124521417029217,0.12588903251418504,0.6730984738889583,0.2624407505638702,0.0,0.7790684086669336,0.7468776452883568,low,0
S0038,2025-01-23,4,mid,2,41.138831098665,0,0,4,1,0,4.017645160605254,0.0,15.298019928562042,0.8909683326868012,0.0168196536152605,0.22843869419924567,0.39002560018997445,0.0,0.5083878514007659,0.5338072756071338,low,0
S0038,2025-01-24,4,mid,1,42.023153502845176,0,0,2,0,0,4.580280598627689,0.0,13.838078064291311,0.8977953209448164,0.12051670291419048,0.2717729769439182,-0.8589524724081452,0.0,0.5100255660102271,0.09003229519251199,low,0
S0038,2025-01-25,4,mid,0,37.0680136819091,0,0,2,0,0,5.927990262414102,0.0,5.917012826045667,0.6552384097925982,0.7258050517153206,0.9886506982286623,-0.06393235517581264,0.0,0.36931957986289454,0.852206675153828,low,0
S0038,2025-01-26,4,mid,1,41.4673602561668,0,2,3,1,0,4.716612204398457,0.0,10.390934895560903,0.617636260182864,0.052203150288079536,0.7205775061127848,0.4720418405573694,0.0,0.34449114964358263,0.7865938173649982,low,0
S0038,2025-01-27,4,mid,3,66.77091003903001,0,1,1,0,0,4.607356895128264,0.0,10.74274292940467,0.3594244293163037,0.5653094518706133,0.2916694691483861,0.9954249637199626,0.0,0.452320916935245,0.05172222334115206,low,0
S0038,2025-01-28,4,mid,3,31.96393157930335,0,2,2,0,1,8.247233668405737,0.0,14.29961068039437,0.5268978317445514,0.4523617072952758,0.07793661536859875,0.08253609505603654,0.0,0.7126999904868869,0.2153271447262285,low,0
S0038,2025-01-29,5,mid,3,59.051673556400395,0,0,2,1,1,4.154369984887342,0.0,5.443795490829478,0.6224452010037281,0.22619357366723203,0.748995084664565,0.04202182371317309,0.0,0.8617067104185158,0.8472365776964198,low,0
S0038,2025-01-30,5,mid,1,44.74652748009111,0,1,5,1,1,2.997574679515884,0.0,10.314433385412245,0.9195037062033247,0.9281049816304116,0.6153615074785846,-0.22227991107049028,0.0,0.6074987771192754,0.6277601354144777,low,0
S0038,2025-01-31,5,mid,4,52.422915047445585,0,0,4,1,0,2.8382223012834724,0.0,5.872774860212655,0.7315073696663607,0.5500593151228819,0.6683510406713152,-0.6833633578496234,0.0,0.7869766722284186,0.3203913189150347,low,0
S0038,2025-02-01,5,mid,2,47.750386286016955,0,0,2,0,1,8.956002633725998,0.0,8.729806950668841,0.7284699159412469,0.6288398472677168,0.891525159323167,-0.42367742287831955,0.0,0.5323081737839446,0.4303053297151972,low,0
S0038,2025-02-02,5,mid,2,60.697983518058656,0,2,4,0,1,6.460742577438964,0.0,10.05210325061456,0.13112240799604002,0.013427348867382838,0.5217863308789034,0.5292616279395554,0.0,0.648195779138703,0.9627341514613841,low,0
S0038,2025-02-03,5,mid,3,35.72836549997582,0,3,4,0,1,9.26280132737668,0.0,8.766722032008952,0.27857688060751584,0.6148418739317881,0.5400297044800302,-0.921549351974301,0.0,0.8657478323759904,0.49019224902487213,low,0
S0038,2025-02-04,5,mid,1,43.3001885053442,0,0,1,1,1,6.881916746383352,0.0,10.107254839850427,0.1118987708835687,0.9428918692450089,0.3515529274554322,0.7229787824663889,0.0,0.668373405985391,0.960274304055722,low,0
S0038,2025-02-05,6,mid,4,49.24650002458641,0,1,4,0,0,3.7195557116619877,0.0,7.429470882020504,0.2294664754498501,0.5033067345665891,0.9052181703644198,-0.6321698138762268,0.0,0.4534464630888848,0.663929488287163,low,0
S0038,2025-02-06,6,mid,2,41.57127943664509,0,0,5,1,0,6.388008710836971,0.0,9.153712957941655,0.9535457008247888,0.3982737915104252,0.5104475648015451,-0.2838307127809301,0.0,0.22755582303318966,0.7800098872429753,low,0
S0038,2025-02-07,6,mid,1,59.28589268819949,0,0,5,0,0,5.622046233832923,0.0,7.270827795251623,0.5463323544680145,0.24047826857275978,0.13987928588739373,0.7694685540797035,0.0,0.13486690507738663,0.08567621611418652,low,0
S0038,2025-02-08,6,mid,1,51.74535384173466,0,1,5,0,0,5.973384185730822,0.0,6.9717986858994045,0.9284396153557689,0.7629753253583593,0.4773734852139132,-0.19189740403103617,0.0,0.38645810530922253,0.601246957695825,low,0
S0038,2025-02-09,6,mid,1,38.634444677531,0,1,5,0,0,5.195631726533722,0.0,4.664466059790298,0.35423950766798873,0.02405515238755196,0.22315176375324042,-0.8071613826507678,0.0,0.9486320013614166,0.3128340756285265,low,0
S0038,2025-02-10,6,mid,3,30.029928932715166,0,0,4,1,1,3.6015568803374585,0.0,10.448132281967915,0.13660021443574788,0.19232444436981777,0.6705538364033372,-0.7803897821982504,0.0,0.5408197426451639,0.840834976793269,low,0
S0038,2025-02-11,6,mid,2,51.18838094433667,0,3,4,0,0,6.97582602177058,0.0,10.43475640930838,0.06341956792919135,0.06734870709074514,0.7017402449247484,0.5359278040963567,0.0,0.43358941828196784,0.35230520805426335,low,0
S0038,2025-02-12,7,mid,2,37.22239409008002,0,1,5,0,1,4.142057757702252,0.0,8.157533384411863,0.435252773263584,0.5622443832160214,0.8540141676425832,-0.41917347905809765,0.0,0.8717807701837115,0.458443873302123,low,0
S0038,2025-02-13,7,mid,1,32.113230350743194,0,1,2,1,1,6.72728340768074,0.0,10.644616540502941,0.08793317234466924,0.21460811136366476,0.865178429043976,0.6442629127713864,0.0,0.1921055571820507,0.10773601194612414,low,0
S0038,2025-02-14,7,mid,2,47.9901303785822,0,2,2,1,1,4.4524260125612205,0.0,11.893597375943326,0.24654664211488242,0.883268534593471,0.2870844261180332,0.9749670189917108,0.0,0.5480877178049088,0.47637197272865184,low,0
S0038,2025-02-15,7,mid,3,53.200327219861016,0,2,4,0,0,8.157741014671782,0.0,12.11443005180485,0.8421284385924074,0.5235964262691167,0.8453659010216,0.2775291413368164,0.0,0.6856504505635022,0.15285445516813945,low,0
S0038,2025-02-16,7,mid,3,29.552589347787695,0,1,5,0,0,10.819821145252291,0.0,8.18265457948658,0.12721411482069367,0.5652965939202099,0.5515472461933228,0.5088509107634318,0.0,0.6341531934884499,0.9550300336924358,low,0
S0038,2025-02-17,7,mid,2,54.10985159684001,0,2,1,1,1,6.7105505273061095,0.0,12.102509340258077,0.43051905242391186,0.6899848447269451,0.572477075029251,-0.6159344951337646,0.0,0.7598878821135384,0.9280161448364344,low,0
S0038,2025-02-18,7,mid,3,44.95140387216083,0,1,5,1,0,2.8626321943166193,0.0,12.264340199958022,0.3402641927630997,0.047429961037327106,0.6239459952991303,-0.05171248793642991,0.0,0.34496947014004653,0.7028803447767407,low,0
S0038,2025-02-19,8,mid,1,57.08278653487547,0,1,2,0,0,4.8074357809760695,0.0,9.783741857628945,0.45335945115196885,0.27361454987808287,0.7407810005314429,-0.38495675959189324,0.0,0.7207702617243944,0.19596108277628965,low,0
S0038,2025-02-20,8,mid,3,39.0432224994307,0,1,3,0,0,2.9945393351593466,0.0,7.790876996899618,0.4197597268703922,0.759015323009393,0.5097755500035495,0.5361305308335651,0.0,0.33667922350612656,0.013184593298755098,low,0
S0038,2025-02-21,8,mid,2,50.21594341686132,0,1,1,1,1,6.627304272126077,0.0,10.16391481882026,0.4824502355789232,0.04440383923971547,0.14619486763913214,-0.3320278537646235,0.0,0.7254576577410541,0.08137150240324265,low,0
S0038,2025-02-22,8,mid,3,59.10472809130498,0,0,1,1,0,4.440119162369737,0.0,9.205121969406944,0.9720549664709591,0.5159672903030734,0.7579850314045474,-0.34537069766092987,0.0,0.5328607059348555,0.0068537120777231175,low,0
S0038,2025-02-23,8,mid,4,23.714336293044866,0,1,2,1,1,4.867783536491712,0.0,8.85338620983859,0.8287080143503851,0.6120820147010398,0.9694210773863169,-0.3487542219132964,0.0,0.16152428755094983,0.7505763761754345,low,0
S0038,2025-02-24,8,mid,4,45.45147616090541,0,3,4,0,0,4.6930057263104885,0.0,9.629514688351982,0.07732234550085304,0.0248464115854532,0.11647914985807195,0.8853838191373335,0.0,0.09528251258446185,0.5975589740751207,low,0
S0038,2025-02-25,8,mid,3,51.84570892473935,0,0,5,1,0,6.57815861395361,0.0,11.556069827740975,0.14434275216507597,0.4573488049622221,0.8626281636800084,-0.6026999842556005,0.0,0.4490891445045303,0.6127702102122725,low,0
S0038,2025-02-26,9,mid,2,43.38434569374556,0,1,5,1,0,5.336142877954521,0.0,8.141932761366228,0.49412202382549253,0.48586250231694383,0.32185339979116445,-0.9847722333194633,0.0,0.4226374000461586,0.4009162242257386,low,0
S0038,2025-02-27,9,mid,4,32.049585865882754,0,0,5,0,1,7.819475389136375,0.0,7.590754215900612,0.4556770613911877,0.46512163258451267,0.015741259248479356,-0.36798152978009857,0.0,0.005034636093781852,0.9238473129350788,low,0
S0038,2025-02-28,9,mid,2,39.32562760280408,0,0,1,0,1,4.536015652697506,0.0,9.715257795219042,0.11676461125348625,0.9917098225208391,0.9601789047677662,0.38258531791779293,0.0,0.7529869996043058,0.14049207764302551,low,0
S0038,2025-03-01,9,mid,1,48.065106531567636,0,1,1,1,1,5.578514414036827,0.0,7.775791052726316,0.9032668929313952,0.0807024306511872,0.12398152092806092,-0.3060047966632915,0.0,0.09572850272092748,0.8855921524567447,low,0
S0038,2025-03-02,9,mid,4,43.524545669600045,0,3,5,0,0,7.116723760492712,0.0,13.674351953527706,0.5180667150335773,0.5853502890042369,0.7986087617780333,0.14322653558879606,0.0,0.45014830528434635,0.6620824746235761,low,0
S0038,2025-03-03,9,mid,2,34.814293794529114,0,3,5,0,1,4.093346174858324,0.0,8.395627738506821,0.3404658586505249,0.7883571168608697,0.624590579171343,-0.4702777283060222,0.0,0.1684893383253896,0.109548237001865,low,0
S0038,2025-03-04,9,mid,2,56.980588331770235,0,0,4,1,1,2.1131314777866193,0.0,9.494740915556843,0.037757424257521155,0.34520282661314516,0.6829839668089334,0.5330589844265607,0.0,0.5925299196692932,0.39320094383153836,low,0
S0038,2025-03-05,10,mid,4,51.78794130529973,0,1,4,0,1,4.397910405773017,0.0,15.183625539332516,0.9323008324721626,0.927444780543316,0.7115250261624454,0.7839872664987111,0.0,0.7193931214190745,0.6282118675424176,low,0
S0038,2025-03-06,10,mid,1,39.34371563051556,0,0,3,0,1,2.1152858261001874,0.0,8.538149056589617,0.4546262990702409,0.31498382546741943,0.829693846254922,0.9563571224796441,0.0,0.9415547757668877,0.6223699187739051,low,0
S0038,2025-03-07,10,mid,2,47.85986099832425,0,1,4,0,0,5.344983629398833,0.0,11.604005741533735,0.4504340633407141,0.05313131271880278,0.7651761294264113,0.7168032641273634,0.0,0.8095846115635943,0.7356660942506257,low,0
S0038,2025-03-08,10,mid,3,47.966779715859836,0,1,5,0,1,5.263471093503189,0.0,7.852196510297025,0.7829089737126458,0.08275777848350852,0.18128170344033268,-0.8140652342609134,0.0,0.6341779655934696,0.0795020793968495,low,0
S0038,2025-03-09,10,mid,2,40.7061445398639,0,0,3,0,0,2.398401473610602,0.0,12.938502202578416,0.16970379151160986,0.17843596508718595,0.4926132260965741,0.16748851208431836,0.0,0.90434946673356,0.5298171889420855,low,0
S0038,2025-03-10,10,mid,2,50.583283953441,0,2,5,1,1,2.866434067175838,0.0,14.34399087411039,0.7256080783408175,0.7967125915681317,0.22353672197339947,-0.3974917559296198,0.0,0.40156292079946476,0.23567814394331632,low,0
S0038,2025-03-11,10,mid,3,59.518320916431435,0,1,3,0,0,9.383604412429888,0.0,10.519194883906781,0.36281559468392544,0.6029159067500734,0.8155364989269799,-0.39751723604579436,0.0,0.9322566979621388,0.2133134958852111,low,0
S0038,2025-03-12,11,mid,3,45.28435250620336,0,1,1,0,1,3.573483463366171,0.0,8.354712627644,0.9235692367862389,0.8522620286623545,0.31771388355856,0.6721386125861939,0.0,0.21175268864813424,0.19957925367957774,low,0
S0038,2025-03-13,11,mid,2,56.27185075343519,0,0,1,0,1,6.23046405537582,0.0,8.209975745443609,0.08941465354331524,0.7465182278294292,0.012560059721063666,0.4621986101055957,0.0,0.2500692398695865,0.4404388554957034,low,0
S0038,2025-03-14,11,mid,3,49.08788842199609,0,0,2,0,0,7.6687105424241695,0.0,8.136515774447346,0.22091245485479527,0.7637432175315572,0.1795320344946354,-0.018364919470335694,0.0,0.11362674478939794,0.5278980808100511,low,0
S0038,2025-03-15,11,mid,3,51.96481309841434,0,0,1,0,1,7.546199477660391,0.0,2.5988110154010666,0.35071612564166543,0.6400155437935253,0.7391203096651588,0.5821200703806639,0.0,0.6939395457688292,0.3299475576758233,low,0
S0038,2025-03-16,11,mid,1,31.79975279845142,0,0,4,0,1,8.953316266334811,0.0,6.752968870483075,0.8573645574705203,0.22342399004293434,0.027702668758005755,-0.23086753502951285,0.0,0.884371059017667,0.5050719115454885,low,0
S0038,2025-03-17,11,mid,4,48.03500260225366,0,1,5,0,0,2.1484803605277376,0.0,11.504031564312054,0.33310937061949664,0.9007067342419968,0.7337283903225248,-0.8239432457043865,0.0,0.7536164658757669,0.33065762853891745,low,0
S0038,2025-03-18,11,mid,2,40.667280671371685,0,3,5,0,1,6.017064591933087,0.0,5.292101985313145,0.7090477216027237,0.8664538500194279,0.9676452161421887,0.7835732425849973,0.0,0.4673279868878174,0.7469295110947567,low,0
S0038,2025-03-19,12,mid,4,44.55354458668187,0,4,2,1,0,1.7288565864020797,0.0,4.309982057469202,0.7596522549584932,0.9912809173759337,0.5886459124712028,0.5031003796849394,0.0,0.37255987880790853,0.8606400687147556,low,0
S0038,2025-03-20,12,mid,3,43.739262233514175,0,2,3,0,0,4.405570246929608,0.0,11.819988170880594,0.3269223783080386,0.7768615466950871,0.41490903611156904,0.6658475081978374,0.0,0.4014687311640175,0.7605997662077416,low,0
S0038,2025-03-21,12,mid,3,45.42709819914463,0,0,4,1,0,6.262229137962548,0.0,7.141607139089613,0.5721458087506979,0.13534676274478896,0.7946811036364931,-0.8270873242241166,0.0,0.48160967411942024,0.4265634402014483,low,0
S0038,2025-03-22,12,mid,2,58.24552487337703,0,1,2,1,0,4.242783032903533,0.0,7.303638341621701,0.5240852604876935,0.0007443148890811102,0.18993231149983214,-0.6486999596179379,0.0,0.25334684878851677,0.16608092605322933,low,0
S0038,2025-03-23,12,mid,4,50.17808041836287,0,3,3,0,0,3.8184574042393926,0.0,7.527544024654147,0.09325854881873741,0.837324462964272,0.44875532362784865,0.8142091210950486,0.0,0.4116757132463723,0.44261415808151017,low,0
S0038,2025-03-24,12,mid,5,35.14063776329199,0,1,4,1,0,5.197105109309245,0.0,11.859201286804115,0.4161262876444747,0.32486633133772924,0.5847618020118114,0.446434766420714,0.0,0.40678846720324413,0.23089886457191755,low,0
S0038,2025-03-25,12,mid,1,56.43895064471319,0,2,2,0,1,1.9304044946427288,0.0,11.70935326518147,0.3427585565764064,0.42565038450155424,0.6803910241743031,-0.06363584789161325,0.0,0.3958195578069642,0.7804665022550927,low,0
S0038,2025-03-26,13,mid,3,39.181390831539154,0,1,3,1,0,7.1035359181411994,0.0,11.491430023053024,0.9893395655192526,0.6984249941486836,0.6906909483774079,0.2265839892111987,0.0,0.040002611344936656,0.5850564658379659,low,0
S0038,2025-03-27,13,mid,2,57.529152593920436,0,2,4,0,1,4.54486289047945,0.0,13.57934329435231,0.06983985769797074,0.26353771518338776,0.8897065095983018,0.11504822071946696,0.0,0.9140712302462438,0.8344380632964291,low,0
S0038,2025-03-28,13,mid,4,33.42711672442552,0,2,5,1,1,8.263067454686166,0.0,9.133816936555652,0.5188151249369125,0.5659922646398592,0.580771741918851,0.2974410257272424,0.0,0.06076419003058986,0.61649810493635,low,0
S0038,2025-03-29,13,mid,2,56.19651016985935,0,1,5,0,0,6.068212212018317,0.0,10.514999923737209,0.09093417101896706,0.05200379599209448,0.6762018256289497,-0.4667521707623814,0.0,0.6791716327072562,0.7234701733125541,low,0
S0038,2025-03-30,13,mid,3,44.06435304226503,0,1,2,1,1,8.66375097104386,0.0,13.726929882939865,0.43732196558199476,0.5075492421894838,0.9932557567458055,0.91429591606911,0.0,0.7073170720243042,0.1614795269389825,low,0
S0038,2025-03-31,13,mid,3,41.90138090523474,0,2,5,1,0,8.864877438795439,0.0,10.4095592250255,0.6126268793908098,0.5124925643923348,0.7885327128563971,-0.05901192298838254,0.0,0.33317444156716136,0.7185929276646538,low,0
S0039,2025-01-01,1,mid,7,41.597496195401845,0,2,1,0,1,4.022389571770642,0.0,13.537186094529645,0.28131195935755415,0.2560913202413144,0.07480560559303029,0.9697254766681864,0.0,0.3670455674334224,0.16424941247650848,low,0
S0039,2025-01-02,1,mid,6,51.77175253551075,0,1,2,1,0,1.3645175916364658,0.0,5.798602405720637,0.7004266836440549,0.9497767008861185,0.8778220709825862,-0.7627594661892219,0.0,0.6523086703672395,0.007047612501010492,low,0
S0039,2025-01-03,1,mid,5,66.93314956887976,0,1,3,1,1,5.173165073715432,0.0,11.99082127372124,0.2141407641009686,0.5835057576609598,0.7635438540797427,-0.983435350774764,0.0,0.8228125906967134,0.4647972263015141,low,0
S0039,2025-01-04,1,mid,3,31.54197114982214,0,1,4,0,0,3.156114811280066,0.0,9.520244503890341,0.4040749468794461,0.7748478211866275,0.8468962814491163,0.7722655008765222,0.0,0.014559000171474823,0.7888060387483584,low,0
S0039,2025-01-05,1,mid,4,45.13038795664283,0,2,1,1,0,5.988063813000889,0.0,17.473186819396176,0.2689720435253944,0.1620703527094003,0.5570945109255944,-0.7030065530013685,0.0,0.17211566356472607,0.35674299709688084,low,0
S0039,2025-01-06,1,mid,6,31.324216816254925,0,2,5,0,0,5.068229307354722,0.0,9.984727307255456,0.12443589941091104,0.5366058413535754,0.17039080407253948,-0.12130239430755951,0.0,0.9274243066255801,0.7942611284016664,low,0
S0039,2025-01-07,1,mid,5,56.95905009204533,0,1,5,1,1,2.9730195081841644,0.0,8.793974158689926,0.23602491568519213,0.5457831892165507,0.44985483542479343,-0.9147827836427289,0.0,0.20994550037282445,0.2967364864791967,low,0
S0039,2025-01-08,2,mid,6,54.26642249016906,0,3,4,1,0,7.709624915225284,0.0,6.3653543277536375,0.6016587225635783,0.12855961697416973,0.7570815857393376,0.5740335099075236,0.0,0.13918387834490087,0.6156590551881088,low,0
S0039,2025-01-09,2,mid,6,38.8063901852995,0,0,3,1,0,6.987639933629033,0.0,9.537165081710192,0.24432883852741838,0.2247816350900591,0.6431087621880824,0.41090105119055353,0.0,0.007470684201027256,0.45044423597578676,low,0
S0039,2025-01-10,2,mid,4,44.15598895621908,0,1,5,1,1,5.477173520776068,0.0,12.993339286029778,0.07484453934119795,0.6787458697650417,0.8975978208896972,0.008628085993364065,0.0,0.4936919661030653,0.9914135794522885,low,0
S0039,2025-01-11,2,mid,7,50.14917869950423,0,1,1,0,1,7.009563073002235,0.0,9.653610423487498,0.7246311308626231,0.1720125145045598,0.9397318876124753,0.5458301076437699,0.0,0.034156074380421675,0.5022570280568253,low,0
S0039,2025-01-12,2,mid,5,46.77513780749129,0,0,5,1,1,1.215827425534691,0.0,9.956495551587313,0.048423168304580266,0.9170257590173906,0.012231623507424128,-0.437351142877346,0.0,0.4476107821943013,0.31909235429240257,low,0
S0039,2025-01-13,2,mid,4,68.00788740090827,0,0,2,0,1,8.026927387097379,0.0,10.618664202277968,0.5833127059090054,0.4222057437688588,0.4091080337173576,0.9286285978074711,0.0,0.3687864964324198,0.49045418714477074,low,0
S0039,2025-01-14,2,mid,5,36.55237451666807,0,0,1,0,1,3.572472072927595,0.0,10.214617238358883,0.333920930200452,0.8832251267138379,0.532057560244213,-0.1266493915208151,0.0,0.26568391070103103,0.2503756847061748,low,0
S0039,2025-01-15,3,mid,6,39.8411910077688,0,2,4,1,0,7.318209378585243,0.0,8.474201430951918,0.3096234799396299,0.8939836968140294,0.5486415379468083,0.17230836632892998,0.0,0.8070075479378683,0.13457523062858257,low,0
S0039,2025-01-16,3,mid,6,40.81274228212894,0,1,1,0,1,6.129038409113167,0.0,12.892714371057716,0.02574225638614136,0.007150552798572352,0.11380352813106542,-0.32645238781874353,0.0,0.5368822101525789,0.8175849433858362,low,0
S0039,2025-01-17,3,mid,5,44.179631321275984,0,3,3,1,1,4.645786865590791,0.0,2.9101653306173976,0.4035946393258726,0.9475861864288285,0.5213506197739061,-0.838774782665914,0.0,0.27405984431117736,0.4620332129147543,low,0
S0039,2025-01-18,3,mid,6,50.80073529700014,0,1,4,0,1,5.001256894605061,0.0,7.020212767961272,0.5900912186733186,0.10310580932228708,0.30474857347129225,-0.18441019546911175,0.0,0.9436160182003475,0.25132225781877593,low,0
S0039,2025-01-19,3,mid,6,32.62200094210547,0,1,3,1,1,5.289019312525193,0.0,5.976302721245509,0.36420555678717126,0.28604184895904816,0.5859820140236156,-0.703926392996828,0.0,0.9006586506074757,0.934852812989715,low,0
S0039,2025-01-20,3,mid,4,55.40372867773165,0,2,2,0,0,3.0072353338954625,0.0,10.263894203082291,0.6547015449843878,0.36373028445956146,0.07328007461055719,0.7084141673565849,0.0,0.7117133543335322,0.8048250767034809,low,0
S0039,2025-01-21,3,mid,5,56.68107510514689,0,1,2,0,1,3.2881030569029015,0.0,11.530818889522282,0.7515944293080459,0.18126786255243932,0.55860088594376,-0.8458435810292142,0.0,0.04732505696764866,0.46422999262419606,low,0
S0039,2025-01-22,4,mid,5,38.56529920044536,0,0,5,0,0,5.713719098899718,0.0,11.458221911139363,0.20943419042898936,0.2164380014307602,0.2593048574909179,0.6209128646380722,0.0,0.18768928530847784,0.5808407766420344,low,0
S0039,2025-01-23,4,mid,5,60.0639182834028,0,2,1,0,1,5.793333461147072,0.0,5.528105243900061,0.8578797442062541,0.09720333269495851,0.004030406137298992,0.37404369798434955,0.0,0.5973020481765421,0.2710605038782967,low,0
S0039,2025-01-24,4,mid,6,50.62053091931474,0,1,2,0,0,7.392693776327441,0.0,11.970087889152985,0.8906361947788785,0.7592493115200815,0.5626457720127221,-0.05615813547705506,0.0,0.8233773349128454,0.7719858128206885,low,0
S0039,2025-01-25,4,mid,5,22.024318963155473,0,1,3,0,1,2.463806220231915,0.0,11.573973470206544,0.13409629125254885,0.9444588931768124,0.23685446575055868,-0.009551106039329404,0.0,0.7615225162234888,0.5560834087780336,low,0
S0039,2025-01-26,4,mid,4,49.21731768814858,0,1,1,0,0,8.696841117589225,0.0,8.527734519968277,0.390667574229405,0.06997217221626584,0.13644975399543602,0.19422701019486066,0.0,0.3751681995986217,0.0053801318097077555,low,0
S0039,2025-01-27,4,mid,5,59.55745301833038,0,0,3,0,1,5.052261915400361,0.0,9.357984517714911,0.9822120342285077,0.272357237918332,0.6828935571666752,-0.6554849141946353,0.0,0.3115486317608338,0.07807489047520799,low,0
S0039,2025-01-28,4,mid,5,52.198621745858794,0,0,3,1,0,5.717013295030518,0.0,10.129845683796427,0.15021280916684798,0.007158683595342552,0.10783284899341539,-0.28977633750216025,0.0,0.7552593649972368,0.38306683969269395,low,0
S0039,2025-01-29,5,mid,6,53.25998418093747,0,1,3,1,1,3.569519219092079,0.0,10.595294095151264,0.9106881006010767,0.46052534222510844,0.19515413208222376,-0.3852322811279687,0.0,0.8662217548376064,0.3831851719821011,low,0
S0039,2025-01-30,5,mid,6,45.87148007922417,0,2,1,0,0,1.8929137253131034,0.0,14.666190564244946,0.8542952111783649,0.7569777299910837,0.8447022093899834,-0.5558955647293826,0.0,0.14881598834055476,0.5573346683758735,low,0
S0039,2025-01-31,5,mid,6,36.66793988896203,0,1,1,1,1,6.5582747549575116,0.0,11.364896918235898,0.9077570490701706,0.04641159867301081,0.553606127631526,-0.9192569091222886,0.0,0.9009301105369866,0.4292658073844875,low,0
S0039,2025-02-01,5,mid,5,39.97674308218738,0,3,4,0,0,8.882341183022922,0.0,11.483341169806277,0.2717795844702683,0.9708070446426941,0.27370491178578893,0.7748180484976364,0.0,0.9278691117987192,0.719628594603936,low,0
S0039,2025-02-02,5,mid,5,58.49860522014505,0,2,4,0,1,5.0428211919238315,0.0,10.239661348226177,0.4770742344492578,0.9446561427022999,0.3692076535981035,0.4451052339945114,0.0,0.6701142763164377,0.6770214463366823,low,0
S0039,2025-02-03,5,mid,8,27.55108956429814,0,0,4,0,0,3.5396080453159904,0.0,11.655339884709353,0.6609664128612271,0.8956837587991564,0.009710515370624062,0.9593553330805786,0.0,0.029675866659904737,0.011367620894654262,low,0
S0039,2025-02-04,5,mid,6,52.50350515497853,0,0,4,1,0,1.4158220125510472,0.0,9.537286159727394,0.8250410502326779,0.738446453690877,0.6230438021440629,0.7970263042655263,0.0,0.861279810068169,0.22679165844489058,low,0
S0039,2025-02-05,6,mid,5,54.01056386898915,0,2,2,0,1,5.184831501536658,0.0,7.772924600224073,0.8317036764463892,0.4186232445963498,0.1434338357981546,-0.43181985287610547,0.0,0.4919076329759957,0.8434973459911767,low,0
S0039,2025-02-06,6,mid,5,46.790135889382086,0,2,4,0,0,7.882202105436494,0.0,12.660283148541392,0.7882726978015201,0.5556609256870155,0.6561834278513807,0.6224853964307275,0.0,0.7198413103308045,0.9548123322067065,low,0
S0039,2025-02-07,6,mid,5,45.37857807161108,0,1,4,1,1,2.955550632544782,0.0,12.609019931549877,0.16890219698181386,0.5739823291165606,0.6027411138011156,-0.01876438509759537,0.0,0.08904080510029089,0.24474902400252296,low,0
S0039,2025-02-08,6,mid,5,34.21231184914774,0,1,5,1,1,3.73118137800557,0.0,10.845476735479263,0.5417571952889821,0.8517638521932599,0.06693480822154185,-0.16745040554890855,0.0,0.8052144705167662,0.8583572801102084,low,0
S0039,2025-02-09,6,mid,5,55.26416175993122,0,2,1,0,0,5.428340249158279,0.0,15.553876152328519,0.05790224916990616,0.4873058538262095,0.42190060541821195,-0.38949394628351497,0.0,0.9428914133702156,0.9257000164231405,low,0
S0039,2025-02-10,6,mid,5,25.936107254359197,0,2,3,0,0,4.386795597353752,0.0,10.047242774409085,0.945951362833712,0.5833466549324366,0.3907999839056199,-0.9108713282251901,0.0,0.36241906432640447,0.0035981016756536643,low,0
S0039,2025-02-11,6,mid,6,43.70993572932212,0,0,2,1,0,5.40509172345428,0.0,7.916122972723209,0.08308795839429861,0.7133963317512565,0.19700901084606437,0.8716246727277703,0.0,0.9341710635490689,0.5946026429930795,low,0
S0039,2025-02-12,7,mid,6,49.183662779289,0,1,4,1,1,6.731581570751022,0.0,8.71085713789325,0.7803513895968672,0.6564214709155066,0.8047231808428686,-0.09314059868458191,0.0,0.874880590302111,0.2342158431030733,low,0
S0039,2025-02-13,7,mid,4,53.02103621639489,0,0,4,0,0,6.67194658514207,0.0,11.041351664657068,0.8471913858709184,0.06329668514484954,0.5783489419914388,-0.1738200346181591,0.0,0.5996374379280321,0.8626395023760429,low,0
S0039,2025-02-14,7,mid,4,30.42491685576172,0,0,3,0,1,4.704592554144929,0.0,11.493470035766492,0.06400310914174012,0.6307885345497092,0.3172267345834646,-0.8672894779999016,0.0,0.8918064144685661,0.9981163146002809,low,0
S0039,2025-02-15,7,mid,7,37.22484042277877,0,0,5,1,1,5.244919552654536,0.0,8.160228320568963,0.8020309875232321,0.4529702511417205,0.5241791104409618,-0.4585399659495808,0.0,0.7363872808738148,0.3610732671418502,low,0
S0039,2025-02-16,7,mid,5,34.528454256084615,0,0,5,1,0,2.0099469794442055,0.0,14.404223516866498,0.4771063217450906,0.19202519197017853,0.35022177596106807,0.44672858220163514,0.0,0.9697119097841157,0.46878673510109037,low,0
S0039,2025-02-17,7,mid,5,39.246985203502014,0,2,4,0,1,6.094890982455995,0.0,4.480934667834386,0.5272674776476028,0.509774279801807,0.5173665481082111,-0.9991892896193286,0.0,0.2686334133524877,0.4308670366947598,low,0
S0039,2025-02-18,7,mid,6,39.509960303653116,0,2,2,1,0,4.694129000124256,0.0,5.425517104943214,0.35692797575473945,0.08629872332746191,0.1811886889877916,-0.4266657574840569,0.0,0.46331848568565237,0.874523985641134,low,0
S0039,2025-02-19,8,mid,8,47.22747499066263,0,2,5,1,0,6.085100838933473,0.0,12.279524773075305,0.9053111477799014,0.2276678389694885,0.9771721641968997,-0.4298446642602687,0.0,0.05017987759175391,0.49567262719648764,low,0
S0039,2025-02-20,8,mid,6,37.94581652078095,0,3,4,0,1,3.9378155837207114,0.0,10.16183578937602,0.18006967223818438,0.9037779868673613,0.12157209544754322,0.8080989548768123,0.0,0.6359243157217965,0.9201237306272178,low,0
S0039,2025-02-21,8,mid,6,47.50536987703749,0,2,1,0,1,5.380268188786619,0.0,13.153630449054827,0.4879051805727701,0.7352592131135894,0.3496456924201109,0.2507812602508621,0.0,0.023152433609641365,0.8243125607505779,low,0
S0039,2025-02-22,8,mid,6,23.18673698180055,0,0,5,0,0,4.902938207597851,0.0,9.339211820858292,0.5564969183233985,0.21518304218678752,0.07847869809603991,0.07914771863665648,0.0,0.6378099844857796,0.6410022903764451,low,0
S0039,2025-02-23,8,mid,4,38.13235603939972,0,0,3,0,1,1.3980593744614866,0.0,7.408111300320782,0.17783585805447855,0.11094947410690104,0.9388625369397775,0.8225004425859799,0.0,0.7718986083862802,0.25202197472416776,low,0
S0039,2025-02-24,8,mid,7,32.59211221355756,0,0,5,1,0,4.25901899011655,0.0,12.140716133653232,0.0028643783024997482,0.08449141515605085,0.7371013070568367,-0.799636368509709,0.0,0.9391598356863641,0.8665795831064628,low,0
S0039,2025-02-25,8,mid,8,49.806453298148874,0,2,1,0,1,6.919958534942325,0.0,12.27457138943385,0.6674364631362689,0.09202045866155228,0.48511721994149803,-0.8870202502764113,0.0,0.4475491530230421,0.716426988590426,low,0
S0039,2025-02-26,9,mid,5,43.152223898896175,0,3,3,0,1,3.588116327066704,0.0,5.305197572433723,0.2852015629072069,0.24819352066415323,0.7683852430170185,0.39900701086790447,0.0,0.10935849639475304,0.5601814262703143,low,0
S0039,2025-02-27,9,mid,5,44.138891912593934,0,0,4,0,0,2.7973632157591446,0.0,13.899182332518226,0.2319637323028515,0.34261652307882295,0.1230593439439921,-0.8010230248736914,0.0,0.5745327466815072,0.8139938891834632,low,0
S0039,2025-02-28,9,mid,5,37.99499835197633,0,0,2,1,0,2.9546931491564354,0.0,11.967782678811348,0.8387455050635083,0.8591558443497561,0.8824387749586464,-0.4499916225446756,0.0,0.13373024491507912,0.10395740698027145,low,0
S0039,2025-03-01,9,mid,4,25.629196001436178,0,1,4,0,1,4.060646582290368,0.0,11.028865941840913,0.7504687445018544,0.7266276157819794,0.16673577665155104,0.5063455821460667,0.0,0.6747725973674783,0.99444400065182,low,0
S0039,2025-03-02,9,mid,4,63.002584253193774,0,2,4,0,0,5.651760011007095,0.0,14.227559051233342,0.9205629971727108,0.13452375856355836,0.24515059674386208,-0.3860873938304181,0.0,0.008677409691600468,0.370669257207512,low,0
S0039,2025-03-03,9,mid,6,37.43220184503283,0,1,2,0,1,6.775007639461691,0.0,8.838086969345628,0.03695264544498689,0.49352238491585154,0.17677543743725377,-0.6463132909486293,0.0,0.5329957182924938,0.3077990938181726,low,0
S0039,2025-03-04,9,mid,4,41.03357022266628,0,1,1,0,0,0.24300831954308855,0.0,8.996701628205875,0.6958746985904457,0.5970147507018604,0.07813458378701388,-0.37459949758483213,0.0,0.9786081285992689,0.48333520303069355,low,0
S0039,2025-03-05,10,mid,4,42.55549638515515,0,1,4,1,0,3.5901530307923295,0.0,10.710260345750065,0.4947281861866525,0.8117445221828452,0.9284591764304437,0.12075256856924121,0.0,0.13842428022389763,0.727472712460666,low,0
S0039,2025-03-06,10,mid,5,50.65816359529178,0,3,4,0,1,6.85582745264179,0.0,9.967113888370132,0.22280424072218386,0.11212387978511873,0.3809673595083317,-0.6326808772271293,0.0,0.3931193931037277,0.2074109443773161,low,0
S0039,2025-03-07,10,mid,6,55.57740051879807,0,2,1,0,0,3.4959958164712055,0.0,10.692053227582146,0.28095277742128966,0.8602007374510209,0.15613210867053928,-0.24087231024069156,0.0,0.22523577431454422,0.14018541885105862,low,0
S0039,2025-03-08,10,mid,5,35.99823544932757,0,3,5,0,1,4.726010012083804,0.0,11.362186934346832,0.1510852696575823,0.9104104230781102,0.49315438710936343,0.7788015821811654,0.0,0.7320735927332784,0.874802905522036,low,0
S0039,2025-03-09,10,mid,7,50.331480612532246,0,0,4,0,1,5.056750124132633,0.0,8.686133093358245,0.7119122628157742,0.7164184342504875,0.339232845156053,0.5076636728026365,0.0,0.8425600543729226,0.6100117423734293,low,0
S0039,2025-03-10,10,mid,7,29.91368418126425,0,2,2,1,1,6.0091674758048335,0.0,9.05106678965035,0.8062136958971743,0.9843085161123181,0.11927283827799362,0.5644872368660161,0.0,0.1258615880818693,0.15502357489623875,low,0
S0039,2025-03-11,10,mid,5,39.40565487659855,0,0,2,0,0,6.579393439690972,0.0,16.72680234945447,0.20855932988566217,0.62532402484457,0.10962241935614203,-0.03782830634329115,0.0,0.7198780589892921,0.5490627218326598,low,0
S0039,2025-03-12,11,mid,5,54.31561154110829,0,0,3,0,0,9.476781111562051,0.0,5.757419027788988,0.2816223032301737,0.27333970713026035,0.4921334480083511,-0.28838538486060017,0.0,0.07769633288231603,0.35368323791371736,low,0
S0039,2025-03-13,11,mid,6,40.4402693641038,0,1,4,0,0,4.202288595231536,0.0,11.95097910924628,0.0881166983895284,0.800496972707688,0.8683583114970748,0.6810222752340731,0.0,0.32929961780858186,0.030865294004757016,low,0
S0039,2025-03-14,11,mid,6,41.88716568327842,0,2,5,1,0,5.235551394918782,0.0,12.038453601979981,0.4225051799401337,0.5637996685790074,0.005711553180304585,0.7894938194286651,0.0,0.5323131410539451,0.4516506650289014,low,0
S0039,2025-03-15,11,mid,6,46.09508762854855,0,0,1,1,0,0.0,0.0,8.017297151313775,0.25855902549091636,0.4462744857585641,0.20353024208705928,0.4204502733385398,0.0,0.9087851355999819,0.002588980491366133,low,0
S0039,2025-03-16,11,mid,7,49.04364091603459,0,1,3,0,1,6.31672666132761,0.0,14.31222913458598,0.17803259388028414,0.6334364440206182,0.6810122688635378,-0.5250583216849614,0.0,0.3201446472789873,0.38330065975935956,low,0
S0039,2025-03-17,11,mid,5,47.681848481792706,0,1,1,0,1,5.775629860087038,0.0,11.811291712060072,0.19332698365123857,0.7320743685755086,0.6357894059660303,0.5450936450241799,0.0,0.8688139208383999,0.31147511403889394,low,0
S0039,2025-03-18,11,mid,4,53.5511020359058,0,0,3,0,0,3.5358875264863237,0.0,10.807273489807923,0.9979203696408868,0.615466803200631,0.40085738706172047,0.7704288886177371,0.0,0.04162311115120165,0.7173428664778202,low,0
S0039,2025-03-19,12,mid,6,33.66523231727872,0,0,1,1,1,1.8586333087187263,0.0,12.349874163431078,0.9879496147643989,0.7855379163462197,0.3212661025053857,-0.2831312886638342,0.0,0.7182581488401267,0.011493421493342648,low,0
S0039,2025-03-20,12,mid,3,40.24292938267935,0,2,4,0,0,5.231074549174595,0.0,6.988693149797839,0.7102965248400575,0.09449030696857152,0.3464039826935633,-0.6243518435122273,0.0,0.975430969149548,0.3182285232861677,low,0
S0039,2025-03-21,12,mid,6,47.400473141504875,0,1,3,0,0,3.8835498410244753,0.0,11.131995626564468,0.6980561154729612,0.4552763763757076,0.551991306311767,-0.32530549913837437,0.0,0.24546640632741779,0.07104735805734919,low,0
S0039,2025-03-22,12,mid,6,54.977527504875965,0,4,1,1,0,2.4816297033004275,0.0,9.688241060794857,0.3731968487069104,0.9883873602098822,0.9997591864912428,0.42166998009548506,0.0,0.8879923093544555,0.04420672816458071,low,0
S0039,2025-03-23,12,mid,5,31.020734541773596,0,0,3,0,0,7.944826096718232,0.0,15.416964599924258,0.10567308376027673,0.9292794098320858,0.8032096642980783,0.0009271625810667317,0.0,0.30640797009458653,0.8385461314475117,low,0
S0039,2025-03-24,12,mid,6,26.868646320800963,0,0,1,1,1,6.956415627664647,0.0,10.77365040935446,0.18165690583787764,0.7682220236685471,0.04890217743843739,-0.34654166817478105,0.0,0.21891268967985145,0.9155839836729552,low,0
S0039,2025-03-25,12,mid,6,32.542799850063034,0,0,1,1,0,0.307193661145889,0.0,10.961085426737526,0.0553221984216028,0.20686717538430066,0.40471947650607776,-0.4455524032910232,0.0,0.1605303270312185,0.48696601161721687,low,0
S0039,2025-03-26,13,mid,7,34.73970424746733,0,1,5,0,0,4.632547895703196,0.0,9.537649132664585,0.335582827228481,0.8387124808031767,0.1768087582325213,-0.32185401376435974,0.0,0.28625395057725644,0.35606086471988596,low,0
S0039,2025-03-27,13,mid,5,60.93565011358714,0,2,2,1,1,5.902014069912869,0.0,14.121101771611654,0.5979370991377787,0.23522493032893033,0.6698215975553328,-0.7120598465720298,0.0,0.2758421379315167,0.17994758117833765,low,0
S0039,2025-03-28,13,mid,6,47.437434763857595,0,0,3,1,0,7.296978540096687,0.0,8.911721010842761,0.8827169895146285,0.75096348615182,0.39667316204183445,0.44264422604294906,0.0,0.15522050437857293,0.6611157591555525,low,0
S0039,2025-03-29,13,mid,7,34.60311055859019,0,2,5,1,1,0.28760965236789193,0.0,6.116720300107049,0.4103157543712945,0.3109240279858686,0.3053346623864285,0.3994128559010741,0.0,0.5577997558356445,0.02995210736366427,low,0
S0039,2025-03-30,13,mid,6,39.06545076873898,0,1,4,1,1,5.328919194521269,0.0,3.952071870840129,0.6745563590520636,0.6476695096602262,0.7526323617025947,-0.7720315827819457,0.0,0.5198151480531644,0.5063293579406067,low,0
S0039,2025-03-31,13,mid,6,48.49714476509448,0,2,1,0,1,9.29542272725475,0.0,4.3718207487486564,0.4586955402655568,0.3975013768571686,0.7409136395682366,0.3122019330446997,0.0,0.639462085361417,0.8918006449135621,low,0
S0040,2025-01-01,1,mid,6,37.092954708257224,0,0,4,1,0,4.743575741980666,0.0,14.26502051198672,0.5472257899747835,0.3197416315184244,0.8298457036778141,0.49309238767141195,0.0,0.771425287824123,0.13867633815510194,low,0
S0040,2025-01-02,1,mid,6,21.770381216842274,0,0,2,1,0,3.884677642181135,0.0,10.042489321698469,0.22540917710027186,0.4588438585762413,0.07416992138421108,-0.03915329062216144,0.0,0.26511401337474305,0.2669135616758166,low,0
S0040,2025-01-03,1,mid,6,49.011188117564906,0,5,2,0,0,4.40961917712712,0.0,7.707085748722669,0.30799151149864057,0.3592234633916066,0.32952904340069356,0.5383594334334203,0.0,0.1717237339617187,0.8458460501073587,low,0
S0040,2025-01-04,1,mid,5,56.53801118063922,0,0,3,1,1,1.7509511033200131,0.0,9.049174570197938,0.46323084981367335,0.48150599337372224,0.7432963855825995,0.9491481046329522,0.0,0.18614317257742763,0.05449344897964448,low,0
S0040,2025-01-05,1,mid,6,48.24191508682252,0,1,2,1,0,6.826541587985698,0.0,8.634074818711097,0.22469358813072193,0.3644946924019121,0.9164325338906476,0.14709958092256636,0.0,0.0062350350563640244,0.2440213324360071,low,0
S0040,2025-01-06,1,mid,6,42.831543638505046,0,1,2,1,0,7.086884213083623,0.0,9.841868353673343,0.5615126060700008,0.8763890254240901,0.434058777392235,0.5907028422542988,0.0,0.8700492990135318,0.8464393697106124,low,0
S0040,2025-01-07,1,mid,5,49.27643082854472,0,1,5,1,0,5.798328289467418,0.0,10.586214615682279,0.4628057784331988,0.9675203201328515,0.552513251385404,0.8859483095523277,0.0,0.748518214089641,0.4577609657246955,low,0
S0040,2025-01-08,2,mid,6,42.53166132458644,0,0,4,1,1,3.1864173771376385,0.0,16.124914649900656,0.12579221811125618,0.5551123712525353,0.356658305585428,-0.30842432140729836,0.0,0.09444511871120564,0.9788529656707146,low,0
S0040,2025-01-09,2,mid,5,54.74309560908786,0,4,1,1,1,5.359595452606124,0.0,10.171794904876862,0.6164607725442521,0.3373887659955068,0.39765570010170737,0.3918182076830714,0.0,0.6943340904661148,0.3681028537546961,low,0
S0040,2025-01-10,2,mid,6,62.18859723753836,0,3,5,1,1,3.769438934734241,0.0,11.21902669412056,0.6534374521687708,0.05963686470398433,0.33338745976695117,0.956925090643773,0.0,0.12092037420812263,0.5974240324409884,low,0
S0040,2025-01-11,2,mid,6,39.74097431136944,0,0,2,1,1,4.495406928770146,0.0,8.88249293794904,0.6122258593117593,0.9703710013898277,0.604817382304684,-0.3457964766503281,0.0,0.8174041112301305,0.1354305498995665,low,0
S0040,2025-01-12,2,mid,8,57.86442279857049,0,0,2,0,0,5.982369432736129,0.0,5.35945063784146,0.7453813910753722,0.04197448312825802,0.8815719859434583,-0.6942217256976799,0.0,0.5880657671438793,0.6411281202861482,low,0
S0040,2025-01-13,2,mid,7,52.687633279147136,0,3,4,1,0,4.096638203909539,0.0,12.343564125039936,0.15234979109261526,0.8611421191476393,0.6083491673380477,-0.3737222298184395,0.0,0.6106488491277356,0.0661968222966196,low,0
S0040,2025-01-14,2,mid,6,31.469546139528376,0,1,2,0,1,5.706567342831046,0.0,10.170389616613893,0.9157825069463057,0.8491280587853683,0.3832692269131348,-0.7098005989900318,0.0,0.5918670025070754,0.4403160751100662,low,0
S0040,2025-01-15,3,mid,5,43.17186714229452,0,1,1,1,0,5.396015474474543,0.0,6.886161823144294,0.9810864949916638,0.4199173458319174,0.7124165030916821,0.5843542611772437,0.0,0.8013970295203147,0.4432962464479838,low,0
S0040,2025-01-16,3,mid,4,50.68518926414269,0,1,5,0,1,4.725273836215814,0.0,8.773445328517655,0.3948163368618015,0.618834263483692,0.7889648484796405,0.4553302753299475,0.0,0.7526221032916196,0.19238701630345245,low,0
S0040,2025-01-17,3,mid,5,53.14218713301109,0,0,4,0,0,8.09113844223534,0.0,5.333443253760846,0.17884198994610034,0.029295813063263787,0.0746152430632876,-0.7836551634989475,0.0,0.22565949673066144,0.46172570960341863,low,0
S0040,2025-01-18,3,mid,6,30.52448381644716,0,3,5,1,1,3.2296242079665016,0.0,8.863802110426246,0.4822805924694089,0.6793542808117828,0.17727551790692397,0.29888854857703295,0.0,0.8256117580129059,0.15705017838458435,low,0
S0040,2025-01-19,3,mid,5,46.81359972608932,0,0,5,1,1,2.4275046167344883,0.0,11.918006206629757,0.12444073151356916,0.8647967507816008,0.6254480974126915,-0.6894863098378647,0.0,0.6291080995841742,0.7352558988565245,low,0
S0040,2025-01-20,3,mid,5,47.37786126215286,0,0,4,0,1,5.678317125329465,0.0,4.650274288010006,0.4630005286291653,0.9555696888343763,0.26339658208067274,-0.8162175134589824,0.0,0.5409814745892215,0.18451957867238145,low,0
S0040,2025-01-21,3,mid,4,41.49993969395845,0,1,1,0,1,5.07948849837366,0.0,12.117973122528115,0.983255106379999,0.6559372183764403,0.12848893670119643,0.7767538861164749,0.0,0.4686892417535773,0.152694287793934,low,0
S0040,2025-01-22,4,mid,6,57.42299139799932,0,2,1,0,1,3.12328837532264,0.0,9.8939512450285,0.2672112672152951,0.7403561856698501,0.7558502375319367,0.19736546405795607,0.0,0.11048717951551768,0.8530918102366961,low,0
S0040,2025-01-23,4,mid,6,36.946983864598536,0,0,3,1,1,6.0992265371693986,0.0,11.352555526237943,0.6675168890421217,0.29239450847882476,0.7094479035238954,0.34748195910995716,0.0,0.6099511810860655,0.2983215035648361,low,0
S0040,2025-01-24,4,mid,5,32.77591878326092,0,0,4,1,0,8.674325666584178,0.0,12.164205727675387,0.8635792362293124,0.05259133209316691,0.9122046333888896,-0.4576731582174185,0.0,0.05704368169161056,0.23760698684075587,low,0
S0040,2025-01-25,4,mid,5,46.078839071566755,0,0,5,1,1,6.372102256129628,0.0,11.04140648926181,0.14725866569959878,0.18139161442148966,0.876768479792087,0.2150446840767959,0.0,0.7921193826920343,0.22285980809620465,low,0
S0040,2025-01-26,4,mid,5,42.69042717148533,0,3,5,0,0,1.2267321072179391,0.0,5.054056040603315,0.43103909338177726,0.7445771828141319,0.78679087025201,0.7410766445676067,0.0,0.24298727402627063,0.1575047567861746,low,0
S0040,2025-01-27,4,mid,5,26.727680621948576,0,3,4,0,0,3.9976111843280924,0.0,10.095363417457627,0.01910690644874735,0.9389267016062286,0.3373610858950793,-0.24493359388331237,0.0,0.46990802940201537,0.26579899720120403,low,0
S0040,2025-01-28,4,mid,7,49.34699554222888,0,0,1,0,0,0.9605560851672994,0.0,10.888040255426906,0.8727744596449202,0.40279607171202625,0.37466306822422635,0.2827417028755377,0.0,0.9203316576991686,0.5080179187207041,low,0
S0040,2025-01-29,5,mid,5,62.45694719613615,0,0,5,0,0,2.909577668400496,0.0,10.622348444138634,0.4367926130526213,0.6787937497027094,0.4544830619014615,0.23552908742232193,0.0,0.894808683169439,0.36622163167649857,low,0
S0040,2025-01-30,5,mid,6,24.79037958255198,0,2,5,0,1,4.394453329967284,0.0,14.709632100810362,0.7776563906876931,0.8865712705504752,0.24993934912990223,-0.5227099769400869,0.0,0.43262490827414535,0.05153387364801676,low,0
S0040,2025-01-31,5,mid,7,53.218813397067336,0,0,3,0,0,5.99392694823546,0.0,12.79735024989547,0.9274249935649459,0.5817408831735125,0.19602860304587022,-0.9625483054584454,0.0,0.31711390685529695,0.06273602532291467,low,0
S0040,2025-02-01,5,mid,4,41.26258757753767,0,1,3,1,1,7.808027605719644,0.0,8.635775927723866,0.4945352827495376,0.9660812726628852,0.1748229704953631,-0.3679516108456824,0.0,0.11615405814684743,0.2467296517435189,low,0
S0040,2025-02-02,5,mid,5,65.54389977427104,0,0,5,0,0,0.7802106183828252,0.0,10.496370718632292,0.05809222947747661,0.16663932381659985,0.7723237171265864,0.8414634151240141,0.0,0.16883828477532792,0.5694412215082058,low,0
S0040,2025-02-03,5,mid,7,41.37876029378705,0,0,5,1,1,6.292006188258517,0.0,14.008701101077905,0.33957583692430227,0.723751480791174,0.23632258381392257,-0.5605440819682417,0.0,0.06174475817451586,0.3930771738241009,low,0
S0040,2025-02-04,5,mid,5,36.278030087774766,0,0,1,0,0,9.391011645386907,0.0,6.1144133178272515,0.22967635593177216,0.20751579982731938,0.9419644353617618,-0.09918119141897952,0.0,0.8271758089864095,0.9168317523624687,low,0
S0040,2025-02-05,6,mid,4,53.69736920325758,0,1,3,1,1,5.175090765942555,0.0,9.065413975280865,0.6298136637241806,0.0673199655996316,0.41038126517364293,0.7975782472246595,0.0,0.9534388247033142,0.7822109477132184,low,0
S0040,2025-02-06,6,mid,5,34.68907989972925,0,0,4,0,0,6.8800756475346585,0.0,11.426349298729622,0.9840284146309638,0.08569181059058006,0.6853832893794164,0.9174509621230427,0.0,0.3737956245271724,0.33374483458736603,low,0
S0040,2025-02-07,6,mid,5,61.585802826201736,0,0,2,0,0,2.5009858749576495,0.0,11.527483128525123,0.9988332376332111,0.2829394522920373,0.5524152780219997,0.10831918746491409,0.0,0.4514852283891039,0.24154345667714427,low,0
S0040,2025-02-08,6,mid,5,46.369503069692236,0,1,5,1,0,6.899509034095715,0.0,7.765996032029962,0.008606239776282387,0.38227180552476725,0.021522315111855095,0.907060044009542,0.0,0.015364920555451023,0.15528993733879493,low,0
S0040,2025-02-09,6,mid,8,50.673927379970806,0,1,4,1,0,6.546250649497513,0.0,7.893519258923014,0.9479987965006581,0.5958029356018919,0.15743059018176409,-0.8691343568632224,0.0,0.23917656964582446,0.17779441319277223,low,0
S0040,2025-02-10,6,mid,7,51.81390584366609,0,0,4,1,1,0.9541633253116277,0.0,11.923927468892682,0.018675614753740466,0.48430686460320715,0.33594603283237756,0.939092583986193,0.0,0.37875496362847305,0.9210074154381872,low,0
S0040,2025-02-11,6,mid,5,47.15972875817675,0,1,5,0,1,2.0816119764846803,0.0,9.814515456715391,0.5092610486491469,0.5476343750453754,0.9969366184902353,0.6480625741644175,0.0,0.8613170239555474,0.9861874247575793,low,0
S0040,2025-02-12,7,mid,8,51.94894315505838,0,1,3,0,1,1.826751340038443,0.0,9.46774538886634,0.049198151562231174,0.24991038070618543,0.7224604313277683,0.10237756453352143,0.0,0.02343489828745504,0.4097377531539961,low,0
S0040,2025-02-13,7,mid,5,38.65742795560995,0,1,2,0,0,5.678789879838348,0.0,11.995238733733,0.9059546633362283,0.5523439537122995,0.17485306100718712,-0.5074184259755128,0.0,0.1764105647811266,0.3352485499062684,low,0
S0040,2025-02-14,7,mid,4,43.45226144458425,0,1,3,0,0,4.199791145198468,0.0,1.5651103235709307,0.9878752305803077,0.55654844830989,0.7233377332684362,-0.16650881745274893,0.0,0.32584905733149816,0.916577197794203,low,0
S0040,2025-02-15,7,mid,6,60.492467600520875,0,0,4,0,1,7.8522007215908,0.0,7.213099449301469,0.4949410002119181,0.020118178687317134,0.2845641782794327,0.8029837413835905,0.0,0.5115088268743205,0.7979487517031589,low,0
S0040,2025-02-16,7,mid,7,35.80067398804291,0,0,4,0,1,9.31534861961526,0.0,7.261444293726713,0.5043671998194704,0.5463232969358784,0.8956998639882746,-0.3982829674219097,0.0,0.013094794562872325,0.6956468001634339,low,0
S0040,2025-02-17,7,mid,5,41.651851097933786,0,1,5,1,0,1.6255529252241079,0.0,5.102375089826284,0.6324995011783756,0.10363869069486442,0.6354449098897494,-0.09273420057609538,0.0,0.2076540933994696,0.7782210559647431,low,0
S0040,2025-02-18,7,mid,7,42.841597766446064,0,1,4,1,1,3.461391316431856,0.0,12.933537456988867,0.8872052215235805,0.18496859412476419,0.585505755348744,-0.781180671291704,0.0,0.4026901484044082,0.8820643949689303,low,0
S0040,2025-02-19,8,mid,7,54.03066165684259,0,0,4,0,0,3.068211325524249,0.0,10.697120721288188,0.3699197025293298,0.9905331883669778,0.39801996880483514,0.6857138925549198,0.0,0.8598062343763748,0.26283116949011176,low,0
S0040,2025-02-20,8,mid,6,46.24369073465866,0,2,4,1,0,4.834337674501172,0.0,12.757817742199277,0.5034915757093484,0.9282449812962554,0.5016407394901954,0.003963955108621464,0.0,0.36316298029330096,0.7104118603834132,low,0
S0040,2025-02-21,8,mid,7,27.514675585448877,0,1,2,1,0,5.770399956368397,0.0,5.564274992496693,0.9375088185416306,0.6932120208290181,0.30836324388344494,0.9259876636533928,0.0,0.34271690116641507,0.983254023818947,low,0
S0040,2025-02-22,8,mid,6,40.92719944038688,0,3,2,1,1,7.713820054845741,0.0,13.961269068931685,0.1951938323133201,0.25300520630988,0.48669813788244776,0.457221045424439,0.0,0.8527981030024561,0.08648484804092271,low,0
S0040,2025-02-23,8,mid,6,42.477525626520645,0,1,5,0,1,3.890984901562975,0.0,9.151593890713151,0.20837941058865372,0.7402551137879775,0.24106351863197595,0.6594206712554596,0.0,0.4034883670045254,0.4144758548981248,low,0
S0040,2025-02-24,8,mid,5,49.17611695831195,0,0,2,0,1,4.103773408994754,0.0,8.755082661309903,0.8616649693260059,0.5998459671374714,0.11503825428176595,0.7738161771125203,0.0,0.44390500568062086,0.9893572721303915,low,0
S0040,2025-02-25,8,mid,6,27.041013485922377,0,0,4,1,0,3.7479155164259925,0.0,14.570269059085742,0.19523988130013592,0.39814623422791295,0.06956500588690095,0.9441484584936726,0.0,0.06623340866897853,0.2018908535000784,low,0
S0040,2025-02-26,9,mid,6,43.82178173057785,0,0,1,0,0,5.260527808928644,0.0,13.914388080809356,0.6576733438233239,0.47812431682719425,0.2764170468044336,-0.3732338394078667,0.0,0.36053274334518703,0.3406433478855433,low,0
S0040,2025-02-27,9,mid,4,47.14096525379224,0,2,1,1,0,3.627671511711892,0.0,5.794399542483477,0.7438181555769361,0.24844066267719567,0.5422445639062338,0.3198936726888093,0.0,0.8792739609170876,0.34536574138596565,low,0
S0040,2025-02-28,9,mid,4,44.683733725970534,0,0,3,1,0,5.484064239286861,0.0,8.91949467494701,0.09334339728115126,0.1974957246962854,0.616102241345116,-0.13104367620132318,0.0,0.6666742528438331,0.9734062920466695,low,0
S0040,2025-03-01,9,mid,6,47.77301893441145,0,2,1,1,1,6.248250977704824,0.0,12.497051833945422,0.048750768851068105,0.07190587050653074,0.6364252822263627,0.49793655446228224,0.0,0.02671594086547391,0.29050021974846796,low,0
S0040,2025-03-02,9,mid,5,39.90190028976193,0,1,5,1,1,7.314438028414726,0.0,10.078726598400896,0.15057972330891456,0.36988473568906743,0.9243597067711217,0.5915965100140508,0.0,0.597357331275994,0.7689925302422358,low,0
S0040,2025-03-03,9,mid,6,43.91585466444094,0,2,4,0,0,9.779805146047494,0.0,12.542502597884337,0.12144065648612257,0.6018225319063348,0.04198835009510593,0.8464175332813011,0.0,0.8635374720025971,0.19431742363122462,low,0
S0040,2025-03-04,9,mid,7,60.256800044990804,0,3,2,0,1,3.4346161417471412,0.0,12.893805886128439,0.2362063668579889,0.802454595279684,0.7537222917252228,-0.5932160645256268,0.0,0.869270603995332,0.1347294172591591,low,0
S0040,2025-03-05,10,mid,5,37.09883851489006,0,2,1,1,1,1.1943593360714,0.0,11.107883794282403,0.6136509783724244,0.4035160744802285,0.7694799397695589,0.05906110945188536,0.0,0.28945250078494555,0.1477296668168201,low,0
S0040,2025-03-06,10,mid,5,59.487825081390454,0,0,1,1,0,6.95128205917366,0.0,9.692391763690873,0.02907224700634814,0.2594068210403001,0.5457759594936377,-0.3535417518538868,0.0,0.7426885536545706,0.6884181450849478,low,0
S0040,2025-03-07,10,mid,6,41.58586792800606,0,1,1,1,1,5.566435083142835,0.0,12.168356207884209,0.8460436542514372,0.9986650042361246,0.4993860874191258,0.8705774175586767,0.0,0.344362186081539,0.745648446556841,low,0
S0040,2025-03-08,10,mid,6,54.32837940935036,0,2,1,0,0,4.898664803618131,0.0,11.091939959908405,0.4557888773492279,0.14415611048627497,0.47552345009598507,-0.3933015280380523,0.0,0.9943800675361362,0.18484796420664384,low,0
S0040,2025-03-09,10,mid,7,29.940134790062068,0,0,3,0,0,5.8436454180217785,0.0,10.8368384168781,0.31742011851617025,0.33369033587389585,0.0010691616386443448,-0.14177424599605315,0.0,0.6130140621902068,0.12269486283958564,low,0
S0040,2025-03-10,10,mid,4,59.292276372635264,0,1,4,0,1,7.461926259083107,0.0,9.8721289674092,0.5542547011049792,0.1595992463331658,0.6258060908681444,0.028173275231423878,0.0,0.06893281707194854,0.5810809760294459,low,0
S0040,2025-03-11,10,mid,6,41.166816689333515,0,1,1,0,0,6.23715056828282,0.0,13.43240584820976,0.2850119992218413,0.3912985627074137,0.8111502312455718,-0.17378010608426364,0.0,0.7557732118360941,0.29520570138356583,low,0
S0040,2025-03-12,11,mid,5,62.56212083223921,0,1,1,1,1,5.1223544593181645,0.0,12.719950024369826,0.03462941255648955,0.1684279708549884,0.8539352114361102,0.8616241461595275,0.0,0.16129210457444332,0.7345186563567961,low,0
S0040,2025-03-13,11,mid,4,54.29790961431646,0,1,1,1,1,6.650425294173225,0.0,17.808802125083666,0.7062406406165065,0.9883502236854673,0.17223728843719377,-0.733787964938651,0.0,0.29479086490996476,0.9039441597700395,low,0
S0040,2025-03-14,11,mid,7,40.95992574185752,0,0,4,0,0,5.887639407352147,0.0,7.4937491563634495,0.4858917354077563,0.8360363091406998,0.2648486441660134,-0.5788512417207408,0.0,0.8028950906216527,0.44420408550539514,low,0
S0040,2025-03-15,11,mid,5,28.894093394379457,0,1,1,0,1,2.5710957799350984,0.0,10.451549428822622,0.19362242816623731,0.7276029219137533,0.7855571612653575,-0.849715009335146,0.0,0.9900800679702426,0.4331238513086477,low,0
S0040,2025-03-16,11,mid,7,60.812095161274534,0,0,3,0,1,1.5292706789651862,0.0,5.747419224476493,0.024225884611387638,0.0025423021999002593,0.7971935469795308,-0.01967867497049469,0.0,0.03320941303316316,0.2860270447903638,low,0
S0040,2025-03-17,11,mid,7,38.915302185993525,0,1,4,0,0,6.678929826278053,0.0,8.173005414543658,0.1898398640874599,0.4010877837072807,0.8649912181532982,0.27454455240334696,0.0,0.3020805994863446,0.6440497215257783,low,0
S0040,2025-03-18,11,mid,5,57.45467924339199,0,3,3,0,1,3.9014753990341084,0.0,11.716486743970076,0.5938770649382662,0.21600779847201157,0.7342134128263061,-0.1589655716954943,0.0,0.822754813590639,0.9485395059088316,low,0
S0040,2025-03-19,12,mid,6,46.26240882593787,0,0,5,1,1,1.5466485145131328,0.0,7.6447478837139515,0.722962129564691,0.5526822195056834,0.08241638931478246,0.9014250038097917,0.0,0.8875172942639226,0.35346834904396196,low,0
S0040,2025-03-20,12,mid,6,31.599127168506428,0,0,2,1,1,7.374186510875516,0.0,6.8616083798865315,0.5943146043113707,0.5716677094377365,0.579241563891092,-0.3954083532588597,0.0,0.8865325454982423,0.9192062267503671,low,0
S0040,2025-03-21,12,mid,6,48.648972420671306,0,0,3,0,1,8.26149305101319,0.0,9.349663925862508,0.5708899687830798,0.8837566003945508,0.9054658113913984,0.20877560625941838,0.0,0.564335594783866,0.7012801094577672,low,0
S0040,2025-03-22,12,mid,6,54.409818517538326,0,2,2,0,1,4.798793543149435,0.0,11.854510304412864,0.3248608112603657,0.6407723800515578,0.683369191066622,0.9675377326276096,0.0,0.5460577722930371,0.7525636438162188,low,0
S0040,2025-03-23,12,mid,4,40.96302166544442,0,1,4,0,0,8.105267213671311,0.0,7.8424124206357835,0.6803706734087294,0.562338348652135,0.9790179175022543,-0.7363548069055921,0.0,0.4882790547281025,0.6240347920755038,low,0
S0040,2025-03-24,12,mid,6,46.81727999914502,0,2,5,1,1,6.422020220443783,0.0,9.358161100445122,0.986562530085249,0.7711714138661773,0.623158049155331,-0.7001966705956706,0.0,0.9330603361131595,0.7768666569018113,low,0
S0040,2025-03-25,12,mid,5,26.7900275374908,0,0,1,1,1,6.45908441343137,0.0,7.899989228433595,0.6565902257310527,0.7838083054770728,0.42531352325500915,0.471267037044967,0.0,0.5995570862186639,0.3284182984817271,low,0
S0040,2025-03-26,13,mid,7,21.82674302675547,0,3,3,1,1,6.130582089773011,0.0,9.33026520963691,0.6911525938152693,0.6481589058639436,0.6569983151556464,-0.36471404230180626,0.0,0.5305335910125811,0.6299730640468648,low,0
S0040,2025-03-27,13,mid,6,38.52903468570087,0,0,3,1,0,4.575733753998837,0.0,5.9766819078667215,0.20373249363721668,0.6725626296535417,0.21303086874229282,0.7357863417933506,0.0,0.9827405376557707,0.3168401946422056,low,0
S0040,2025-03-28,13,mid,6,61.89879416685575,0,0,5,1,0,7.844230580208626,0.0,7.8030433261996315,0.5835388594836856,0.023364301833246448,0.4015981097078666,-0.8942420815297358,0.0,0.08335605544029867,0.05600244714337921,low,0
S0040,2025-03-29,13,mid,4,41.19283886666524,0,0,2,1,1,1.3596526356035517,0.0,7.014197562519005,0.932813749616746,0.9860251203201665,0.2879375835884759,0.22000670632778618,0.0,0.7452194082658417,0.19110160095330475,low,0
S0040,2025-03-30,13,mid,4,53.55618284158982,0,0,2,0,0,6.0957777223564165,0.0,11.896777580190385,0.6239759243038153,0.2924500515733869,0.9347866052604181,-0.016262356530656774,0.0,0.2806195311644022,0.3655746066129586,low,0
S0040,2025-03-31,13,mid,5,42.357243971501404,0,0,2,0,0,7.662766833442992,0.0,15.204053829303353,0.21022385793697596,0.8506315970589656,0.8677602569852725,0.6083570858884426,0.0,0.9365866967652269,0.5066632832726861,low,0
S0041,2025-01-01,1,mid,2,54.89972011286035,0,1,2,1,0,1.3091526374749831,0.0,8.112780251491193,0.6296313108124983,0.2806957092086667,0.8575669163228243,0.7844742559732181,0.0,0.34507040207050343,0.35836976176218016,low,0
S0041,2025-01-02,1,mid,3,41.52680255561992,0,0,4,1,0,5.330420111890345,0.0,9.31898061955276,0.389743763039509,0.04549319611857361,0.8255590937925776,-0.3947079736052339,0.0,0.3862956219742225,0.9743690706410285,low,0
S0041,2025-01-03,1,mid,3,55.43095681354111,0,1,5,1,0,4.4431840713276785,0.0,14.029048710469851,0.25866963210837357,0.262930192719087,0.33060375082667715,0.23470526914843037,0.0,0.8383897306118269,0.4995778784277908,low,0
S0041,2025-01-04,1,mid,5,40.67332200650671,0,0,3,0,1,7.05604775443144,0.0,8.416537729583936,0.7973130127992519,0.016902798079335368,0.9491773815778572,-0.42886809351736765,0.0,0.6261401590801511,0.6399149445961633,low,0
S0041,2025-01-05,1,mid,4,38.25088204805217,0,1,4,0,0,3.5190472029891957,0.0,10.295365566619555,0.22017224693838722,0.5631210021865545,0.66795054850932,-0.23040691919857315,0.0,0.41897991598939344,0.49802240581388413,low,0
S0041,2025-01-06,1,mid,3,44.670981089597745,0,0,2,0,1,2.644666349945808,0.0,13.475930057356782,0.7127068317334527,0.4688499181140413,0.34123462125967596,0.335855840092286,0.0,0.774336123070637,0.6886123824848683,low,0
S0041,2025-01-07,1,mid,2,42.41320720705167,0,1,5,0,1,4.746407771641056,0.0,1.831641863497687,0.834465957429185,0.4478179499156639,0.5474291366508607,-0.6000002582957604,0.0,0.5691586991399007,0.3483837429854506,low,0
S0041,2025-01-08,2,mid,4,39.31916221447307,0,1,4,0,1,3.512002043497203,0.0,13.572278233808118,0.9858355404186013,0.8587872325099697,0.8953441337843437,-0.8726714294650544,0.0,0.17630845942908413,0.1693684069188326,low,0
S0041,2025-01-09,2,mid,4,58.66710685908648,0,1,5,1,1,3.0677801357265535,0.0,5.140190383624118,0.7907315627197543,0.09461579330707459,0.3118925264021709,0.548934751153956,0.0,0.9570174839267347,0.7828363790414165,low,0
S0041,2025-01-10,2,mid,4,41.436837553494,0,2,3,0,0,1.822068243826636,0.0,9.641874066247293,0.08425527128243515,0.442335918016843,0.5613099135488573,0.01889930844484833,0.0,0.6955706354090126,0.1920987835675405,low,0
S0041,2025-01-11,2,mid,2,26.948994617684157,0,0,5,1,1,1.960873179447907,0.0,4.131979203021104,0.9066299686129425,0.06023639432926298,0.9416450457140864,0.33184096063268465,0.0,0.6975107633586893,0.15785203949673943,low,0
S0041,2025-01-12,2,mid,3,43.53292500315105,0,1,4,0,0,3.4804766964948985,0.0,10.284756221382313,0.06164013828202519,0.8671577585393232,0.2621494652436578,-0.2755785334544423,0.0,0.2183963922260007,0.698880957165208,low,0
S0041,2025-01-13,2,mid,3,22.820153213518687,0,2,1,0,0,8.011274966877583,0.0,9.61735636579461,0.005582909587431795,0.8685607843690037,0.5949796223808745,-0.5195392034955681,0.0,0.3474830544355004,0.20066608693123167,low,0
S0041,2025-01-14,2,mid,2,36.91987341296995,0,3,4,0,1,5.008543161401296,0.0,13.807698381337705,0.6199623824086472,0.15061255427639375,0.7496088158365666,0.9471636238699208,0.0,0.48238525149226397,0.9624573047906434,low,0
S0041,2025-01-15,3,mid,3,33.61008135436006,0,1,4,1,0,4.1188440044541235,0.0,11.997835186345874,0.5781685968662493,0.00962930313985888,0.7314926910743973,-0.1368769202556539,0.0,0.8458001019429843,0.5555200022648644,low,0
S0041,2025-01-16,3,mid,4,56.20332327280822,0,2,3,0,1,5.424727492057698,0.0,6.4220645113924695,0.2581903586156227,0.22276869158422574,0.8949835507459517,-0.5934390420396796,0.0,0.3765517107653026,0.16959750487455716,low,0
S0041,2025-01-17,3,mid,3,34.64690229995339,0,0,1,1,1,6.09092776316599,0.0,9.906427830857918,0.3054535384210534,0.41927092142678857,0.7654347925037127,-0.8480532083925152,0.0,0.7570471754971089,0.2742126691989839,low,0
S0041,2025-01-18,3,mid,4,29.161267628267396,0,0,3,0,1,4.676307169955756,0.0,5.143195263435942,0.08125667976038708,0.14099544441378908,0.9291501822455719,0.08722755298188245,0.0,0.3951160172260618,0.6714825293075533,low,0
S0041,2025-01-19,3,mid,2,49.96713179950603,0,0,3,0,0,4.2299579690874,0.0,8.87585489490494,0.2577870179812689,0.528220869875099,0.7068923252319265,-0.23938173620441816,0.0,0.44622933149615485,0.7923934802564897,low,0
S0041,2025-01-20,3,mid,6,52.00894134324868,0,2,1,1,0,3.1648621384262468,0.0,8.169727265296936,0.6784890282824177,0.2616854790267693,0.4648583420229204,0.6242561749514333,0.0,0.7919128417073924,0.8554426092953898,low,0
S0041,2025-01-21,3,mid,4,33.4249336415576,0,1,1,1,1,7.432570560640365,0.0,12.847410991479201,0.925585158290568,0.508799422422965,0.848231108090543,-0.9093639748007571,0.0,0.42054278025731817,0.43951892866892417,low,0
S0041,2025-01-22,4,mid,2,73.21490261729508,0,1,4,1,1,3.409921727502394,0.0,10.405081683499738,0.28405087996240364,0.039651698661515855,0.13750484248778816,0.2666296355764084,0.0,0.7636224638532643,0.8700848768997611,low,0
S0041,2025-01-23,4,mid,3,33.11919190169454,0,1,2,0,1,5.561805126283279,0.0,7.578226707986519,0.1183471824736182,0.4650328166030683,0.06312919588563093,-0.4611858988121429,0.0,0.9243492894550641,0.03100682386774889,low,0
S0041,2025-01-24,4,mid,4,49.89670517537048,0,3,3,1,1,1.7433504693344752,0.0,6.340375599542313,0.09862993453459523,0.7550255908674652,0.553060734005603,-0.5485965886031714,0.0,0.7591260758656098,0.6679311920419954,low,0
S0041,2025-01-25,4,mid,4,38.689426140080826,0,4,5,1,1,6.759879516310311,0.0,15.610560016032306,0.5192929504591879,0.21708843278067036,0.5291586728832095,0.7942090768704362,0.0,0.12526507248731245,0.7037262466697582,low,0
S0041,2025-01-26,4,mid,3,37.23581887235464,0,2,5,1,0,0.7212579855774832,0.0,9.791260412743087,0.27959230887752473,0.5756892557476475,0.453579063283699,0.9890493848655728,0.0,0.5355752260056392,0.32898426550282867,low,0
S0041,2025-01-27,4,mid,3,46.26377806942391,0,0,3,0,1,3.0918741557309053,0.0,4.9712217370128995,0.2731165408632873,0.3448892062789355,0.6794106124311277,0.8447503728523695,0.0,0.5831154757159667,0.010033448928329691,low,0
S0041,2025-01-28,4,mid,5,34.57730913677376,0,1,3,0,1,5.252445070318791,0.0,10.349610329194405,0.813145237644572,0.21035702189561234,0.4284924895015484,-0.6570680071974122,0.0,0.6652044785112938,0.8049798424765929,low,0
S0041,2025-01-29,5,mid,5,67.52988573762508,0,1,1,0,1,5.863392333875546,0.0,10.088435759005188,0.8630124403327066,0.24704510149038317,0.2329846540070194,-0.12870376933127958,0.0,0.9746475929889423,0.15245380592276725,low,0
S0041,2025-01-30,5,mid,4,38.14668829551687,0,2,1,1,0,6.583323033074664,0.0,8.292112565776806,0.28597954684599536,0.04321342190259592,0.5514785654566867,0.6719471054016206,0.0,0.6904692696650353,0.9892922317125694,low,0
S0041,2025-01-31,5,mid,3,35.91912435292915,0,1,4,1,1,6.0684466119135125,0.0,6.172727289751461,0.5636143141213322,0.3916460457948103,0.9546353836656881,-0.2871992287699874,0.0,0.09368044268622844,0.9625429837941306,low,0
S0041,2025-02-01,5,mid,3,57.622242120021326,0,0,2,1,0,3.762689230827074,0.0,5.363460202230909,0.2794132828355924,0.3520929796212061,0.12587541764702603,-0.9983059652771586,0.0,0.49162438449537726,0.48914212706032534,low,0
S0041,2025-02-02,5,mid,4,41.94462031663262,0,0,1,0,1,3.0461725215882938,0.0,7.214151858146478,0.22958862880624598,0.9525739900083326,0.26346136367058925,-0.030070620797278957,0.0,0.7351739706438212,0.3191335635353062,low,0
S0041,2025-02-03,5,mid,4,41.144683000394814,0,1,5,0,1,3.3457254889149617,0.0,13.323961506104135,0.8456531403160824,0.4372731658894269,0.4492657340612043,0.5437611622729701,0.0,0.49616969947707945,0.26664461794089545,low,0
S0041,2025-02-04,5,mid,5,58.24116551363001,0,1,1,0,1,3.545103777538065,0.0,7.424214316441042,0.7558579652809312,0.7169060462570639,0.07256265144008978,-0.49608200343766473,0.0,0.8176857218668017,0.9495830444495219,low,0
S0041,2025-02-05,6,mid,4,37.028725983863744,0,1,3,0,1,9.161768096046984,0.0,9.15529591584332,0.16865019234702538,0.901768926659841,0.7541087011504333,-0.8371364645336621,0.0,0.9131981082458669,0.40436968010945695,low,0
S0041,2025-02-06,6,mid,5,42.53331260867104,0,1,2,1,0,3.7475607699824076,0.0,12.038828375311704,0.6556733818151317,0.7602440377752303,0.11978657217240207,-0.7173910694027219,0.0,0.36390063284616847,0.3016699225227213,low,0
S0041,2025-02-07,6,mid,4,56.63424581850198,0,1,3,1,0,5.565967341127839,0.0,11.18166236633353,0.8815686107022253,0.5651469778341338,0.2213766783210276,-0.9363852997696402,0.0,0.9402741763245176,0.47522774411928037,low,0
S0041,2025-02-08,6,mid,4,51.61603108214686,0,1,1,0,0,3.0022994571439114,0.0,7.877454558451017,0.8046577010675906,0.0392736997745784,0.28452581707876523,-0.4744950761221838,0.0,0.2629726144832014,0.011495759152212903,low,0
S0041,2025-02-09,6,mid,2,23.705993688750166,0,1,4,1,1,4.176283697703269,0.0,8.064849498628659,0.8851560571660952,0.4708621282009978,0.59094130171508,0.7673310293328641,0.0,0.40400901738334205,0.4818101539252583,low,0
S0041,2025-02-10,6,mid,4,51.70078462613796,0,0,5,1,1,3.3894154191050783,0.0,10.296236213813094,0.07328981158700254,0.40275569473607553,0.7328535148926061,-0.0053119303717930055,0.0,0.6273623041683446,0.8433190649535175,low,0
S0041,2025-02-11,6,mid,3,43.72846641406674,0,5,1,1,0,7.908843889188474,0.0,10.101657723145225,0.5137742961541396,0.36890913096920064,0.36084185838916205,-0.2917822755242354,0.0,0.47289798049971754,0.11012417067799174,low,0
S0041,2025-02-12,7,mid,2,57.70431748811018,0,1,2,1,0,2.7496565301753844,0.0,14.937253291923135,0.8278238850419037,0.6629052715368992,0.34716008526560727,0.5688680946864417,0.0,0.3030903143698326,0.06278660723658891,low,0
S0041,2025-02-13,7,mid,4,55.89504843429427,0,2,2,0,1,7.002197734004754,0.0,8.935655773343885,0.4623926117020374,0.9263191312514605,0.7933846149873984,0.7230068271597061,0.0,0.1341481345210611,0.1487865449786675,low,0
S0041,2025-02-14,7,mid,4,33.2156265842369,0,1,1,1,1,4.038073173418423,0.0,6.014685257337177,0.8130107739176442,0.244113641240579,0.5820673119912659,0.11515612056592639,0.0,0.8179240829041657,0.3939994055328485,low,0
S0041,2025-02-15,7,mid,4,42.62645920462377,0,2,3,0,1,5.763498293000243,0.0,15.131115820382274,0.8211181630356711,0.9800390179297965,0.009017644483137022,0.8490412340987046,0.0,0.4134472541837343,0.4079491643392069,low,0
S0041,2025-02-16,7,mid,4,47.6609757947613,0,0,3,1,1,4.729281573089913,0.0,7.781721300732345,0.7086984314004072,0.3045564158461538,0.4826455724179819,-0.6146500636199157,0.0,0.429148520871252,0.35894223142513093,low,0
S0041,2025-02-17,7,mid,2,20.50088356225356,0,0,5,1,1,3.027099128910959,0.0,7.453853851086687,0.7126950349713818,0.8312286824987098,0.11473730126132331,-0.751801179972923,0.0,0.6394034348459455,0.14429897424195037,high,1
S0041,2025-02-18,7,mid,4,50.12343454160263,0,2,5,1,0,6.071934126603944,0.0,11.205002591459767,0.529443418326181,0.8501124116067988,0.9238434150323738,0.06645773143738731,0.0,0.5241152204091172,0.5058569820930859,low,0
S0041,2025-02-19,8,mid,5,45.26145688733412,0,0,1,1,0,4.0199269378096405,0.0,12.125154778888831,0.5597760636781146,0.0017948354600553218,0.9398431059218522,0.8965930484201483,0.0,0.7104166851470645,0.42323983185658176,low,0
S0041,2025-02-20,8,mid,3,31.71183251427164,0,2,1,0,0,4.627822966208381,0.0,13.319021929601572,0.002413831340989603,0.7319420077000686,0.8778433846451944,-0.03127832196145719,0.0,0.45474786915510546,0.8054484255309857,low,0
S0041,2025-02-21,8,mid,5,27.819209076346727,0,2,2,0,0,2.4047335595323895,0.0,13.526444814087846,0.6048439955931381,0.02736333923756462,0.45586169742578,0.45465478257099146,0.0,0.036207106383824295,0.6032334666457253,low,0
S0041,2025-02-22,8,mid,2,48.62343008816692,0,1,3,1,1,7.459315731193568,0.0,8.74671091129933,0.3859429939896616,0.9267365267617482,0.1525211280478448,-0.3267253875334559,0.0,0.42574256214931316,0.6869620862699648,low,0
S0041,2025-02-23,8,mid,3,25.944417911121775,0,2,5,1,0,1.5780095548059792,0.0,11.578129658019478,0.498707805842979,0.8508696087241842,0.5836191743982556,0.7914438134683215,0.0,0.8954360092819813,0.37335962004633805,low,0
S0041,2025-02-24,8,mid,5,39.4215885778211,0,0,2,0,1,4.939778861876461,0.0,8.207378610173123,0.29140806303582245,0.47478717317686536,0.9169177981953562,0.9667723143111884,0.0,0.9049243904335771,0.19711744202024506,low,0
S0041,2025-02-25,8,mid,4,49.98252327511577,0,4,5,1,1,3.5641111211392564,0.0,9.064869780593527,0.31326605452453216,0.5184957817603982,0.38609125311569503,0.5766062152573288,0.0,0.6110356543766899,0.4349045563479289,low,0
S0041,2025-02-26,9,mid,4,55.865361327425475,0,1,1,1,0,7.082202901768175,0.0,7.980914091706074,0.36056126538904687,0.49242671908850977,0.5334541678426853,-0.45915265342338385,0.0,0.3226957967803069,0.7799975688207331,low,0
S0041,2025-02-27,9,mid,5,57.861570229709564,0,3,3,0,1,6.067637339075907,0.0,11.902610528727648,0.23213817615273624,0.6257198093888536,0.6801882151580926,-0.19039310916617302,0.0,0.06833175735224095,0.37140483873913543,low,0
S0041,2025-02-28,9,mid,5,34.70643605019433,0,1,4,1,1,6.478461247341455,0.0,16.049871104976173,0.6292161763397947,0.8676874489080886,0.9218289466394581,-0.8164011354039244,0.0,0.011752573556567003,0.5189158141752912,low,0
S0041,2025-03-01,9,mid,2,22.857958566961877,0,2,3,1,1,4.245935872066705,0.0,8.758919693570347,0.8184176587855336,0.35554991319924756,0.5932714472329357,0.7104438240029614,0.0,0.6831598397545032,0.06541539397349905,low,0
S0041,2025-03-02,9,mid,3,44.07673092681967,0,1,2,0,1,5.056980593754656,0.0,11.496262986842956,0.3324181798565242,0.18495071664660223,0.16217469537056706,-0.5241321210601029,0.0,0.47620651672894954,0.7428981385211336,low,0
S0041,2025-03-03,9,mid,5,40.13320189345688,0,1,2,0,0,5.710637460903104,0.0,6.6653404816412705,0.44528066373024067,0.6900822405724726,0.2914370586019096,0.6432504001034101,0.0,0.3888842883342716,0.7966479738854425,low,0
S0041,2025-03-04,9,mid,3,42.58021751489694,0,0,4,1,0,0.4570104696737518,0.0,9.93654108036234,0.45411753746390315,0.5469973464456027,0.1283478415365371,-0.6390491706520058,0.0,0.8325109943556779,0.4597679424697976,low,0
S0041,2025-03-05,10,mid,3,25.537468069993643,0,0,2,1,1,4.233326892739231,0.0,3.3899701345908397,0.14970467282153932,0.1564683323230318,0.38394301963262945,-0.24228473460920652,0.0,0.8833323435247868,0.03345138073881737,low,0
S0041,2025-03-06,10,mid,5,48.40992445667224,0,1,1,1,1,3.238247193097645,0.0,11.868516047505924,0.6986838722205663,0.8624127820514135,0.8103489033433532,0.5093707389770756,0.0,0.38715697377678504,0.7669642262037331,low,0
S0041,2025-03-07,10,mid,1,40.91079855566393,0,1,5,0,1,7.604721769803998,0.0,5.306131461153957,0.5120275356113725,0.6351170228302669,0.6618572785184771,-0.7532379365743243,0.0,0.3148849639735294,0.7487009907882679,low,0
S0041,2025-03-08,10,mid,3,47.49130051482235,0,0,1,1,0,3.9268513189984593,0.0,10.643091691734135,0.607055186587719,0.0121881318396182,0.6611264051696933,0.4624230980131101,0.0,0.49724361960449237,0.003806644401018633,low,0
S0041,2025-03-09,10,mid,5,50.28494154401209,0,2,1,1,1,7.4551774594789855,0.0,6.642198090653704,0.6455828824094201,0.5994602399989143,0.18294540331642273,-0.4075565504825911,0.0,0.991382771765735,0.43310917406161953,low,0
S0041,2025-03-10,10,mid,3,33.132651776224336,0,0,5,0,1,6.415902674162495,0.0,6.902688570121599,0.966610201023334,0.8928109138035377,0.9852766870708909,0.38225398942579814,0.0,0.03447823831385888,0.5540698308993449,low,0
S0041,2025-03-11,10,mid,3,47.914233309154866,0,2,4,1,0,5.565047926422175,0.0,10.365553727629006,0.20350484273185077,0.8576082056905198,0.5834460820651866,0.8660987937776445,0.0,0.6606099787114348,0.7415333086584474,low,0
S0041,2025-03-12,11,mid,3,33.25409633248218,0,0,2,0,0,4.12887312489452,0.0,3.632610869783896,0.4408696278606917,0.029279826680144283,0.7740092249801654,0.692771988336893,0.0,0.5309432396793292,0.17295108286843863,low,0
S0041,2025-03-13,11,mid,3,41.39778731099811,0,0,1,0,0,4.382757823298185,0.0,8.53153360608821,0.9495014162300962,0.5092656901392741,0.5156342963206682,0.05128972760313677,0.0,0.1116168143680969,0.970313658660648,low,0
S0041,2025-03-14,11,mid,4,39.875549930238755,0,0,2,0,1,1.9794918334994036,0.0,11.269114704020843,0.48321492348070927,0.7730620649167913,0.23039094141630334,0.9260413255437279,0.0,0.20286324857126614,0.014207007278790651,low,0
S0041,2025-03-15,11,mid,3,40.33121433329613,0,0,4,1,1,8.522451548918367,0.0,14.466367889403472,0.05474897248361621,0.14452906406482424,0.19852875637934486,-0.8593438629699597,0.0,0.12476198929931304,0.23965138898562255,low,0
S0041,2025-03-16,11,mid,5,38.956276492926804,0,0,3,0,1,5.2826438924846,0.0,11.786910513395458,0.18100674155956464,0.7702664598926326,0.6508331397951246,0.8672093123969635,0.0,0.2721339794395259,0.9700366575660903,low,0
S0041,2025-03-17,11,mid,4,45.581176125791046,0,2,4,0,1,2.4471831544575307,0.0,11.079762800477985,0.49795355271918373,0.6856253676896876,0.34587605669202415,0.38288440607611807,0.0,0.3896540403718406,0.46946340237177453,low,0
S0041,2025-03-18,11,mid,4,36.063752808304415,0,0,4,0,0,6.3435541960097,0.0,15.292626829869526,0.7715522228345648,0.13226331000271485,0.8715800404005799,-0.3567382133379451,0.0,0.00854719582290464,0.6566769051352385,low,0
S0041,2025-03-19,12,mid,3,54.328516790120574,0,1,1,0,1,2.8052880626225494,0.0,9.260023639841853,0.5050743527345831,0.9047546821693192,0.6058193407409178,-0.5752848246804647,0.0,0.553208220464386,0.32686538194211556,low,0
S0041,2025-03-20,12,mid,3,63.99078806373559,0,1,2,0,0,6.101560183683576,0.0,11.587891990208183,0.47742130798545657,0.8580607767683818,0.4684249583396769,0.35004274874802954,0.0,0.033361831061546665,0.13799938686170243,low,0
S0041,2025-03-21,12,mid,3,53.43366067296975,0,0,1,0,0,5.21142503906679,0.0,9.501425479716733,0.6172224295097185,0.8553318528566709,0.5354969100489608,-0.17135032803292072,0.0,0.3713404577232706,0.004418926245998822,low,0
S0041,2025-03-22,12,mid,2,44.88279666387205,0,0,4,0,1,3.033360430595562,0.0,9.830398015510216,0.6463414393868622,0.11211986548786845,0.3269647330798403,0.6823657159706618,0.0,0.14991861168495202,0.8401700620654898,low,0
S0041,2025-03-23,12,mid,3,48.54772943654531,0,0,4,0,1,7.579464086474766,0.0,12.815033602128121,0.3615834715525056,0.001435313248689618,0.528900393918101,0.18903549102478912,0.0,0.6876545373477442,0.23131306458399636,low,0
S0041,2025-03-24,12,mid,4,41.29276636707516,0,2,4,1,0,6.919460825836534,0.0,7.366369937557675,0.5396534652651104,0.9492368129359128,0.38918001104461486,-0.9933542214316557,0.0,0.019745639469550214,0.5648544560408182,low,0
S0041,2025-03-25,12,mid,4,51.70917809437924,0,1,4,1,0,5.995750397861415,0.0,6.863281157695232,0.7901931973247454,0.9336045201984442,0.8717974915913189,0.35316247168229853,0.0,0.7111603594067278,0.34303628437233946,low,0
S0041,2025-03-26,13,mid,3,48.83488471852988,0,1,4,0,1,3.2665796880473232,0.0,7.696297825189571,0.23991965275395455,0.029497675339813068,0.6910762613606479,0.9716961743261867,0.0,0.3090321415512228,0.9298333617284478,low,0
S0041,2025-03-27,13,mid,2,50.24756703553585,0,0,3,0,0,2.5637814120863194,0.0,9.614761931609866,0.9888238397034503,0.7730124953049708,0.8508545545430737,0.958140916850077,0.0,0.6747687049132979,0.26659818345375086,low,0
S0041,2025-03-28,13,mid,4,59.897662322164116,0,0,4,0,0,7.151572162211304,0.0,11.023357372348727,0.8370344447338819,0.16715140814781837,0.6547376429670347,0.20455826363077256,0.0,0.28198451084299014,0.39145398099303974,low,0
S0041,2025-03-29,13,mid,4,27.046044155232522,0,3,4,0,0,3.6413412491539145,0.0,12.969417780798512,0.08895588803755727,0.7189586695870633,0.8023965342532282,0.15615482435480987,0.0,0.9156116327105073,0.8494426590508677,low,0
S0041,2025-03-30,13,mid,5,48.69039982126704,0,0,4,1,0,4.529285790279618,0.0,12.863110891862949,0.8933588261333548,0.8949257271374506,0.4612530249150194,0.8937710038722304,0.0,0.9768571255832856,0.2172127389736962,low,0
S0041,2025-03-31,13,mid,3,39.984907681670514,0,1,2,1,0,5.5408780845407986,0.0,8.783237344686315,0.41171082991377994,0.9944416921710014,0.2997361362716442,-0.058801693313852654,0.0,0.3411777995410832,0.586192679254238,low,0
S0042,2025-01-01,1,mid,7,45.24532145596216,0,2,2,1,0,3.5905089981166225,0.0,8.43461223241713,0.8048378304777674,0.18857519208358797,0.44268220795238467,0.9089622210964121,0.0,0.6127048336696321,0.49772345275561736,low,0
S0042,2025-01-02,1,mid,6,22.747927310423606,0,3,5,1,0,6.959000891546868,0.0,13.500473576680157,0.5028089022526215,0.43498614261164337,0.7959645594738125,0.6532152251046379,0.0,0.06110121078715436,0.8594203927769958,low,0
S0042,2025-01-03,1,mid,5,61.05991552767354,0,2,1,0,1,8.84017884085292,0.0,11.862569768898659,0.16306065747870713,0.08734367620943084,0.8201502749671149,0.14665245421085737,0.0,0.12250149033526614,0.41631802714486943,low,0
S0042,2025-01-04,1,mid,6,41.21831741742022,0,1,3,1,0,5.5843795998329435,0.0,12.576539415692675,0.9351487270955677,0.4240335362783739,0.09929279378025879,0.289726661345566,0.0,0.7745894077287548,0.6914342059309367,low,0
S0042,2025-01-05,1,mid,4,27.5832070415183,0,3,3,1,1,3.3397305327366857,0.0,12.426694041048808,0.4426117108340628,0.4254333140290475,0.09794776759251,0.7717003613553319,0.0,0.3814560499750199,0.49425961110409466,low,0
S0042,2025-01-06,1,mid,5,40.286362584789075,0,1,2,1,0,4.577695714991446,0.0,9.314160965446078,0.6989928108983887,0.1795072383667936,0.6923350786347157,-0.2967809693889498,0.0,0.7747785435800575,0.15905428251410636,low,0
S0042,2025-01-07,1,mid,6,50.15217749037074,0,3,4,0,0,2.7592068846619924,0.0,11.950969252086562,0.805707538207898,0.5588348196830281,0.7883174994443841,0.25293009975598535,0.0,0.4628738492309139,0.7285111648398218,low,0
S0042,2025-01-08,2,mid,5,56.06007230445238,0,0,5,1,1,7.05742737326206,0.0,10.725462382562945,0.21719044704193335,0.762232074744488,0.8349435107418249,0.6643382798026525,0.0,0.7847113786995289,0.30419562973271086,low,0
S0042,2025-01-09,2,mid,4,47.077070365952586,0,0,4,0,1,2.699109942275359,0.0,15.86866823401188,0.3228831157405989,0.4827746725940608,0.481294500016187,0.2787409007805337,0.0,0.5592183749918034,0.6312744346474713,low,0
S0042,2025-01-10,2,mid,6,26.640319344312676,0,0,4,1,0,4.842761204529019,0.0,8.685479579761594,0.28202506489691026,0.29210845061229873,0.9819419427951475,-0.6117531941899577,0.0,0.45842705051941535,0.9863681712390052,low,0
S0042,2025-01-11,2,mid,6,42.57936557305283,0,1,2,0,0,6.695093977780374,0.0,7.9685769364074215,0.04979944313212703,0.5480633765543927,0.35734913916878697,-0.14612800323258401,0.0,0.4728543380742576,0.502712760199264,low,0
S0042,2025-01-12,2,mid,7,55.320160935408765,0,3,1,1,0,5.087860139237716,0.0,7.326904503488196,0.6895798940223444,0.07272224838183383,0.9147577165248243,-0.7446246947678357,0.0,0.08819578504468362,0.12344318184314484,low,0
S0042,2025-01-13,2,mid,7,22.029269327143687,0,0,1,0,1,5.227400366765054,0.0,12.091129071567035,0.10918696899440561,0.8216999537743888,0.8177821653963037,-0.7700296113129692,0.0,0.548118151615561,0.4870856354523244,low,0
S0042,2025-01-14,2,mid,5,52.29244450468336,0,1,5,1,0,6.7259052197074345,0.0,10.0717436464577,0.38038350118582687,0.5974463448489815,0.8457057358165111,0.195173556538508,0.0,0.2977958431190608,0.5583221693872055,low,0
S0042,2025-01-15,3,mid,6,44.59451646212177,0,0,2,0,0,2.3914126633233987,0.0,15.887422479492454,0.9104438041028516,0.5393404310680047,0.827333498155681,0.3442830753614172,0.0,0.44705902209652404,0.33771132504195256,low,0
S0042,2025-01-16,3,mid,6,45.521580255313474,0,1,5,1,1,7.685610030216449,0.0,14.45324260099568,0.1439449684852615,0.9194596622983375,0.5545415430711388,0.4015226026100538,0.0,0.38707876314205747,0.12229147760350068,low,0
S0042,2025-01-17,3,mid,6,46.52048025593768,0,1,4,0,1,5.076773557431661,0.0,14.276151445301139,0.4753211046537892,0.9374845661876614,0.7219646380655572,-0.08131777878213375,0.0,0.332582446511565,0.09312749311787327,low,0
S0042,2025-01-18,3,mid,5,48.97803389765843,0,1,2,0,0,2.374282783095911,0.0,9.436646777142784,0.9820274120561833,0.7913541552525123,0.5785130611603787,0.40421418579137636,0.0,0.15502345644708537,0.9622251950668718,low,0
S0042,2025-01-19,3,mid,7,55.133464050919926,0,1,1,1,0,9.295552160462819,0.0,9.080627560128606,0.24581111338802064,0.38435028102224245,0.21744470120560622,0.055235183902466733,0.0,0.31867934433923195,0.35154733584602604,low,0
S0042,2025-01-20,3,mid,7,43.38611511317567,0,3,2,1,1,3.233740082809945,0.0,10.047697885009466,0.572338368198857,0.15538095802456375,0.8162553138345308,0.8692436212559491,0.0,0.4781076541057344,0.44052717754956916,low,0
S0042,2025-01-21,3,mid,5,44.80339396307441,0,0,1,0,0,4.882571696615771,0.0,10.122746225453799,0.22073107130922442,0.9131352111075521,0.22942429722679447,-0.30457193536582694,0.0,0.050476894557177854,0.6280930046150305,low,0
S0042,2025-01-22,4,mid,6,45.719826803978556,0,2,4,0,1,3.12665783202906,0.0,9.829603394689402,0.7909068645938644,0.37706378898371307,0.24453958619671612,-0.36346537769340137,0.0,0.611869799000739,0.7751050805803632,low,0
S0042,2025-01-23,4,mid,6,33.865736334484744,0,1,4,0,0,4.344924665314964,0.0,9.423379222373066,0.9455331351715159,0.42393565336590255,0.3152694048782926,-0.6658250729380599,0.0,0.15581790744045354,0.6139316860429521,low,0
S0042,2025-01-24,4,mid,6,39.543224364308955,0,3,1,1,1,0.0,0.0,17.343893136805857,0.9287241832957933,0.24360308392285668,0.6528846487293215,0.9405765008091034,0.0,0.21998717051707684,0.4624117871525255,low,0
S0042,2025-01-25,4,mid,4,62.14625830653915,0,1,1,0,1,2.479795054179996,0.0,7.576744195203307,0.35533376948372974,0.9079509930496406,0.34267534878105854,0.7988647352523868,0.0,0.20501966978016362,0.6721807886807267,low,0
S0042,2025-01-26,4,mid,5,48.10372841909149,0,1,3,0,1,6.738995750853283,0.0,8.244153692932718,0.6784446398447578,0.26319183066403706,0.31840728024466736,-0.02274866699322975,0.0,0.791643336534515,0.8722222692052979,low,0
S0042,2025-01-27,4,mid,7,53.39362065161156,0,0,5,0,1,4.9196720785754735,0.0,10.78919613692658,0.503674622720924,0.5586295708601327,0.23416538928160635,-0.2626432935455931,0.0,0.4344662885463192,0.019323405222256618,low,0
S0042,2025-01-28,4,mid,6,45.163044939465216,0,5,5,0,1,4.595910286122214,0.0,8.379040134974225,0.7278585038662536,0.24435289277058736,0.39228626247153764,-0.21225067711276124,0.0,0.590306550342294,0.8929190071650376,low,0
S0042,2025-01-29,5,mid,6,47.07060584029735,0,1,5,0,1,4.872817614706919,0.0,15.178953829873874,0.9964584262520463,0.048997303446906004,0.4432156217674187,-0.20595131218883567,0.0,0.770303956946872,0.19082535640741527,low,0
S0042,2025-01-30,5,mid,7,39.09180787969391,0,1,2,0,1,6.737125681382137,0.0,11.018220039793535,0.7329988864498437,0.14040756444974722,0.6195380417646209,-0.9109231335456596,0.0,0.3873708622928873,0.4119377067217761,low,0
S0042,2025-01-31,5,mid,5,48.181415619717164,0,1,5,1,1,0.8152402710502864,0.0,7.938971918743019,0.820512070515735,0.8826804133299638,0.20604098968444773,-0.7580040465539593,0.0,0.8393056086502263,0.5014958162540157,low,0
S0042,2025-02-01,5,mid,5,43.5945031637175,0,1,2,1,0,2.6421841268126145,0.0,11.045418107460957,0.6514531632314589,0.18888788034571247,0.02073987801485666,-0.7021351757443959,0.0,0.586994969182401,0.6353095260315762,low,0
S0042,2025-02-02,5,mid,6,51.24215074537152,0,0,4,1,1,3.923596073950854,0.0,9.638922255711327,0.2912923027265041,0.8606532260646512,0.796042333414664,0.2860236079384284,0.0,0.08554351419413952,0.8827908191395487,low,0
S0042,2025-02-03,5,mid,5,77.22928442485552,0,1,1,0,1,7.811513718077114,0.0,9.695574293008365,0.39348660392675683,0.619895839778975,0.675445895874347,0.42414927104218325,0.0,0.6055308534977871,0.5540879995217416,low,0
S0042,2025-02-04,5,mid,3,24.237253874518263,0,0,5,1,0,3.166058463632442,0.0,5.456689537446345,0.44041042362204597,0.3459436282742695,0.6539117041804259,-0.9743431382567433,0.0,0.8801680559214993,0.30064909355261926,low,0
S0042,2025-02-05,6,mid,5,55.6398722851157,0,2,3,0,0,0.0,0.0,4.060204831082933,0.3052032703377143,0.31019051160796196,0.5481516082720349,-0.9354587640213043,0.0,0.9336643819747221,0.6499793229697816,low,0
S0042,2025-02-06,6,mid,5,44.0996357847565,0,1,1,0,1,1.9245097635989405,0.0,11.288670987524762,0.8225520600574351,0.08679943634940179,0.37252543209033384,-0.2402081005659098,0.0,0.6369244412445375,0.17820979843311713,low,0
S0042,2025-02-07,6,mid,8,32.279472929199,0,2,2,0,1,3.3448660260247003,0.0,12.503308816935142,0.8329158686041029,0.09660746528338637,0.4371208606300243,0.19214076930398716,0.0,0.8525017687397557,0.8567266320043828,low,0
S0042,2025-02-08,6,mid,7,57.223455509168176,0,1,3,1,1,3.15116900166605,0.0,13.698365210639253,0.25143196316440497,0.9796708469272624,0.5657102377839001,0.5249952425098883,0.0,0.7130549596918908,0.7555259946501128,low,0
S0042,2025-02-09,6,mid,6,54.2671835790122,0,4,2,1,0,4.6608480512424,0.0,4.720462716233811,0.82161536953545,0.11830467408788492,0.31736500630877373,-0.6814279595648081,0.0,0.06255611602740674,0.9607533806305084,low,0
S0042,2025-02-10,6,mid,6,53.76709626892928,0,1,5,0,1,6.5923659287935195,0.0,6.205415909744177,0.16394334979743908,0.46480711963317956,0.6466404474267973,-0.7393938658599146,0.0,0.25698013733773784,0.9673660579043314,low,0
S0042,2025-02-11,6,mid,6,55.4772253607416,0,1,5,1,0,4.601641555605732,0.0,8.346202346322398,0.9955381312496105,0.3898100336811364,0.6634299891317943,-0.7986448784996796,0.0,0.31092400098215356,0.8820538537900645,low,0
S0042,2025-02-12,7,mid,7,45.42489050426817,0,0,3,0,1,3.8220120253564027,0.0,8.021331532742206,0.6667427695365171,0.5223298381721884,0.5989913826294786,-0.9589427640364263,0.0,0.39097320907040223,0.310148466085014,low,0
S0042,2025-02-13,7,mid,6,49.78861530923067,0,1,5,0,0,5.550613230311199,0.0,12.541530236613026,0.5242795390921715,0.8012211717701945,0.30678963937491166,0.515862063915902,0.0,0.5061029294340943,0.12365087097021121,low,0
S0042,2025-02-14,7,mid,6,57.59901473135468,0,0,4,1,1,3.1336579019682187,0.0,8.877868560934575,0.6303152381667957,0.7489224227793437,0.9231026529824208,-0.9939722868562537,0.0,0.06666041121398913,0.8994056619763349,low,0
S0042,2025-02-15,7,mid,6,46.21293987774342,0,1,3,0,1,7.980932290462915,0.0,9.642261574075258,0.7833067738213634,0.935958727055864,0.13782032818493806,0.04265985033869968,0.0,0.7858609257173637,0.43484142518771884,low,0
S0042,2025-02-16,7,mid,7,49.5889706458001,0,1,5,1,1,6.312176049363137,0.0,12.39428341679776,0.39331595313090395,0.5831906535030135,0.12398678269041685,-0.3609623267522388,0.0,0.4355269602543046,0.04353924277218957,low,0
S0042,2025-02-17,7,mid,6,51.56501179840966,0,0,5,0,1,5.433868628296084,0.0,12.118511526151288,0.025515637799250257,0.38149207189500645,0.6990479760561127,-0.0497562111610117,0.0,0.4193978698215808,0.6715456308958614,low,0
S0042,2025-02-18,7,mid,6,42.38008830463543,0,1,3,1,1,5.1492858763401905,0.0,13.517770765298984,0.5662386906179615,0.25842796595136397,0.5591585328687201,0.5850797895663284,0.0,0.3049315170009891,0.11329517024004798,low,0
S0042,2025-02-19,8,mid,7,56.241094973730995,0,0,1,1,0,3.7806309202467827,0.0,6.511242654106015,0.20704658927937936,0.6619911972920222,0.782516314068156,0.7212816692831621,0.0,0.3109982179441636,0.5245533915315163,low,0
S0042,2025-02-20,8,mid,7,59.65753840002073,0,2,3,1,1,0.0,0.0,7.497773311362882,0.45544012507759424,0.3720260134313603,0.5910675125809927,-0.3533489146892481,0.0,0.6368154005908988,0.20263711551880692,low,0
S0042,2025-02-21,8,mid,6,52.01508773690185,0,1,5,0,0,7.083064505772086,0.0,8.27963239961258,0.28966364802583877,0.9012174528544155,0.3349842057464142,-0.6117836071149916,0.0,0.5399399091353704,0.38638728624956487,low,0
S0042,2025-02-22,8,mid,6,47.36819389713526,0,1,3,0,1,4.868695591391024,0.0,5.401007724180062,0.21641129855032548,0.5094645302076236,0.03078121880860618,-0.2360816462966151,0.0,0.3722100728884685,0.29163062185182476,low,0
S0042,2025-02-23,8,mid,7,41.763431434098855,0,1,4,0,1,5.762957278368878,0.0,6.579026428726733,0.0980178325401504,0.293878891484604,0.5972702621240037,-0.8372704970027527,0.0,0.8888620604615741,0.8289886505348362,low,0
S0042,2025-02-24,8,mid,4,12.537672135118662,0,1,5,1,0,4.098354765525831,0.0,7.578436444174859,0.8279499283573073,0.7843546819941081,0.654816710227564,-0.34289651411094857,0.0,0.11777691840641469,0.9835465447972254,low,0
S0042,2025-02-25,8,mid,6,40.280987408309656,0,2,5,0,0,3.350843609727452,0.0,6.756763400261306,0.8115315405311417,0.7607132104066978,0.3961438521355196,-0.6853155674427096,0.0,0.38603215258137435,0.8101463223989502,low,0
S0042,2025-02-26,9,mid,4,43.75533577972392,0,0,1,1,0,3.2729782017148343,0.0,12.869182986177009,0.8774530309594293,0.6173492893760915,0.3936637598143454,0.22011510864924766,0.0,0.29517397303243287,0.14132387903777854,low,0
S0042,2025-02-27,9,mid,6,50.05897607799059,0,0,5,1,0,7.5421074853663965,0.0,6.991107536873958,0.47297422025416513,0.15219714256388017,0.20092977449752047,-0.9479409553499221,0.0,0.331970367748035,0.7279894951119318,low,0
S0042,2025-02-28,9,mid,4,40.01590948178353,0,2,4,1,1,8.963613137134647,0.0,7.991716478157998,0.1844207396235349,0.21763885195993615,0.17289685906545327,0.6131167316104369,0.0,0.13717989065852854,0.07340511452408605,low,0
S0042,2025-03-01,9,mid,5,46.02566545220585,0,0,4,1,0,7.908007364945517,0.0,9.945880901931492,0.9716627860141356,0.7092912258284797,0.9567199846105534,-0.49271080565115466,0.0,0.3002754818350114,0.397240133063981,low,0
S0042,2025-03-02,9,mid,6,44.15664741607604,0,2,2,1,0,1.5879441400917824,0.0,10.07181084951706,0.1682372188011747,0.7226254557338634,0.8132317048671557,-0.47739023459372043,0.0,0.42492251952259574,0.7134941724659257,low,0
S0042,2025-03-03,9,mid,6,44.6270839126148,0,0,2,0,0,6.237648582501511,0.0,14.605514481859288,0.7163190541153374,0.5974838290373553,0.05119859064796073,-0.308953718684416,0.0,0.3164175187784467,0.7139732080723811,low,0
S0042,2025-03-04,9,mid,7,58.01907380846748,0,2,5,1,1,2.597086045360405,0.0,10.714131445821343,0.7553968029841571,0.2846370872215849,0.2688180214309932,0.5396036650367764,0.0,0.8420075177915768,0.343336326159712,low,0
S0042,2025-03-05,10,mid,7,45.11106159154387,0,2,1,1,0,5.212019702306152,0.0,10.7082494289566,0.37555260523343004,0.38961234983268067,0.09048408166687316,-0.08615366586097539,0.0,0.6730239469407511,0.9525545404455724,low,0
S0042,2025-03-06,10,mid,7,57.99964104173994,0,2,1,1,0,3.692426872574634,0.0,12.5194768939418,0.43904402604948356,0.17278920456672842,0.3273952695162554,0.5177060057337808,0.0,0.4282812746404877,0.44727084376306603,low,0
S0042,2025-03-07,10,mid,6,52.33615611789444,0,0,1,1,1,5.23521373240835,0.0,6.432100132908192,0.8157923457391487,0.3635217055806583,0.4339812647809611,-0.053456144099820246,0.0,0.017576407981087727,0.1770409913894191,low,0
S0042,2025-03-08,10,mid,4,45.07452568871458,0,1,1,1,1,7.727008039395082,0.0,12.792469179272768,0.7566960065202346,0.6129634217067987,0.47090146949574885,0.9693393885187622,0.0,0.7276574100690406,0.845848761556485,low,0
S0042,2025-03-09,10,mid,6,43.68063669226829,0,2,3,1,1,9.429890787486917,0.0,12.373928673306388,0.7688795336424522,0.968285721018819,0.701919722938973,0.08979366386597576,0.0,0.4144253023165335,0.7381929642048639,low,0
S0042,2025-03-10,10,mid,5,51.944451463053525,0,1,5,0,1,5.866594244427461,0.0,8.579831050784737,0.7861556185100005,0.7258206850925089,0.11905076493791866,0.9750891749842787,0.0,0.942610603440034,0.370091482135417,low,0
S0042,2025-03-11,10,mid,6,46.87820135282949,0,1,5,0,1,7.4786235571596755,0.0,13.715986045247647,0.29686963960140467,0.6503822495895824,0.8329760571129868,0.6270050223551056,0.0,0.9197250262953908,0.1486781149057489,low,0
S0042,2025-03-12,11,mid,6,36.28644045787302,0,2,4,1,1,4.256772412665394,0.0,9.332040246127262,0.14853937906492998,0.20337398736732082,0.5306918086862317,-0.6882828375110468,0.0,0.6046821706532753,0.2906602970932185,low,0
S0042,2025-03-13,11,mid,5,58.218489098558365,0,1,3,0,1,4.848848591347518,0.0,10.008029215774936,0.6988359629245723,0.5134639712630222,0.3170943558487329,-0.9591186031935799,0.0,0.19874623242529832,0.1615939183274021,low,0
S0042,2025-03-14,11,mid,7,49.44690845294767,0,0,5,0,0,7.331863587863869,0.0,16.969245692190377,0.08670003864341602,0.6569447299460957,0.15588905189475266,0.04348271651576341,0.0,0.5926354131556941,0.8418761264911236,low,0
S0042,2025-03-15,11,mid,5,50.212069863064656,0,1,4,1,0,2.963084002181571,0.0,8.816056593148012,0.1621406240384511,0.983597495296082,0.6232227625406103,-0.6514708113558376,0.0,0.26856253801028973,0.3720797690916112,low,0
S0042,2025-03-16,11,mid,6,51.77672870093442,0,1,3,0,1,5.198684401026819,0.0,10.530679553235279,0.6621187626294804,0.8755208773984703,0.5703358938159764,-0.6161284284177411,0.0,0.977166800511253,0.5347440066532343,low,0
S0042,2025-03-17,11,mid,7,37.970339149849515,0,1,1,1,0,2.3705555159243707,0.0,10.64455274760346,0.5724358943893445,0.9865232910203758,0.7538120250529541,0.3690985647403988,0.0,0.20061005709851498,0.5817739411325809,low,0
S0042,2025-03-18,11,mid,5,51.84817950130018,0,0,4,1,1,6.58788256624972,0.0,6.626893836732445,0.9644299883251574,0.2985782643116781,0.09632264849009353,0.26795315344319626,0.0,0.3660991667653586,0.2730576337101296,low,0
S0042,2025-03-19,12,mid,5,44.78992639873363,0,0,5,1,1,3.852090154525901,0.0,12.243574190230662,0.36632460370456543,0.5326550580660641,0.32868050091975554,0.6378595936472775,0.0,0.9275481604150867,0.9857877119252321,low,0
S0042,2025-03-20,12,mid,4,36.22026648383199,0,0,1,1,1,3.4603486059683823,0.0,5.431573797473267,0.10971085957576354,0.8202347666256312,0.6190381653086401,0.12526896452724756,0.0,0.545275606601166,0.28995881071599927,low,0
S0042,2025-03-21,12,mid,4,53.08971287613927,0,2,1,1,0,5.418149503135455,0.0,12.500691530991151,0.5888549556969969,0.8378214680964453,0.6675332513946711,-0.39152148352343796,0.0,0.34951512211682656,0.17305419112463594,low,0
S0042,2025-03-22,12,mid,5,44.091987479816304,0,1,2,0,0,8.604519711873573,0.0,7.341119584265467,0.004968896840287784,0.48903285711315236,0.8065316997516476,-0.8982567010563431,0.0,0.3405468792833777,0.4009183198856964,low,0
S0042,2025-03-23,12,mid,5,55.47650557728115,0,0,2,0,1,3.658881321803106,0.0,12.344264602211195,0.7171463674048554,0.11766088104213868,0.704235167888883,0.8385910651151127,0.0,0.08502626835322535,0.11670280081525009,low,0
S0042,2025-03-24,12,mid,5,45.74892475981114,0,0,1,0,0,5.034681640780302,0.0,7.984005915637992,0.286623541423498,0.1914730871516792,0.6711615394502296,-0.8323009386100291,0.0,0.8670076083764832,0.8998253439270214,low,0
S0042,2025-03-25,12,mid,6,44.01098690765959,0,2,4,0,0,1.1741412063928474,0.0,9.752850347453268,0.08405923794102976,0.7685835846833593,0.828683758708124,-0.5360419972785588,0.0,0.23963811791952871,0.42995772820864,low,0
S0042,2025-03-26,13,mid,5,45.95606921985221,0,0,1,0,0,4.809811075006678,0.0,9.41362415741804,0.5169507626254914,0.8740409764859547,0.2499821659169742,0.5566543130737667,0.0,0.5835690747388903,0.6763694173796942,low,0
S0042,2025-03-27,13,mid,7,46.99413008814289,0,1,5,1,0,3.1759396944736094,0.0,7.390370523855446,0.02558545099346443,0.3991320626762369,0.2544803171054958,0.23683994768357386,0.0,0.5478830620491669,0.9571331994084259,low,0
S0042,2025-03-28,13,mid,5,48.21529346942099,0,0,1,0,1,5.814089528654547,0.0,13.98605806622832,0.9499709132437084,0.1344633099539424,0.7197094988451969,-0.9256936979308275,0.0,0.24655348061427218,0.32085453006611797,low,0
S0042,2025-03-29,13,mid,6,44.28577854497693,0,0,4,0,0,3.7944579145241057,0.0,9.482515353034195,0.5264202800796892,0.10406940102466711,0.006898595491699133,-0.35515174608679967,0.0,0.2338676501872028,0.3620977767140374,low,0
S0042,2025-03-30,13,mid,7,30.479414125155657,0,1,3,1,1,1.9680820407176554,0.0,12.252190227110155,0.4790078626524297,0.8164378486552563,0.03219797594530538,-0.6338220168680964,0.0,0.9565826751228611,0.44509837342925396,low,0
S0042,2025-03-31,13,mid,6,42.7889066950853,0,1,4,0,1,5.61257819006818,0.0,6.237899783222621,0.3207780136701538,0.736565434119525,0.15826247461439225,0.1921063606415676,0.0,8.432211304310044e-06,0.2525637555098975,low,0
S0043,2025-01-01,1,mid,4,29.51500960289531,0,0,1,1,1,2.145740184903027,0.0,11.433366191580266,0.27472137842529865,0.3098897731051621,0.777005460495953,-0.4942313843266002,0.0,0.9733894253703137,0.7964635212568995,low,0
S0043,2025-01-02,1,mid,3,51.50997841441118,0,2,3,0,1,2.0958385233068073,0.0,6.384398490300232,0.4006359935727728,0.869207160730316,0.46883131459804606,0.33854279648886454,0.0,0.807848663942971,0.4319666080901996,low,0
S0043,2025-01-03,1,mid,2,46.0936762664531,0,2,5,0,1,4.403905353070606,0.0,6.672854460482615,0.4577360278981032,0.5185892575457532,0.04079954755561099,-0.5617878600452415,0.0,0.8077632512120207,0.8106046545697839,low,0
S0043,2025-01-04,1,mid,4,24.98802492517565,0,0,3,1,0,5.505501109728817,0.0,7.852034001249784,0.20313529996439073,0.6510245016404382,0.4275311186939873,0.2713391527077387,0.0,0.4288608628350661,0.9077041881385204,low,0
S0043,2025-01-05,1,mid,5,52.32463127548573,0,0,5,1,0,6.0758658105911145,0.0,9.330437257746212,0.002467193824184366,0.8037978957268744,0.8548547362114505,0.6221046521059634,0.0,0.08221435564369795,0.6791899988557549,low,0
S0043,2025-01-06,1,mid,6,58.24709327026287,0,2,2,1,0,3.9818528291584503,0.0,4.51869091267306,0.2610854267782462,0.9158728481442246,0.011802673618445225,0.17404417936073568,0.0,0.7716081290362528,0.7321089964765778,low,0
S0043,2025-01-07,1,mid,3,62.65338213263422,0,1,2,1,0,4.300389203741578,0.0,9.993469982792535,0.1171311912938855,0.9071232594867454,0.8765813711586813,0.6661607538436212,0.0,0.7062816229211829,0.66152165689424,low,0
S0043,2025-01-08,2,mid,4,32.676346104405184,0,0,5,1,0,7.147601609239134,0.0,15.470518331293748,0.8539903767014971,0.03156701227248415,0.8684272331675332,0.77448621881131,0.0,0.44629967746252563,0.07666644781876153,low,0
S0043,2025-01-09,2,mid,4,71.03712034767443,0,2,4,1,0,4.120691527029758,0.0,7.6748546468731185,0.8505962428012265,0.08376694944159668,0.8630927863269225,0.14936514478199303,0.0,0.6572771990526247,0.5948189455936422,low,0
S0043,2025-01-10,2,mid,3,48.320807874222126,0,0,3,0,1,10.02861019075884,0.0,8.378404095352588,0.6486974592760553,0.5586867335319174,0.6130720298820463,0.7750063050248495,0.0,0.8681989274774778,0.14903427325942942,low,0
S0043,2025-01-11,2,mid,3,65.41028940722413,0,0,1,1,1,4.548076546912953,0.0,10.458356114058267,0.3026807493721033,0.02578225882776297,0.7459597536354803,0.8249146660168336,0.0,0.5873763406486373,0.6169791596660393,low,0
S0043,2025-01-12,2,mid,5,38.75800634531368,0,1,3,1,0,10.364738557090817,0.0,10.221627280240961,0.6104797571573118,0.46026072809252994,0.5938293938207297,0.5035220083580239,0.0,0.9520890283870846,0.6570372703323601,low,0
S0043,2025-01-13,2,mid,2,29.02951595437549,0,2,5,1,0,9.483920127140328,0.0,2.3888850194413287,0.4110251910401259,0.9893824822730471,0.8015713740947037,-0.3772132499403831,0.0,0.7830712747887544,0.4369935272552643,low,0
S0043,2025-01-14,2,mid,4,25.832062254545928,0,1,4,0,1,3.95009903536657,0.0,6.717314177197347,0.8892350029451144,0.348692334261005,0.32711697167775067,-0.8388267080912251,0.0,0.9720792777766384,0.7785496698858271,low,0
S0043,2025-01-15,3,mid,4,58.513970523685074,0,0,5,0,1,6.807765690973795,0.0,10.023250577221454,0.13874249559457974,0.8191659503768125,0.5106687579575284,-0.26781523328558565,0.0,0.6435668858860308,0.7904173699947702,low,0
S0043,2025-01-16,3,mid,3,41.61472984195005,0,1,4,0,0,6.3452441303569325,0.0,10.47815270059394,0.2974142018596181,0.5029406361465235,0.9871958522228628,0.5380380026992126,0.0,0.8104145777780595,0.7805112754924098,low,0
S0043,2025-01-17,3,mid,2,51.397251649475834,0,0,4,0,0,4.680441499472717,0.0,11.756262941493567,0.7862009579958734,0.5876072027349273,0.6461034280926169,0.09492253952879937,0.0,0.7791601404607412,0.04199143191454868,low,0
S0043,2025-01-18,3,mid,5,28.822130526225674,0,2,1,1,0,6.651865189210819,0.0,14.373928345103067,0.2588699490969971,0.9274684605818259,0.8756755831302486,0.031081121238350606,0.0,0.9891397510452915,0.29861955655549666,low,0
S0043,2025-01-19,3,mid,5,44.83666248965208,0,1,1,1,0,5.992122414534508,0.0,10.19334718189037,0.8401867100484041,0.04901146946125068,0.22009319446960374,0.683847839671629,0.0,0.9724720249811316,0.2946722048336111,low,0
S0043,2025-01-20,3,mid,3,56.03288952658367,0,0,2,0,1,4.072482812587545,0.0,13.752934235246176,0.5182466727504013,0.6198816444243448,0.8060205850297009,-0.32218718672243796,0.0,0.6722627934163419,0.7756578128478786,low,0
S0043,2025-01-21,3,mid,4,59.05497250438708,0,1,3,0,1,3.7152020263179715,0.0,10.363256780208614,0.8717611653274692,0.8777014109050659,0.8528158379783177,0.5486039536374461,0.0,0.6779254152635964,0.39690912187858307,low,0
S0043,2025-01-22,4,mid,4,37.805928121949854,0,0,1,1,1,3.9289259093922198,0.0,9.447731405658152,0.8335224070918761,0.9144221246801357,0.8375333186203199,0.8259585564577292,0.0,0.5759020309826967,0.8396588560924868,low,0
S0043,2025-01-23,4,mid,6,50.368216286493634,0,2,2,1,0,5.973941058339933,0.0,6.400214859565869,0.239054899907017,0.19813405211574564,0.5092205616700667,-0.5766714051328001,0.0,0.721327527224228,0.9373365909663379,low,0
S0043,2025-01-24,4,mid,3,35.3446613890372,0,0,2,0,0,4.215148690489988,0.0,8.467430244067167,0.4177518685342625,0.7290214158432897,0.5448542363776467,-0.12339580207589984,0.0,0.477534361379237,0.7414865683864966,low,0
S0043,2025-01-25,4,mid,4,39.99187502377674,0,1,1,1,1,8.18803481726653,0.0,8.013880827098845,0.9273755316052872,0.8120016437774679,0.9306647779883941,-0.46813047593958146,0.0,0.11851297088670798,0.5343495501588525,low,0
S0043,2025-01-26,4,mid,5,42.07430298688302,0,0,2,0,1,5.3479643570343285,0.0,9.932366766581529,0.765745763488654,0.4501865036676843,0.09804042738173824,-0.2816348615900861,0.0,0.15442876637065084,0.9207789361744484,low,0
S0043,2025-01-27,4,mid,5,49.34116467235132,0,2,3,1,0,5.505990427205767,0.0,15.727397612155631,0.5590319971087657,0.06589343886963506,0.2508031470055788,0.4438574934073678,0.0,0.9454214220576649,0.5417809575929401,low,0
S0043,2025-01-28,4,mid,5,56.41843240684261,0,3,2,0,1,4.478172661501759,0.0,9.464200080224042,0.20577277866515364,0.9119283317761142,0.8577958057986174,0.7886492464358867,0.0,0.9161789277609315,0.07749867245766018,low,0
S0043,2025-01-29,5,mid,5,57.46928573259946,0,4,4,0,1,4.799674078870411,0.0,12.1096746906023,0.2841538749916823,0.5090693596935267,0.7461145888784169,-0.19810456079162853,0.0,0.5372309500826771,0.298705910185429,low,0
S0043,2025-01-30,5,mid,5,44.133741624792606,0,0,3,0,1,3.819141151496244,0.0,9.224423385420778,0.7520954889185723,0.017634485799124078,0.787840903158575,0.15426656040914954,0.0,0.7487671272536307,0.7831204640806559,low,0
S0043,2025-01-31,5,mid,4,33.76841635368219,0,0,4,1,0,5.530052842107301,0.0,6.316581628922897,0.8065175377799603,0.5612884229581993,0.40386072602124456,-0.35746472644031035,0.0,0.3051002405891353,0.8374275044430259,low,0
S0043,2025-02-01,5,mid,5,49.173138624411536,0,0,5,0,1,1.8083366020242617,0.0,8.31911674736719,0.8166976355901975,0.6234540867933664,0.33330860444285815,-0.36443410346684946,0.0,0.6836937220093736,0.1706699686564105,low,0
S0043,2025-02-02,5,mid,4,31.704473952483088,0,1,2,0,1,6.977058289699537,0.0,12.540106633021665,0.4228711953395182,0.2860475966177689,0.7940020723932937,0.9124778894194707,0.0,0.9899018933012446,0.6344540801861044,low,0
S0043,2025-02-03,5,mid,5,50.58567079770395,0,4,2,0,1,6.173597504770648,0.0,4.9654538104600725,0.8723554223333863,0.28918611397698424,0.6065053195655418,0.440029347972861,0.0,0.6267106278166824,0.4059649116023032,low,0
S0043,2025-02-04,5,mid,5,50.69248114744459,0,0,5,0,1,3.4827866533777865,0.0,8.523063119512528,0.07267303862785168,0.23019975244189106,0.27813830655180816,-0.06694966785044931,0.0,0.9692630010243634,0.9432687834801546,low,0
S0043,2025-02-05,6,mid,5,57.663098129669216,0,1,4,0,1,7.044249988260081,0.0,9.905903202038637,0.9262124360268502,0.6572986033042896,0.8297522976453218,-0.3518636116301235,0.0,0.28595946988698506,0.04911964711617223,low,0
S0043,2025-02-06,6,mid,1,47.25192824460169,0,1,1,1,1,6.640548187341985,0.0,6.581151915221942,0.03029013552179849,0.7751067645011901,0.6978927108521765,-0.8898334362588598,0.0,0.49802884742665776,0.4041504155001473,low,0
S0043,2025-02-07,6,mid,4,42.66275867966536,0,0,5,1,0,3.6646767270785165,0.0,6.365827272294048,0.21902607355812098,0.06178377197935503,0.7322757973155768,-0.7086847927403164,0.0,0.09270939690505697,0.35763487062423316,low,0
S0043,2025-02-08,6,mid,5,48.74867575744097,0,2,4,1,1,5.0597148524160005,0.0,18.695561044604396,0.7138887295648494,0.14505961571983594,0.6805179199475644,0.8384906563716528,0.0,0.6827530698961284,0.04650363557806436,low,0
S0043,2025-02-09,6,mid,6,45.47086036252386,0,0,1,1,1,7.534292926595944,0.0,9.832420398330436,0.5338753812185402,0.5499607754446798,0.44769962297311705,-0.20992226100837041,0.0,0.02739675783816764,0.6217330611726494,low,0
S0043,2025-02-10,6,mid,5,51.60154084264801,0,1,2,0,0,7.997904618607839,0.0,13.977695883567993,0.8490729868006414,0.37939396606352704,0.9366221359880098,-0.6735294640248239,0.0,0.049865831780885994,0.17669111207991284,low,0
S0043,2025-02-11,6,mid,6,43.479227460380194,0,0,1,0,1,2.3055524777362857,0.0,9.880173686320605,0.4505689956081088,0.043935489834986186,0.9768706502750492,0.3083777085678885,0.0,0.686695998682758,0.5097286972056673,low,0
S0043,2025-02-12,7,mid,5,48.73007000829462,0,0,1,1,1,2.560495681714097,0.0,9.48398454549641,0.49945174407285575,0.05081075855278616,0.9485314919612028,-0.507310271460286,0.0,0.46701430985760894,0.03275217653235796,low,0
S0043,2025-02-13,7,mid,5,35.419412039609085,0,0,4,1,0,8.53945347030397,0.0,9.160708686935063,0.9262928629137313,0.4928361760924138,0.8405324697386266,0.6051827094433138,0.0,0.29577077706750987,0.8747336239116787,low,0
S0043,2025-02-14,7,mid,4,47.79089277455196,0,1,2,0,0,4.211752684034912,0.0,9.91546366684685,0.3075936155982898,0.7275223385724611,0.05950302738391011,0.513189317673679,0.0,0.5163835497578035,0.8677858170175652,low,0
S0043,2025-02-15,7,mid,6,50.89598506068232,0,0,5,1,0,6.352181717623592,0.0,9.164030446636405,0.7743074714495766,0.3646430074105057,0.9184809855342516,0.5578518526846239,0.0,0.6560574322048511,0.4365667507471528,low,0
S0043,2025-02-16,7,mid,6,62.314452969075035,0,1,4,1,1,3.9042974760641096,0.0,13.301790023598077,0.39191424430331256,0.9372881446969766,0.6219550924394208,-0.3645255578379838,0.0,0.08215758102532877,0.4343528250111356,low,0
S0043,2025-02-17,7,mid,4,51.39809929870461,0,1,1,1,1,3.577358534249597,0.0,8.232859139895819,0.13954171943372984,0.011422780444411362,0.2806164567038364,-0.6571828193780644,0.0,0.25795042669550705,0.07580400949983668,low,0
S0043,2025-02-18,7,mid,5,23.800679289695758,0,1,3,0,0,3.977121359762496,0.0,8.922704527980061,0.3073536402861078,0.7944717475697035,0.8831160835715329,-0.17127333625761154,0.0,0.7812577026533762,0.3322240314204239,low,0
S0043,2025-02-19,8,mid,4,45.07421581586677,0,2,1,0,1,0.3739492220057219,0.0,16.322606728488807,0.3435131551015894,0.47192995515719594,0.744926134104303,-0.08134887163064919,0.0,0.5061564717244325,0.701146081210443,low,0
S0043,2025-02-20,8,mid,5,57.255932729143666,0,1,3,1,1,8.073534657567407,0.0,7.3609345435536335,0.5701835224899381,0.054390858889109994,0.7090787073462977,0.5800094604075265,0.0,0.9824724307962063,0.4161276664360528,low,0
S0043,2025-02-21,8,mid,6,45.083934274526854,0,0,4,1,1,4.808682272897769,0.0,13.082879899830278,0.3383406606122441,0.9666779596333738,0.8303746151967002,-0.5888013852635952,0.0,0.48885522383308033,0.11331659232046742,low,0
S0043,2025-02-22,8,mid,5,47.00635574308415,0,1,3,0,0,6.746327415823606,0.0,12.386789097109281,0.17818519806205135,0.4951561527639986,0.02754127865747813,-0.3698218444035879,0.0,0.348019520766926,0.9136901735367493,low,0
S0043,2025-02-23,8,mid,2,52.78212482371743,0,0,2,0,1,2.2809548845920906,0.0,8.69797832669144,0.5292728314403757,0.39903853378839804,0.12500150819422973,-0.9536161128410849,0.0,0.7440041725667181,0.9328594867240717,low,0
S0043,2025-02-24,8,mid,4,44.01804305169916,0,2,3,0,1,4.7673886441066955,0.0,10.885870651246972,0.03724463026343228,0.13806141968336028,0.21707043261482495,0.27993940156736774,0.0,0.1810878966944235,0.3814985239551395,low,0
S0043,2025-02-25,8,mid,4,47.651158067617395,0,0,2,1,0,5.516349155332013,0.0,11.9650545455841,0.9461788777782679,0.24452604294867297,0.3418212683351727,0.678619356884653,0.0,0.8110538204392835,0.6648903591701906,low,0
S0043,2025-02-26,9,mid,4,45.047388316559264,0,0,1,0,1,7.859382384788345,0.0,13.529798068696337,0.09051247207382984,0.42713424546611956,0.31124993718529803,-0.6857721337451579,0.0,0.05867165095927096,0.027135773077172742,low,0
S0043,2025-02-27,9,mid,4,53.700680601043246,0,1,4,1,0,6.5047033507955,0.0,2.050941146687321,0.7252835773491391,0.650031189877552,0.8533428000131571,-0.6314178641768262,0.0,0.6612465489415958,0.1277501023196851,low,0
S0043,2025-02-28,9,mid,7,23.03264239749534,0,0,3,1,1,3.123488027402024,0.0,6.099302055661294,0.6404062269084588,0.2207146265003943,0.1928625833188149,-0.15691794105802992,0.0,0.05899669344537706,0.9169702504055911,low,0
S0043,2025-03-01,9,mid,4,51.90095052834358,0,0,1,1,1,3.589740045994219,0.0,9.49288984982233,0.7061657034800944,0.2757135501107282,0.5206594832402816,-0.9729212993987113,0.0,0.524636462401998,0.003267937762077122,low,0
S0043,2025-03-02,9,mid,5,53.051383606293165,0,0,5,1,0,4.850172843100039,0.0,6.843918192319632,0.30550788376345483,0.761583402490134,0.482255282720467,0.6963705817091319,0.0,0.9413483788590894,0.9695248682569119,low,0
S0043,2025-03-03,9,mid,5,37.32688034312673,0,1,4,0,1,10.005804670458977,0.0,8.206179105963948,0.06612342707742003,0.8645142541947876,0.3143391083937209,0.3136392947720792,0.0,0.9280800015954994,0.7197547193003967,low,0
S0043,2025-03-04,9,mid,7,41.821412612308166,0,1,2,0,1,4.893023090791032,0.0,7.738547036744999,0.6003752860217303,0.9581176277382623,0.698625427384633,0.18278152297071504,0.0,0.2145649008964231,0.15204436681466527,low,0
S0043,2025-03-05,10,mid,3,50.21030274597439,0,1,5,1,0,3.644164641501696,0.0,6.156147798709171,0.33538010538426033,0.769516675226832,0.9721968339588616,-0.2891884233886206,0.0,0.014760695906048449,0.936882451991733,low,0
S0043,2025-03-06,10,mid,5,50.061720786205804,0,0,1,1,1,6.163092628107629,0.0,10.853564609861275,0.24605683179800986,0.14472219508379525,0.24325819749491018,0.7648433740140976,0.0,0.6656860342300409,0.4513351232404793,low,0
S0043,2025-03-07,10,mid,4,51.6863967931957,0,0,4,0,1,4.02005860671729,0.0,5.31457844049543,0.7169135695246956,0.274778441594576,0.5803100894973556,0.4633756365974384,0.0,0.6985308864156992,0.5902915140410021,low,0
S0043,2025-03-08,10,mid,6,50.917741838703776,0,0,3,1,1,10.233997398162732,0.0,11.994246030303113,0.10442878611435835,0.5919887557890416,0.8364989685421801,0.047231378177091,0.0,0.1768977549372196,0.4482099124371204,low,0
S0043,2025-03-09,10,mid,4,31.431008564934263,0,0,5,0,0,4.88058990232786,0.0,14.878938869452107,0.7825018354346823,0.9755651839776881,0.4061445065742896,0.9599743819787507,0.0,0.24590614955898693,0.9545378181533201,low,0
S0043,2025-03-10,10,mid,4,48.662644356009764,0,0,5,1,1,6.834240543331315,0.0,17.169979512545513,0.2918740819675357,0.30053343972427204,0.5163082705999336,-0.4003011967312766,0.0,0.1802546955661164,0.7733586969387248,low,0
S0043,2025-03-11,10,mid,3,64.99827840036096,0,0,2,1,1,4.467570671970726,0.0,4.659232823947153,0.10744701226984499,0.9967435948909059,0.9995610815001386,0.03960473229125805,0.0,0.568009534729504,0.9268083796759692,low,0
S0043,2025-03-12,11,mid,4,49.97903855140436,0,1,2,0,1,5.675041570840899,0.0,10.917723799420827,0.5016957955568468,0.7080074364190201,0.33324664579602925,0.7222637492314177,0.0,0.8585906362275135,0.0661424790116435,low,0
S0043,2025-03-13,11,mid,3,40.21110387491853,0,0,5,0,0,3.1633955380616934,0.0,9.324223953539212,0.7517636373542695,0.3169723725325191,0.6063059142839768,0.1392344641095793,0.0,0.6996230772343971,0.5376211076322219,low,0
S0043,2025-03-14,11,mid,4,47.15941824733737,0,1,5,1,0,6.215825492032609,0.0,7.571383182996336,0.6295335917689201,0.967436650996395,0.32197095750586324,0.5732003844808515,0.0,0.12045895451993283,0.562582697734977,low,0
S0043,2025-03-15,11,mid,6,43.7854263544479,0,1,4,1,1,2.8834510044828794,0.0,8.238481836530397,0.5185385836448358,0.18320246120243344,0.9755738762371727,0.7022102621586417,0.0,0.9825336990489822,0.8077630253546461,low,0
S0043,2025-03-16,11,mid,4,49.77537341996546,0,1,3,0,0,4.850956410490367,0.0,8.38831869759219,0.5111861059153039,0.43995178827350556,0.6572512380647229,-0.9486479621641293,0.0,0.8849984416775764,0.5002122372099085,low,0
S0043,2025-03-17,11,mid,3,68.44507954977868,0,1,4,1,0,6.749760562009097,0.0,9.720136220255249,0.385124855718713,0.7881764677403219,0.41794585748839364,-0.2745867707892209,0.0,0.9467758027546946,0.6991115338967018,low,0
S0043,2025-03-18,11,mid,5,57.18730969740446,0,2,1,0,0,3.601767597910168,0.0,9.470878361592595,0.5263659551611896,0.024896999816425236,0.8184776651633154,0.8766926031167839,0.0,0.8100707895507345,0.9515058351604042,low,0
S0043,2025-03-19,12,mid,4,37.46200362926549,0,3,2,1,1,2.3736051113315106,0.0,9.894079014440244,0.20380612791014308,0.7831460754122024,0.49722540269689186,-0.5873161117907013,0.0,0.031522807239489636,0.4664774576293509,low,0
S0043,2025-03-20,12,mid,4,57.7971052512462,0,0,5,1,1,1.8493551067170135,0.0,8.489222229926918,0.5692425399941724,0.8107437417659357,0.02233229802338854,0.11620337245818924,0.0,0.8363124112229481,0.2156237563292125,low,0
S0043,2025-03-21,12,mid,5,52.71016190907297,0,2,1,1,1,5.922612064651903,0.0,11.909635339750183,0.6703151429022588,0.5614774909132118,0.30810861708648885,-0.4778323212471811,0.0,0.8432510013213115,0.7173442515045554,low,0
S0043,2025-03-22,12,mid,3,53.2848899678696,0,1,1,1,0,2.414855464638874,0.0,4.207286504053233,0.6627012507743415,0.5466623624452418,0.1860839836970012,-0.9399670267388218,0.0,0.7172133770619415,0.504922967958599,low,0
S0043,2025-03-23,12,mid,3,36.164105520197,0,3,2,1,1,5.158344966100616,0.0,11.324017255432503,0.2617788292636377,0.27586942567010875,0.8110281133059211,0.7729516504442004,0.0,0.6790312052205117,0.43144682451482363,low,0
S0043,2025-03-24,12,mid,5,43.29834922645974,0,1,4,1,1,1.2920458472334113,0.0,7.0380123380800566,0.6201278340300835,0.312160711671157,0.9632645806093222,0.1929510552600493,0.0,0.5919426270138686,0.13633336680258068,low,0
S0043,2025-03-25,12,mid,3,53.25077983145242,0,1,3,1,0,5.709789063298795,0.0,8.847352820574255,0.11822428287244391,0.9714424314938636,0.9691652904493641,0.9836331180419304,0.0,0.9796891602114296,0.14901972847084977,low,0
S0043,2025-03-26,13,mid,3,61.74237536116947,0,1,5,0,1,3.928523074539474,0.0,8.038731071241646,0.7200562480830933,0.05175885303101291,0.5087431173705877,-0.2793575189642856,0.0,0.8111471450733506,0.7901070194288333,low,0
S0043,2025-03-27,13,mid,4,60.41249189369666,0,2,5,1,0,5.008585565296414,0.0,14.271114288170672,0.4636523968635462,0.38656290484220024,0.2920253156556346,0.8390157243869727,0.0,0.7408150419188977,0.4407029301108001,low,0
S0043,2025-03-28,13,mid,5,54.6151142449532,0,0,2,0,1,5.063520988546827,0.0,8.865898987105105,0.7013227509062755,0.5825400621923136,0.7104420268045576,-0.7254775705844723,0.0,0.0015160281700767886,0.09303205418160543,low,0
S0043,2025-03-29,13,mid,3,34.274401685281866,0,1,1,1,0,4.190741065758956,0.0,7.862218056334251,0.6267914842327719,0.011989478562731581,0.968100326419271,0.13395365877961307,0.0,0.7041391808571285,0.49896110831901563,low,0
S0043,2025-03-30,13,mid,5,50.166866985485676,0,3,4,0,1,5.457988170197237,0.0,12.40778050373643,0.9662887237937926,0.4910532831379867,0.78285550941714,-0.8054612491747393,0.0,0.395617490797716,0.5150919241988144,low,0
S0043,2025-03-31,13,mid,4,56.33408759693225,0,3,1,1,0,6.665166209278427,0.0,15.192061767806923,0.40048419221666864,0.8166551538988476,0.25827388095236437,0.2507734236786887,0.0,0.471671791527287,0.8928377232125514,low,0
S0044,2025-01-01,1,mid,5,58.30185425305726,0,1,2,1,0,9.233614541065172,0.0,9.213191299176422,0.3368793668083587,0.0598174251378899,0.20392761381886404,-0.8410237398982052,0.0,0.5081756815987376,0.6220636309768005,low,0
S0044,2025-01-02,1,mid,5,22.054251857731842,0,0,1,1,0,4.698102406234441,0.0,12.177728767565146,0.261848041294543,0.2461189070571651,0.5856159983645992,0.9552907111275555,0.0,0.974172088263251,0.9816807668094365,low,0
S0044,2025-01-03,1,mid,5,42.94507239673123,0,1,5,0,1,5.341694904917184,0.0,12.226318525150571,0.8817800007957044,0.0845055790976359,0.2283444941354401,-0.3654787260171084,0.0,0.7731667073308754,0.4842398450341092,low,0
S0044,2025-01-04,1,mid,4,40.63175836879479,0,1,4,1,0,5.698683758445707,0.0,6.71329567841301,0.9422116614416022,0.9676750036035217,0.7284635642049402,0.38767098974615877,0.0,0.93843503961212,0.2912772530202722,low,0
S0044,2025-01-05,1,mid,4,37.24090418992966,0,1,5,1,1,8.204380755591462,0.0,11.085162331900248,0.3579138024289319,0.40109656825751794,0.80757156565936,-0.4659810869421168,0.0,0.3814169278677553,0.013493001193543464,low,0
S0044,2025-01-06,1,mid,6,46.813977368910976,0,0,3,1,1,4.424074785043099,0.0,3.532032115221523,0.17449673313521752,0.803045319098409,0.37601105038258886,0.7931745543674658,0.0,0.6746566431212921,0.17660592744649417,low,0
S0044,2025-01-07,1,mid,4,45.4087876160991,0,4,4,0,1,5.894995645662255,0.0,10.721772414742016,0.890078414194781,0.7781872785868336,0.898126920077717,-0.6655527923854103,0.0,0.7313610673707432,0.7536766034802175,low,0
S0044,2025-01-08,2,mid,4,43.12523511842246,0,0,5,0,0,9.62657127453953,0.0,12.543746163254879,0.16602671719025985,0.04402065815196632,0.31035065726844546,0.5396301957583207,0.0,0.5587818236347325,0.010783222722263397,low,0
S0044,2025-01-09,2,mid,4,46.66592454375162,0,2,1,1,1,5.525143593069376,0.0,9.91133493629929,0.30796832941929675,0.31578221651083604,0.152394637220721,-0.2604912090998093,0.0,0.29641395714228147,0.6044890783978755,low,0
S0044,2025-01-10,2,mid,4,43.54668078787502,0,0,1,1,0,4.817228198985633,0.0,12.39247806065052,0.30045963342215753,0.33735470249685284,0.5786622558276014,-0.4500560863405274,0.0,0.9107387256807415,0.4186519809039032,low,0
S0044,2025-01-11,2,mid,5,31.290428184276667,0,1,2,1,0,6.362068347123613,0.0,10.132587833034998,0.26075268143334795,0.2314632704759486,0.9605859087051714,0.21168782444515388,0.0,0.7352700630926098,0.8296957298155647,low,0
S0044,2025-01-12,2,mid,4,36.56834846425318,0,0,3,0,1,5.32289928739143,0.0,12.339404617664306,0.4123107418394203,0.31302294884240245,0.01503206893470821,0.263613463651706,0.0,0.5531619099085279,0.629871515564094,low,0
S0044,2025-01-13,2,mid,3,47.25030540695025,0,1,2,1,1,6.180546643659221,0.0,14.45322976678476,0.366522574042778,0.8365746407372732,0.7880396834249125,-0.6530170854728037,0.0,0.024428460091462156,0.3159748418460189,low,0
S0044,2025-01-14,2,mid,3,41.47422012824483,0,1,5,0,0,4.030333625967714,0.0,10.492375201787679,0.8270430180725109,0.36159944939871513,0.22561713920859328,-0.4921575677523684,0.0,0.5977185873650079,0.08155293465165148,low,0
S0044,2025-01-15,3,mid,5,39.402101558370404,0,2,3,0,1,5.5258129220144045,0.0,12.174643473341963,0.053783788387651965,0.6739774079204448,0.8200315412565069,-0.45209336451607407,0.0,0.3828928742815162,0.19767661789187496,low,0
S0044,2025-01-16,3,mid,6,56.69439807967166,0,0,4,1,0,5.121371011358116,0.0,8.471524561679189,0.6139384335856654,0.4301556571818368,0.9013171755954631,-0.3432613612057578,0.0,0.06717837200184562,0.6718529949706552,low,0
S0044,2025-01-17,3,mid,4,31.168750022868124,0,2,4,1,0,3.874746078034826,0.0,7.3200082415008865,0.004206545276037255,0.5820024622809685,0.5263962255349214,-0.6722221064230693,0.0,0.33932658971386787,0.9392205672250595,low,0
S0044,2025-01-18,3,mid,5,48.73862547225419,0,2,3,0,0,2.162797667089055,0.0,11.812435244587698,0.19280394545377022,0.4374117744686682,0.2506193597607007,0.9302237022522726,0.0,0.9654591887153077,0.11335271926563817,low,0
S0044,2025-01-19,3,mid,4,52.46813614335191,0,2,4,1,1,4.3137706791544055,0.0,9.240380198869332,0.5668245381649123,0.517459251153771,0.8857699077266491,-0.09782820494921318,0.0,0.41354951826394726,0.7139700611596697,low,0
S0044,2025-01-20,3,mid,4,45.10595258559801,0,3,4,0,0,3.566102706774048,0.0,9.274627643765912,0.85884464740688,0.39719823686128986,0.13260395076306875,0.29295362537990033,0.0,0.889773247831306,0.8609655210028277,low,0
S0044,2025-01-21,3,mid,4,46.127508583782415,0,2,5,1,1,5.21585679264194,0.0,14.509208823727095,0.611563152908868,0.7179432215942749,0.4163320021760819,-0.9845220318171579,0.0,0.36417164095776033,0.4136261724309047,low,0
S0044,2025-01-22,4,mid,6,40.66694704975383,0,0,5,0,0,6.568774918754453,0.0,6.944622537311021,0.99897597905257,0.8642508729312879,0.6355743406977762,0.8798250021061997,0.0,0.9911091724571401,0.5702738913611044,low,0
S0044,2025-01-23,4,mid,5,42.73097662739632,0,1,3,0,1,6.824711537160269,0.0,9.98794520965667,0.21059102803482344,0.15392013278622307,0.18478464022110186,0.38055310287528377,0.0,0.36739704320266064,0.25606082929159546,low,0
S0044,2025-01-24,4,mid,3,34.23243991307415,0,1,2,1,1,3.219937024941714,0.0,12.787532130624662,0.5947598801286852,0.5320528511847618,0.5271147441535922,0.1911226087734179,0.0,0.9937352970126913,0.9873449431978619,low,0
S0044,2025-01-25,4,mid,5,48.57304972649254,0,0,3,0,1,2.533863889949696,0.0,11.875785882344642,0.276102328580645,0.43614507986314455,0.8484706241694194,-0.2662899474812199,0.0,0.6882699528052112,0.045087755153156994,low,0
S0044,2025-01-26,4,mid,3,42.44913274593236,0,2,4,0,1,3.482898477467824,0.0,11.817949323447086,0.8043339791504173,0.07402265203489655,0.5729574528840473,0.21640241677138783,0.0,0.33433473654373413,0.1642082228604782,low,0
S0044,2025-01-27,4,mid,4,24.582818544407374,0,2,5,0,0,6.483564293293643,0.0,15.393660697156317,0.6314592370024467,0.21360775211584115,0.5951931875192075,-0.012476821442989339,0.0,0.3844344810365732,0.887730517089034,low,0
S0044,2025-01-28,4,mid,6,42.54291423697111,0,0,5,0,0,3.9507587736259513,0.0,10.389766020881819,0.044294677406759186,0.49856748768721093,0.8998245484695201,-0.11046310182208208,0.0,0.40664466013332123,0.010157793471438525,low,0
S0044,2025-01-29,5,mid,4,50.115739363019735,0,1,2,1,1,6.9322745588437025,0.0,9.342504718371323,0.5470072525407679,0.3351101928283332,0.6715229841762342,0.22369012184810888,0.0,0.5604468153931982,0.39115727074518114,low,0
S0044,2025-01-30,5,mid,5,38.39822188421804,0,1,5,1,0,4.787416588571622,0.0,14.442129812582767,0.10929790920764648,0.045850964893366486,0.22471546727884173,-0.02511642842478956,0.0,0.6172500936750199,0.14367877072690516,low,0
S0044,2025-01-31,5,mid,4,43.835654280205624,0,0,2,0,0,3.685302181291579,0.0,4.846792899918809,0.7014793718967122,0.3440366130430791,0.9024567839275512,0.1780724596200438,0.0,0.56723584103434,0.5542954393436078,low,0
S0044,2025-02-01,5,mid,5,42.17076289148324,0,1,1,1,0,4.801054052424231,0.0,11.160074618331802,0.04364124316510576,0.6331040040197358,0.04710351533905166,-0.6167886712842363,0.0,0.04839727615268763,0.17065061283539318,low,0
S0044,2025-02-02,5,mid,5,51.694975570550014,0,0,2,0,0,3.515882740920806,0.0,9.730520895100444,0.7307213685096763,0.37552612553923925,0.3028290042445556,-0.4234539732311291,0.0,0.007709225944427245,0.7426452028017461,low,0
S0044,2025-02-03,5,mid,5,33.329178688888724,0,0,3,1,0,7.171071694571543,0.0,10.553802032390596,0.5471834038669902,0.6966861494653432,0.13579065834038528,0.8791360424243433,0.0,0.583177109190093,0.7758096168539708,low,0
S0044,2025-02-04,5,mid,6,45.13139174920482,0,2,3,0,1,7.632155514225483,0.0,8.92305941861044,0.8742913488488117,0.9978175576073487,0.06819747663361253,0.592602521451346,0.0,0.06968888374819926,0.31479271177899604,low,0
S0044,2025-02-05,6,mid,4,65.33697892727265,0,3,2,1,0,4.479503826626365,0.0,13.015201996866562,0.703564977010467,0.26269210056600933,0.2527911684144901,0.9914505169119003,0.0,0.8494393353277334,0.2562131738487312,low,0
S0044,2025-02-06,6,mid,6,26.43502994667139,0,0,5,0,1,2.8443016923897324,0.0,10.452960449476057,0.9150272064226054,0.8652530608079607,0.4752156586921956,-0.8645027078010374,0.0,0.5522054096792042,0.5922367109577352,low,0
S0044,2025-02-07,6,mid,5,63.09228901306866,0,0,1,0,0,3.9437648419067477,0.0,11.758853939836209,0.14026693175735439,0.8950615567394902,0.9570103261003761,-0.15146711231937182,0.0,0.44699981729689753,0.7409770671943856,low,0
S0044,2025-02-08,6,mid,3,44.46747663923112,0,0,4,1,1,2.883280501873275,0.0,11.181408830087522,0.06830040352693678,0.5349341367016743,0.5475290575293451,-0.33949898804698253,0.0,0.8822312770327821,0.30108458648140535,low,0
S0044,2025-02-09,6,mid,3,45.71726485727891,0,0,1,0,1,6.015725503291544,0.0,9.779513911552506,0.4912242165113402,0.8872943640070905,0.26431012437623114,-0.11644951651357527,0.0,0.08388820223769533,0.4227576966337173,low,0
S0044,2025-02-10,6,mid,4,39.99015396762003,0,0,4,1,1,7.128569539899942,0.0,9.238805422238833,0.7266651244456585,0.20927380719137267,0.1711012865251652,0.6438653586502487,0.0,0.9536086870156542,0.1851424362566373,low,0
S0044,2025-02-11,6,mid,4,50.912328001616885,0,4,3,0,0,3.1871146970633353,0.0,11.913825769859868,0.938924224721122,0.22712245156693256,0.3725831553144776,0.6535623507375194,0.0,0.2086571077718734,0.6386032401202153,low,0
S0044,2025-02-12,7,mid,7,37.5503556600672,0,2,3,1,0,5.774560518396785,0.0,5.495902184274842,0.5168274985783448,0.5644620958135758,0.7020295499825626,0.07919510651574146,0.0,0.6887479752486744,0.5343885296962538,low,0
S0044,2025-02-13,7,mid,7,58.63601665153528,0,0,1,0,1,3.5515892184691005,0.0,13.097042860501794,0.11443369926843194,0.6818800602125695,0.12108477499915948,-0.07597075577019763,0.0,0.23070163306177005,0.33207104318750036,low,0
S0044,2025-02-14,7,mid,5,44.29074179112504,0,1,1,1,1,3.692838238560009,0.0,16.10218677909605,0.8078247493352141,0.15813388099103665,0.9203326648635373,-0.3291984799767076,0.0,0.32322927074832286,0.17842735809182786,low,0
S0044,2025-02-15,7,mid,5,38.31034218031426,0,2,5,0,1,4.253737012635238,0.0,14.930221413243927,0.8962745920411516,0.9124410888080551,0.4369548778800576,-0.030447300704323332,0.0,0.4856463969510424,0.2789028193024484,low,0
S0044,2025-02-16,7,mid,4,39.63635475247756,0,3,1,1,0,4.8375679717263,0.0,14.563201436987844,0.7628968644098579,0.9018748608517311,0.38212698522339816,-0.8910575728453205,0.0,0.253239446651387,0.05106998447734534,low,0
S0044,2025-02-17,7,mid,5,43.55425851561775,0,3,5,1,1,8.33021966661515,0.0,7.3201904922412355,0.9104484402649874,0.15599658831427232,0.8790217906706559,0.40782572889789237,0.0,0.16756277395576313,0.6645121820614361,low,0
S0044,2025-02-18,7,mid,5,48.21495328733657,0,1,1,0,0,3.8910458663249665,0.0,7.726188309975913,0.9050072540989617,0.8936105467565552,0.660697655311025,0.41863942227022277,0.0,0.621252880011898,0.7791850758654395,low,0
S0044,2025-02-19,8,mid,5,24.40354614134341,0,1,5,1,0,6.305826656650412,0.0,17.377693615652838,0.9866767496633269,0.7968198932432787,0.5954000821951879,0.21317197861921477,0.0,0.24880171265739137,0.7347529434197652,low,0
S0044,2025-02-20,8,mid,5,67.47555223771371,0,1,5,1,0,5.671938935802638,0.0,7.031185497775577,0.8682057577202308,0.03462355793539118,0.026786415880126535,0.9796965486156197,0.0,0.6732745655538727,0.14069522174240878,low,0
S0044,2025-02-21,8,mid,5,37.02078029892667,0,0,3,1,0,4.09627555834549,0.0,10.676089819159392,0.05487466966504384,0.41970097739618073,0.5870743992048625,0.5277953209082926,0.0,0.0709611724636493,0.33481974919786006,low,0
S0044,2025-02-22,8,mid,5,36.32198014739619,0,1,4,1,0,4.3625451532758985,0.0,8.211408093736924,0.47075913891002574,0.2962083978464397,0.6241693211540613,0.8981774439639045,0.0,0.06927156401709267,0.7170043606743312,low,0
S0044,2025-02-23,8,mid,4,33.92538671883532,0,0,4,1,0,9.084166282541435,0.0,9.841077206375981,0.23755060599295008,0.57929813711889,0.26178141496589247,-0.5718054786280475,0.0,0.8183894143525358,0.33291334128064,low,0
S0044,2025-02-24,8,mid,4,51.08485677273127,0,0,3,0,0,6.816092330293615,0.0,9.54930722424546,0.1872813082490168,0.6922138990546464,0.7112141553400301,-0.5328058103144504,0.0,0.006166339107735563,0.664468929541309,low,0
S0044,2025-02-25,8,mid,6,57.12532742877114,0,0,3,1,1,3.243232811757169,0.0,7.549223702682179,0.29661513409240625,0.6407623987888333,0.6970672722235737,-0.3218571402997932,0.0,0.7882306377906901,0.41786017600692815,low,0
S0044,2025-02-26,9,mid,3,45.73782170752833,0,0,3,0,0,4.110775184644857,0.0,7.999603701202291,0.2063068087614428,0.7774026650620888,0.08956776360104124,-0.49610806754332115,0.0,0.5073902811916257,0.08782498952623996,low,0
S0044,2025-02-27,9,mid,5,52.04677282192213,0,4,3,0,1,4.826228353602425,0.0,8.293146636364428,0.10027269341553224,0.11524228683756688,0.4632891474224612,0.22536682415182163,0.0,0.9053920616587324,0.7052529340125179,low,0
S0044,2025-02-28,9,mid,4,56.39173371788373,0,0,4,1,0,6.35260144550758,0.0,13.760799515254732,0.39138733871075426,0.41432397401559873,0.0985317678313844,-0.17090918302776248,0.0,0.7857922949747008,0.06647051685325756,low,0
S0044,2025-03-01,9,mid,5,41.69146885666894,0,2,2,0,0,7.833952163387192,0.0,5.0700140669882625,0.39377024658788395,0.6740544964930651,0.48456032829997553,-0.684748146699524,0.0,0.9485682354714962,0.23951634344734918,low,0
S0044,2025-03-02,9,mid,4,45.97295538406076,0,2,5,0,1,3.1031600597601505,0.0,14.235404949837028,0.055382325613112626,0.8007569431531302,0.06342720882026476,0.9922671947575874,0.0,0.8615671613099481,0.9563373493153196,low,0
S0044,2025-03-03,9,mid,5,43.32406322443909,0,0,2,1,1,6.33425106300796,0.0,9.774183966231934,0.3951185882141295,0.2389612394788252,0.4449345239088669,-0.2080125097678185,0.0,0.6233027155135404,0.9941471727468205,low,0
S0044,2025-03-04,9,mid,3,68.1272391618051,0,2,3,0,0,5.452780073757232,0.0,15.179665403665267,0.9700502464215113,0.46170079678863474,0.013258845141901787,-0.05975129061300177,0.0,0.9298821563844271,0.09586135358447312,low,0
S0044,2025-03-05,10,mid,5,35.61151097025517,0,0,4,1,0,5.151164886477539,0.0,13.863888094414765,0.5952982484261412,0.8148174385223412,0.7205706820643036,0.3180784825217471,0.0,0.7041410265669287,0.26296966800205224,low,0
S0044,2025-03-06,10,mid,5,36.10062068102542,0,0,4,0,1,6.944105181233797,0.0,13.081930990223157,0.9032596416520672,0.6752275340062499,0.4397267521425272,-0.4790012838568001,0.0,0.7584003323494789,0.4119709192477361,low,0
S0044,2025-03-07,10,mid,5,48.18198526275626,0,0,4,0,0,5.315277106850994,0.0,1.466040638702637,0.42413790060443457,0.9969058165794693,0.9033610535681226,-0.917797105969705,0.0,0.7790186701950395,0.6008367446495038,low,0
S0044,2025-03-08,10,mid,4,40.79242341253904,0,0,3,0,0,5.367253242157736,0.0,8.929963159740586,0.5488921924056246,0.9542767205832048,0.7981496809309347,0.38882808952050163,0.0,0.925509720661328,0.16034973114383455,low,0
S0044,2025-03-09,10,mid,6,41.17857765407943,0,0,1,0,0,3.1641326569968546,0.0,8.73967838962025,0.09367352489858782,0.42359457896107333,0.8430984924674017,0.06370107529956992,0.0,0.45114877951521715,0.3190425185395821,low,0
S0044,2025-03-10,10,mid,5,60.646327578566115,0,0,3,1,1,5.642300632931067,0.0,12.906077592831656,0.3309816431266378,0.2772747983304714,0.08192803591183417,0.37343384301152893,0.0,0.9170276029635785,0.7567719529428307,low,0
S0044,2025-03-11,10,mid,4,47.83031991555696,0,2,1,1,1,10.375748121729085,0.0,8.577317135237633,0.055541921182915455,0.17566789758003976,0.7908339748994261,-0.4949326243020922,0.0,0.7247221648717008,0.7491872382752232,low,0
S0044,2025-03-12,11,mid,4,43.59470477123941,0,0,5,0,0,8.050058613940255,0.0,7.025252882577231,0.4081617014186588,0.6283360168830985,0.8330178695541769,0.7689059551079283,0.0,0.016882841175219765,0.6455057125102959,low,0
S0044,2025-03-13,11,mid,6,54.2686427325681,0,0,2,1,0,5.155945547370948,0.0,9.435445055294483,0.5722545517420528,0.6230972790518704,0.5297739465166471,0.44398724429280967,0.0,0.5250038643140027,0.9222697689267244,low,0
S0044,2025-03-14,11,mid,5,46.10503218963974,0,2,4,0,0,0.8465937026124246,0.0,13.395030246554555,0.4091165529468509,0.32866841989845674,0.1444869486292314,0.4764780707575438,0.0,0.7084880789318081,0.5428321630420087,low,0
S0044,2025-03-15,11,mid,6,40.17428349956666,0,0,3,0,0,7.842495051516304,0.0,7.413692536237619,0.7153100380130427,0.30805467889676097,0.3042230386319186,-0.3587159729007374,0.0,0.8920801896075861,0.9095107626879981,low,0
S0044,2025-03-16,11,mid,5,44.53308457042008,0,2,2,0,1,6.83180233005756,0.0,14.040754160113602,0.9619041591238405,0.7502088411986217,0.7506210841823451,0.6396110917176427,0.0,0.46037839123975743,0.26394653153231595,low,0
S0044,2025-03-17,11,mid,4,58.35684965935127,0,1,4,0,1,2.4859655181357163,0.0,13.069373062773623,0.48992737134364617,0.76261942076788,0.8130286787894132,-0.3133120290375355,0.0,0.3260671293927926,0.7361812150693934,low,0
S0044,2025-03-18,11,mid,5,64.79430404631975,0,1,1,0,1,5.220234032370609,0.0,13.850448280162361,0.8605636932698046,0.42666333841981496,0.48180019960429465,-0.15536528439461694,0.0,0.09646588006838608,0.1450058801650157,low,0
S0044,2025-03-19,12,mid,7,60.02212777681998,0,1,5,1,0,5.067009212797576,0.0,6.02080108466126,0.486078651589115,0.8442864208630089,0.1490880714437952,-0.09642752508644725,0.0,0.6365405533378342,0.9452546146807087,low,0
S0044,2025-03-20,12,mid,5,54.377045988283214,0,3,3,1,1,7.779057834898879,0.0,8.071066685040444,0.2271148964777815,0.7098496180425107,0.33255093125371515,0.8811163327198062,0.0,0.17170730237927878,0.9317839386806834,low,0
S0044,2025-03-21,12,mid,4,49.738378164939334,0,1,2,1,1,4.691894384464569,0.0,8.36704698506035,0.6422473024976013,0.8982534293704897,0.7268295611363326,-0.29987706838264216,0.0,0.9099823183862198,0.6646194482509591,low,0
S0044,2025-03-22,12,mid,4,56.307151145530284,0,0,3,1,1,7.222318362169558,0.0,3.5039825520626957,0.26729715175276625,0.4216014700351557,0.7598237648667272,-0.6769905676331249,0.0,0.500751205700118,0.2617818941394936,low,0
S0044,2025-03-23,12,mid,3,32.299611809812575,0,2,1,0,0,5.640262496689611,0.0,6.158479091080164,0.5273020860780588,0.28666059071206096,0.952946707834485,0.35332908615889247,0.0,0.4699810916836439,0.44348637441091643,low,0
S0044,2025-03-24,12,mid,5,43.32370365846417,0,0,5,1,0,0.0,0.0,9.96516936447636,0.6737694211773179,0.0501326667183456,0.5294204419684047,-0.04291868694032419,0.0,0.9735806113854472,0.7558218157997074,low,0
S0044,2025-03-25,12,mid,5,32.828212445024306,0,2,1,1,0,4.071486835363422,0.0,14.087122094199772,0.824182462773351,0.2184901332011634,0.585351807102735,0.4918456570614782,0.0,0.09244106891290349,0.8741357158210343,low,0
S0044,2025-03-26,13,mid,5,62.45089208038726,0,0,3,1,0,2.0771565068106503,0.0,11.884432661146766,0.7774793464468438,0.3581075551347086,0.6706730389414137,0.10573223417503885,0.0,0.8174847881157075,0.8323054217152455,low,0
S0044,2025-03-27,13,mid,4,41.154241975782135,0,1,3,1,0,2.6815847601030467,0.0,10.35793609411617,0.973531960168731,0.8247689396161192,0.6334877338994682,-0.44418899573275494,0.0,0.9103399633465862,0.3152438546864097,low,0
S0044,2025-03-28,13,mid,3,31.445131164205172,0,0,2,0,1,3.8640246218595866,0.0,13.710375430310883,0.15373149745532533,0.19230515670556247,0.9238837624970826,0.6187150699266868,0.0,0.3117290770031268,0.9401902654485624,low,0
S0044,2025-03-29,13,mid,4,38.070042673023316,0,2,2,1,1,3.6881768598010645,0.0,8.442659784819059,0.10889156237512643,0.034120453715773214,0.4176816982556165,0.9182436927491417,0.0,0.53801166579667,0.7421568819431168,low,0
S0044,2025-03-30,13,mid,3,30.631600147614925,0,0,3,0,1,5.97885241971756,0.0,8.035323580386384,0.6576688339095841,0.723000954132139,0.07499425729612985,0.020649225902967583,0.0,0.8405806535617079,0.7133413985461899,low,0
S0044,2025-03-31,13,mid,4,49.11392175946697,0,0,2,0,0,7.360826565971493,0.0,11.385717733780233,0.5737495473551951,0.7902126136823098,0.9406985276227674,0.422923847819904,0.0,0.15442865761179636,0.08192009839089498,low,0
S0045,2025-01-01,1,mid,5,41.35143259569184,0,0,3,1,0,5.94273490239841,0.0,10.837149408603628,0.26165308712820445,0.24146004458933923,0.3606855354011672,-0.1631169776463428,0.0,0.11104437108816034,0.23128900836034694,low,0
S0045,2025-01-02,1,mid,5,55.357833718862096,0,0,2,0,1,6.029093299576597,0.0,14.26588695014697,0.6838183699874663,0.32144931378136343,0.20949544123454467,-0.4928386980917827,0.0,0.08373445976837701,0.4710376179313661,low,0
S0045,2025-01-03,1,mid,5,53.41076385503312,0,3,2,1,0,4.260691357090602,0.0,2.515650149212682,0.6279751230759753,0.28558393776171753,0.7185170722379134,-0.5940060499239366,0.0,0.06479200765295245,0.801328836280714,low,0
S0045,2025-01-04,1,mid,5,37.22186346707859,0,1,3,0,1,6.649708569273765,0.0,8.079046330120416,0.09101698620979548,0.5951699113317924,0.8630008727773163,-0.8414056611344713,0.0,0.6348877302115816,0.5116167517462242,low,0
S0045,2025-01-05,1,mid,4,42.06322578449547,0,1,4,0,0,8.0960389638562,0.0,10.04694941925247,0.5931157242999153,0.24886078460385608,0.9988790789932157,-0.4384408144479346,0.0,0.6831264855353387,0.4897359183944069,low,0
S0045,2025-01-06,1,mid,6,32.161162845646885,0,1,2,1,1,5.778327593524498,0.0,10.640785037711396,0.8173904642120949,0.5022540984108744,0.5022819031774541,-0.9824184191803764,0.0,0.0302497340369281,0.746227594970079,low,0
S0045,2025-01-07,1,mid,6,48.25726514597808,0,2,3,1,1,6.449673618118523,0.0,11.191186080629366,0.608632413388916,0.5824815880578723,0.3757809783806041,-0.8534438872902022,0.0,0.055542138842004096,0.15175091831509457,low,0
S0045,2025-01-08,2,mid,5,38.10402222206638,0,1,4,0,0,3.382267396956834,0.0,11.613195972754863,0.7424319361894408,0.43085137103399684,0.6053056902774968,-0.5248787379441706,0.0,0.8516567352344215,0.17333530792866048,low,0
S0045,2025-01-09,2,mid,5,27.68381478151072,0,2,4,0,0,5.6968979144716325,0.0,5.47583856766235,0.6752992616735157,0.6805274551095913,0.7240046089281781,0.7914760761765138,0.0,0.8248220492070207,0.6076970017489703,low,0
S0045,2025-01-10,2,mid,6,50.47178143936207,0,2,5,1,1,5.499377495738276,0.0,7.505378449441875,0.727568360071299,0.3069971090899827,0.537678492520005,0.29572418988741345,0.0,0.4633636947856584,0.5413413609570784,low,0
S0045,2025-01-11,2,mid,3,39.892552888960154,0,1,2,0,1,8.140741698985444,0.0,10.706450530826269,0.20080955648223664,0.34820883038748496,0.20380043899208145,0.7738571089116706,0.0,0.8585316160539698,0.16920312032581986,low,0
S0045,2025-01-12,2,mid,4,57.92297731091138,0,1,2,1,0,5.511810258653606,0.0,5.285979894171252,0.6131879472044032,0.6557763660952958,0.7686390813692356,0.8451583941888283,0.0,0.2401438094366305,0.6194638918345077,low,0
S0045,2025-01-13,2,mid,4,43.813632049857155,0,1,5,1,1,8.507066875575184,0.0,6.929374197629124,0.8213697032066304,0.5416457228337164,0.3039543000081789,-0.8196986591844573,0.0,0.28870083180986916,0.36465244404546726,low,0
S0045,2025-01-14,2,mid,3,60.857518429621436,0,1,4,0,0,4.424018754124517,0.0,10.475472651953675,0.6327085726522139,0.7028940514258462,0.77824461855757,0.5253726183025267,0.0,0.5083883519006137,0.26242261423103597,low,0
S0045,2025-01-15,3,mid,6,64.07597592433197,0,1,4,0,1,7.787153796861872,0.0,7.239050030103367,0.7063954066044782,0.3153057225124306,0.9342568887076438,0.01532388835686671,0.0,0.2577354129263352,0.6737932247427755,low,0
S0045,2025-01-16,3,mid,5,37.182954243648055,0,1,4,1,1,7.118485382523231,0.0,5.557467919047337,0.4123687258159363,0.39199753207039256,0.8367418266405451,-0.36868915362942545,0.0,0.6449239370431163,0.8734334380129395,low,0
S0045,2025-01-17,3,mid,4,68.71308044014583,0,0,5,1,1,9.007562326130973,0.0,11.364247335363801,0.9185838207587331,0.7392951340678454,0.031497504425513356,-0.06258096277036551,0.0,0.6756365247277853,0.3151288606363355,low,0
S0045,2025-01-18,3,mid,6,39.876986532520924,0,0,5,1,1,3.7428707740042775,0.0,14.920254873080037,0.7176917722618247,0.5075130233471454,0.08386063736899985,0.9641046988254385,0.0,0.08604554142024068,0.15843484806572972,low,0
S0045,2025-01-19,3,mid,5,43.87578636449791,0,0,4,1,1,6.354656723416299,0.0,7.130104337587516,0.31417726136859814,0.17160247211567348,0.7924456381095278,-0.5475581632514415,0.0,0.74891672198397,0.20669072929040078,low,0
S0045,2025-01-20,3,mid,4,48.18058312998067,0,2,5,0,1,3.9090865733300877,0.0,13.349473608837592,0.21844377139286397,0.3366690730617692,0.1926777644828539,-0.7417787868456225,0.0,0.36396390738363016,0.14679418548352774,low,0
S0045,2025-01-21,3,mid,4,45.02716856634272,0,2,5,1,0,6.7348307777146035,0.0,12.584332367679663,0.21669746476036256,0.3544677703737208,0.1250420902711189,0.06485833940343078,0.0,0.4465579097209005,0.294700765416552,low,0
S0045,2025-01-22,4,mid,3,54.7626511584865,0,0,3,0,0,3.205805146113252,0.0,4.993439694426742,0.8994032838298978,0.02437613063350541,0.6245853297105947,0.7753658100465666,0.0,0.41696008961446396,0.6509136091701927,low,0
S0045,2025-01-23,4,mid,3,54.4131881880201,0,0,4,1,0,1.8904913048556615,0.0,6.42075393303176,0.7836180536868689,0.2909584514066328,0.5376773909082423,-0.3267684830843751,0.0,0.8934758985141958,0.15511834274091363,low,0
S0045,2025-01-24,4,mid,4,49.86743479520947,0,2,1,1,1,6.229290151610366,0.0,11.836054406260693,0.3483439137204969,0.5505804448037792,0.6308372881201235,-0.16889429523435173,0.0,0.3578821604333907,0.8521316746871986,low,0
S0045,2025-01-25,4,mid,5,39.036334229045835,0,0,1,1,0,0.7596678188183725,0.0,15.548546728126361,0.893163141112903,0.9103388659298053,0.27265675744909523,-0.28325545689662346,0.0,0.8519242416571601,0.4908245302366804,low,0
S0045,2025-01-26,4,mid,5,31.84359346821575,0,1,1,1,0,4.422627464778115,0.0,7.071280972910684,0.9011759586464195,0.9596699088372583,0.4326791666393196,-0.9978898148430824,0.0,0.4993244929506777,0.22717672726896998,low,0
S0045,2025-01-27,4,mid,4,36.369704141172214,0,0,2,0,0,4.284569925723243,0.0,12.405688929254556,0.6655842454847365,0.8587484918284508,0.9732007289918236,-0.5794286182983701,0.0,0.12292811256599456,0.7407369458228515,low,0
S0045,2025-01-28,4,mid,5,32.14830355828481,0,1,5,1,0,5.818364033657561,0.0,4.929636377156107,0.3366850259351597,0.3187340434972149,0.020419550030299494,0.19880488598628254,0.0,0.972505559791269,0.7612563289309122,low,0
S0045,2025-01-29,5,mid,5,35.34452313520133,0,0,5,0,0,3.0320214611497907,0.0,8.04319350936484,0.6186145811131679,0.29007288348813765,0.036046298130815946,0.06266915794579364,0.0,0.874685675009215,0.4513390143565773,low,0
S0045,2025-01-30,5,mid,3,40.615674630364026,0,1,4,0,1,1.7590034653232225,0.0,17.47895017796007,0.7202714712717339,0.7323288082798551,0.3325499645781077,-0.994090275048739,0.0,0.3143077792507726,0.5347382069181266,low,0
S0045,2025-01-31,5,mid,2,50.03120167924213,0,2,2,0,0,4.8172368883619825,0.0,8.532913327189519,0.5105706217599958,0.35790447716026563,0.04955841970526076,-0.055403330261286854,0.0,0.9756963802732299,0.07221128056619142,low,0
S0045,2025-02-01,5,mid,4,50.19147300723798,0,1,2,0,1,4.675501276593647,0.0,4.076107794795375,0.2621601495179785,0.4021098208160232,0.2824298745164394,0.27143827142061117,0.0,0.36066085676405524,0.3462967305968273,low,0
S0045,2025-02-02,5,mid,5,38.62116061971348,0,2,3,0,1,3.8558261459893233,0.0,10.32016006270237,0.920291903949599,0.13691872426673546,0.21336609618867386,-0.6864075688720381,0.0,0.49750054893015605,0.8168538716376821,low,0
S0045,2025-02-03,5,mid,4,40.65957019644811,0,2,2,0,1,6.226687913237042,0.0,12.292432937605446,0.07442764279741887,0.4618704450551928,0.07874957941035232,0.23971064368209816,0.0,0.07703154915136834,0.048414807889010536,low,0
S0045,2025-02-04,5,mid,5,43.35759660007304,0,1,5,1,0,5.519473674507988,0.0,10.530256852096867,0.4274382722361286,0.09584123495301455,0.021721883937642628,-0.4162378554673012,0.0,0.9324769889011808,0.7477996105527037,low,0
S0045,2025-02-05,6,mid,3,48.50891032056187,0,2,5,0,0,4.570707159104736,0.0,12.529430056937493,0.797444260196377,0.6869406198755751,0.7623567924214608,-0.9474523343967947,0.0,0.42995711745638887,0.8570935057677411,low,0
S0045,2025-02-06,6,mid,6,43.96019951223298,0,1,3,0,1,4.6826959952637734,0.0,8.659085735739522,0.9180835954518356,0.574355842860098,0.9104785519213875,-0.3811670970510104,0.0,0.6366264091370968,0.28674277238474555,low,0
S0045,2025-02-07,6,mid,4,40.28738520678411,0,3,1,0,1,9.957882007195895,0.0,14.058977227062057,0.8288366099338216,0.48415241457288116,0.47848714092125133,0.260369259935078,0.0,0.08830804293774541,0.5821401396616411,low,0
S0045,2025-02-08,6,mid,4,42.21346755508367,0,1,4,0,0,7.177962605498999,0.0,15.942947323378473,0.24889498762980733,0.9830471706266025,0.8463241973671747,-0.9589431458651501,0.0,0.42225242392967155,0.3589719278486707,low,0
S0045,2025-02-09,6,mid,4,50.56129615660939,0,1,3,0,0,5.140204946959437,0.0,9.119240727831267,0.6676236622775283,0.01621527957407687,0.9492609417039388,0.08447395026171955,0.0,0.6122738823832372,0.5641506129029517,low,0
S0045,2025-02-10,6,mid,5,42.03915794390346,0,0,4,0,1,4.8206369184009406,0.0,10.964838576578808,0.39838332830395484,0.6313007464172745,0.9072688057691309,-0.410955669626641,0.0,0.947605400054685,0.28256168831001005,low,0
S0045,2025-02-11,6,mid,4,53.253702883721594,0,0,4,0,1,2.4911241227854712,0.0,4.136288445691435,0.6115762844878767,0.26269345524907795,0.23727453235452,-0.033121561243439235,0.0,0.03563336944670348,0.642849392871208,low,0
S0045,2025-02-12,7,mid,5,52.94266403444796,0,1,1,0,1,3.299939852772585,0.0,7.638677281301516,0.7728059686242217,0.3452069808517253,0.5006644173289009,0.5714509217119599,0.0,0.9365141422295504,0.5382140627218884,low,0
S0045,2025-02-13,7,mid,4,46.22335756629782,0,1,4,1,0,3.2832816383579813,0.0,12.088477608301005,0.754503413387211,0.6694923361663242,0.5073703701046381,0.942911349618131,0.0,0.8834145455666162,0.5631762198250997,low,0
S0045,2025-02-14,7,mid,3,49.439621262125854,0,3,1,1,1,5.906764036013545,0.0,13.071975772733534,0.1755802181343208,0.4582580261595973,0.9749003064928654,0.46450156300119283,0.0,0.934285744748347,0.808837739351379,low,0
S0045,2025-02-15,7,mid,5,50.342712140941174,0,2,5,1,1,1.6528565043422785,0.0,9.396932199793957,0.6327810803525173,0.20945923006123623,0.4887763231036474,-0.6195598066422969,0.0,0.7596713881272834,0.3208018988917123,low,0
S0045,2025-02-16,7,mid,6,41.409242587797245,0,1,3,1,1,4.727281310306669,0.0,10.94246098801829,0.07544235506942154,0.24954502052161953,0.3134182870886121,-0.0973594354202445,0.0,0.525239091583651,0.7253302493849373,low,0
S0045,2025-02-17,7,mid,4,54.28130379491381,0,1,5,1,0,6.168834175639107,0.0,10.824664051403406,0.889058134596836,0.32644834946183166,0.23421944048599075,-0.4518994213089711,0.0,0.28733462146086175,0.08224575684576407,low,0
S0045,2025-02-18,7,mid,4,40.73086130227797,0,0,2,0,1,4.751628240013964,0.0,7.198419709445671,0.29733011176984847,0.1564449828285771,0.1712374291688754,-0.3083320821070712,0.0,0.02539408038018165,0.06465643425047451,low,0
S0045,2025-02-19,8,mid,5,59.40065827927768,0,0,1,0,0,4.138699187733482,0.0,11.650754551555469,0.5188633428060816,0.5076843044854465,0.33421083739598245,0.5192718215515919,0.0,0.6582859637172938,0.8642173321217143,low,0
S0045,2025-02-20,8,mid,4,40.62732079925382,0,1,1,1,0,6.9614642239835725,0.0,7.242659226392446,0.5815857075918455,0.4635644352419689,0.11643969825222134,-0.837024667431727,0.0,0.703623184906142,0.12460448453367934,low,0
S0045,2025-02-21,8,mid,6,40.564940424519804,0,3,2,0,0,2.2576335084445325,0.0,8.028533453941078,0.6704425202907257,0.4569098085800761,0.17273367855434962,-0.08742423005739752,0.0,0.9313942122410546,0.4107984212136736,low,0
S0045,2025-02-22,8,mid,4,55.89424011769245,0,3,4,0,1,2.6099109332094983,0.0,11.421250343263983,0.26419218379847753,0.44787811637119235,0.3145960440119213,-0.7417151136583986,0.0,0.4823228518037971,0.5113574106571279,low,0
S0045,2025-02-23,8,mid,4,41.510972496564115,0,0,2,1,1,2.467736511420097,0.0,8.816389096573943,0.061769338574368615,0.7527274695115783,0.5570984967633257,-0.8859784037896574,0.0,0.468018948118443,0.038832907465619626,low,0
S0045,2025-02-24,8,mid,3,31.031531509354313,0,3,1,0,1,6.468152976160778,0.0,15.027310012243069,0.5559997563757497,0.6391079822529646,0.3754029146351845,-0.616046983510238,0.0,0.806412705232288,0.3843697723431536,low,0
S0045,2025-02-25,8,mid,4,47.93866156883206,0,1,1,0,0,4.317969407023757,0.0,9.714110952335872,0.8172666061923288,0.6888906733871335,0.5280823904647788,-0.18996212633562926,0.0,0.8954156927361758,0.26446522251346116,low,0
S0045,2025-02-26,9,mid,5,43.68241522067655,0,0,5,0,0,7.778779676258033,0.0,12.249377503682918,0.9877947790208754,0.3781870456698383,0.02936121327954111,0.36520609386006764,0.0,0.01332976707202338,0.5683112663382371,low,0
S0045,2025-02-27,9,mid,6,62.58976195138674,0,0,2,0,1,7.205987352577495,0.0,7.845734857176714,0.9216542798523516,0.40421628574504365,0.09830521532467573,0.3852332849001592,0.0,0.9075276391849421,0.9804070654283363,low,0
S0045,2025-02-28,9,mid,4,53.02015413888065,0,0,2,0,0,4.4950674879739285,0.0,6.317919811820436,0.531755595989889,0.3825327189405159,0.14969603560548495,-0.4203591102784474,0.0,0.6327650347067095,0.7268236586733964,low,0
S0045,2025-03-01,9,mid,5,45.974299219607396,0,1,1,0,0,6.13068040738332,0.0,10.751818303505122,0.2852356687275721,0.009652199293853636,0.3209680729206521,0.9438686369908347,0.0,0.8819703303436187,0.050356256097220276,low,0
S0045,2025-03-02,9,mid,4,45.038584300317304,0,1,3,1,1,5.290993495900872,0.0,8.874049444057068,0.5702738266349651,0.21391387767237824,0.20507718370345418,-0.4176129836270486,0.0,0.7982129200951388,0.15050326817285364,low,0
S0045,2025-03-03,9,mid,5,34.4440500483538,0,1,1,0,1,6.936569132394644,0.0,11.93102397157612,0.3968227983874504,0.5428407642274949,0.26511557624186044,-0.37951755644006413,0.0,0.5016195492659692,0.15113832513954217,low,0
S0045,2025-03-04,9,mid,3,35.56233717799836,0,0,5,0,1,2.418102424470701,0.0,9.78150993404656,0.3483834858486198,0.8840088146420995,0.6433207176968174,-0.9803115035199526,0.0,0.966762469532691,0.7839074946030712,low,0
S0045,2025-03-05,10,mid,5,55.243108356870664,0,1,4,0,0,7.107410259216133,0.0,10.895101337608118,0.17232876796762053,0.825070449996948,0.9074334049004059,0.677735125227094,0.0,0.6272595358116039,0.9263800550886939,low,0
S0045,2025-03-06,10,mid,6,46.73753580181685,0,1,4,1,0,6.516166018851447,0.0,8.000345050769788,0.4474471412190105,0.3348104788358296,0.20346670365953523,0.2668077900565491,0.0,0.33367812887242754,0.8129187596282718,low,0
S0045,2025-03-07,10,mid,4,37.250019382219364,0,1,1,1,1,4.805184154558163,0.0,11.074608359373906,0.3046748609982892,0.407362527688207,0.5228333933273008,0.4831104062351905,0.0,0.8811018750963169,0.46317987537900096,low,0
S0045,2025-03-08,10,mid,4,33.37675355262204,0,2,3,1,0,8.396249910169677,0.0,12.830795870022115,0.8840952549452976,0.6910441025927352,0.6832336389931433,-0.7909940175041035,0.0,0.5068409254507,0.6731934343440956,low,0
S0045,2025-03-09,10,mid,4,57.889526264407074,0,0,3,1,1,3.0477212983233417,0.0,3.5829830747684444,0.5501155958036568,0.969999493313116,0.7406020623494252,-0.5551414765656781,0.0,0.6336623096590052,0.3461280515356815,low,0
S0045,2025-03-10,10,mid,4,49.32203189279494,0,0,1,1,0,7.148941407883465,0.0,8.188719804020817,0.15607381026305334,0.3578902651956338,0.43573803439154846,0.7519402847286081,0.0,0.4763633607164466,0.511955412702374,low,0
S0045,2025-03-11,10,mid,5,33.1283422227016,0,0,3,0,1,2.9166371345908204,0.0,12.365000057932512,0.8353968449978691,0.8340112584881669,0.28552637404806613,0.5070802609736595,0.0,0.8575458759794533,0.5901328439371466,low,0
S0045,2025-03-12,11,mid,4,24.70828745252072,0,1,3,1,0,3.4406098574393997,0.0,9.428939122319882,0.3210344409891115,0.37347938094785704,0.2554791324241321,-0.7972837617300237,0.0,0.5216672425615551,0.8650811697554708,low,0
S0045,2025-03-13,11,mid,3,37.683180808074866,0,0,4,1,0,7.9345187950893905,0.0,9.974589572612945,0.3846375208673546,0.4923772816378206,0.8876235206103688,-0.5849778925167,0.0,0.9938524634018352,0.4563061780077696,low,0
S0045,2025-03-14,11,mid,5,42.00921077986818,0,0,5,1,0,5.114124847843442,0.0,9.561454229734695,0.9621303262144554,0.4220335570360464,0.4237329837680467,-0.9084622427255069,0.0,0.8903790846867483,0.9291213874629298,low,0
S0045,2025-03-15,11,mid,5,15.340442418558634,0,4,3,0,1,4.066339682675837,0.0,9.834714604222178,0.9153150653185941,0.9584137819529208,0.08393906028816278,0.06525328881552106,0.0,0.3251396063368691,0.34253428466287805,low,0
S0045,2025-03-16,11,mid,3,43.62207787746351,0,0,2,1,0,0.7012017296386635,0.0,14.51816674464198,0.36487612003241787,0.22201867103581507,0.25255839309164285,-0.6472405923243587,0.0,0.8517452498217103,0.5482836961498082,low,0
S0045,2025-03-17,11,mid,2,43.05383154668072,0,3,3,1,1,7.737645457725279,0.0,8.814534286649225,0.951954432626891,0.6238529746100123,0.38883709235272146,0.5397105470946044,0.0,0.5052239834292209,0.3676202798906616,low,0
S0045,2025-03-18,11,mid,5,39.59069786853371,0,3,4,0,0,4.235767542212697,0.0,13.21406689035587,0.20867827218001267,0.8239296181501711,0.644126430229102,0.7870593117387559,0.0,0.006243653519515502,0.4011564532405959,low,0
S0045,2025-03-19,12,mid,5,51.687975939612514,0,1,4,0,0,7.120718331465602,0.0,9.519074952368666,0.3934562616967805,0.8402917840677216,0.837734425624937,0.5417963986830221,0.0,0.037642399863446196,0.14797224440361978,low,0
S0045,2025-03-20,12,mid,5,40.40325356487871,0,1,2,0,0,5.445921666481381,0.0,13.031011149361769,0.33195445306080396,0.8516767392852357,0.5966242732765257,-0.28372479492725544,0.0,0.322539347130136,0.32061415824518036,low,0
S0045,2025-03-21,12,mid,4,39.174496905473184,0,1,5,0,0,1.3270100125843025,0.0,14.433614270540668,0.060937232484416626,0.8498381097667531,0.3755147828664389,-0.012738518099072227,0.0,0.4075133354835784,0.4886526784499662,low,0
S0045,2025-03-22,12,mid,6,35.890475927087024,0,0,4,1,0,2.5072153812698317,0.0,10.063625668229612,0.7955993924967047,0.6115187498838173,0.2684593049814634,-0.5524327121999446,0.0,0.9249080678894445,0.6370562721639433,low,0
S0045,2025-03-23,12,mid,4,51.55887657472662,0,1,2,1,0,6.175696181858645,0.0,12.186684809155889,0.19397431208722093,0.40160168189850687,0.1425818512087107,-0.7331526924581571,0.0,0.7121273546232116,0.5304591323775849,low,0
S0045,2025-03-24,12,mid,6,51.578407990469984,0,0,3,1,0,4.690440504339679,0.0,11.33775277013294,0.07915493356771486,0.24108478917742504,0.8303764387634761,-0.5924703855013485,0.0,0.3950673953819904,0.2735060693057879,low,0
S0045,2025-03-25,12,mid,5,39.01256409170565,0,2,4,0,1,2.0590421101273373,0.0,15.393598581341582,0.33415272967977006,0.4894295955389597,0.31379323937219716,0.7411298382850342,0.0,0.0730403044251241,0.030153624946904545,low,0
S0045,2025-03-26,13,mid,3,41.587063415299234,0,1,2,1,0,9.982168127663044,0.0,8.10228293080843,0.9209269551037645,0.5398435880544226,0.23659485854856188,0.4772536802391971,0.0,0.3754292784764608,0.28511507825871096,low,0
S0045,2025-03-27,13,mid,4,43.550959272375785,0,4,5,1,1,8.65682552211111,0.0,9.741682489104523,0.680768415745767,0.9872719411456186,0.9233226007030846,-0.6274665629240175,0.0,0.8598671326697216,0.8429352622519761,low,0
S0045,2025-03-28,13,mid,3,53.51806019738642,0,0,3,1,1,1.998524236562444,0.0,10.681089159350474,0.20982621107280308,0.8152659114940399,0.25020860145627977,-0.9171472042483164,0.0,0.428412272834647,0.8173504547328779,low,0
S0045,2025-03-29,13,mid,6,41.31657649116503,0,3,2,1,1,3.949707943699221,0.0,2.6575684707699825,0.5824428086410303,0.1984293095923484,0.7290336646766983,-0.3821707834186643,0.0,0.6602240699568256,0.5139831650647095,low,0
S0045,2025-03-30,13,mid,3,62.059565687677875,0,2,5,0,1,4.924233943732642,0.0,4.837184796942991,0.38478030202551927,0.8194865134900534,0.8216870270768133,-0.3280159183380402,0.0,0.4507952800131594,0.9765874980571837,low,0
S0045,2025-03-31,13,mid,4,50.69620785783102,0,0,4,1,0,4.017865092370247,0.0,8.542825599097426,0.8709700909863581,0.8598205360474814,0.27202876899662864,-0.9324661308937232,0.0,0.8690867785255341,0.0573253436481268,low,0
S0046,2025-01-01,1,mid,3,48.01743902379164,0,2,1,1,0,2.485329353849034,0.0,9.029244797196442,0.9090402616303873,0.5524092155282728,0.8073389241200222,-0.7925479703931764,0.0,0.9734585363886765,0.8097376468069011,low,0
S0046,2025-01-02,1,mid,3,33.172695731930915,0,0,5,1,1,5.409248956042079,0.0,14.05683220529744,0.19098075835410888,0.26446627214660723,0.6421787488062145,-0.36277968956851625,0.0,0.682132504605836,0.7782282434648662,low,0
S0046,2025-01-03,1,mid,3,30.697158411332172,0,0,5,0,0,4.823540574050665,0.0,10.330366229964865,0.9606004418424179,0.7067356726149467,0.19661034047308035,-0.07405637378752283,0.0,0.6989509463697261,0.016972648022674286,low,0
S0046,2025-01-04,1,mid,5,15.721820684845227,0,2,5,0,0,7.277541354609738,0.0,12.068458094991206,0.3347696918214461,0.9702326896007331,0.6406018652440252,-0.8086426019417237,0.0,0.9662844266531886,0.7439930662224533,low,0
S0046,2025-01-05,1,mid,2,53.44908897243125,0,2,2,1,0,4.182234179854987,0.0,10.710077741729544,0.5313242276749826,0.04979548056335226,0.983876939920878,0.4188915438588918,0.0,0.6303846324633013,0.18639342147787585,low,0
S0046,2025-01-06,1,mid,4,78.62749602579791,0,0,3,1,0,4.869183443301237,0.0,11.29038788314573,0.5312671554836946,0.15750258097065895,0.5483623388757913,-0.9278281016502501,0.0,0.14987757445686611,0.17124680349508048,low,0
S0046,2025-01-07,1,mid,4,64.63922748404826,0,2,5,1,1,6.147383162121101,0.0,8.020678339971287,0.673391360687125,0.7067687098370855,0.14857788569647046,0.3376281473206215,0.0,0.6908937098203936,0.0026370847033859723,low,0
S0046,2025-01-08,2,mid,3,42.409735361900026,0,1,4,1,1,3.959486144077989,0.0,9.945876103822991,0.8455922128750106,0.026366040016279957,0.061639694181784166,0.2808132664349743,0.0,0.9169335230254371,0.8921211346441967,low,0
S0046,2025-01-09,2,mid,3,40.3431543307058,0,1,4,1,0,8.059000422180251,0.0,10.9529864151922,0.010623752708259104,0.5248012756037078,0.8828879046404543,0.27443569096234555,0.0,0.683781023502291,0.4743321820134886,low,0
S0046,2025-01-10,2,mid,3,50.51804016179648,0,1,5,1,1,6.9005005081935975,0.0,14.394141411668098,0.1801461214696266,0.44962168929102897,0.6786193548433423,0.8032085388847927,0.0,0.12209962821129039,0.008739418248606023,low,0
S0046,2025-01-11,2,mid,4,58.50535835727877,0,0,2,1,0,5.613474809673483,0.0,11.080492226752028,0.7513506039953968,0.04735282167595922,0.7816548674325341,-0.5987813938349864,0.0,0.02600875981089179,0.491889870248135,low,0
S0046,2025-01-12,2,mid,3,46.39443676911274,0,3,4,1,0,3.3886815793824416,0.0,17.431228488317732,0.9725876568098888,0.6451125321172891,0.8403565022253621,0.010818057087152999,0.0,0.5548578579442208,0.6628890236121588,low,0
S0046,2025-01-13,2,mid,3,61.98380067625748,0,0,3,0,1,4.209486147708758,0.0,5.8864438060551505,0.8746594728255118,0.9770701815888136,0.5771019706415461,-0.7079892394423892,0.0,0.4275555810641559,0.6020765106375667,low,0
S0046,2025-01-14,2,mid,2,39.67260610274833,0,0,5,1,0,6.085142131767649,0.0,8.907203149379113,0.7790603185665496,0.055312982938919175,0.32017673005786307,0.06386630421789463,0.0,0.06060863952195539,0.6831712629262854,low,0
S0046,2025-01-15,3,mid,2,28.81590309880666,0,0,4,1,0,7.027252639526027,0.0,11.37373275350712,0.38734539283716496,0.06149122312110866,0.7588540067289421,-0.9602610780871201,0.0,0.8308783551243364,0.3608606416215764,high,1
S0046,2025-01-16,3,mid,4,58.91765609602622,0,0,2,0,0,4.663627504118957,0.0,8.971842303840601,0.15616574713000375,0.14538566408763187,0.17166989797900467,-0.03956425645891204,0.0,0.7843622877984587,0.8982772750471963,low,0
S0046,2025-01-17,3,mid,2,47.30241578680528,0,0,4,0,1,4.545511276058584,0.0,6.222051148451033,0.08687195962783101,0.44803332844037846,0.0040622841595401304,-0.11305964591664752,0.0,0.6878923029065732,0.18283002227213208,low,0
S0046,2025-01-18,3,mid,2,71.33796798823425,0,0,3,0,1,1.3999392143369276,0.0,13.21192641951961,0.2969588787869586,0.41139798057373467,0.4598279291596723,-0.33770422565500646,0.0,0.25798961046940816,0.6238203767851158,low,0
S0046,2025-01-19,3,mid,2,40.05779518481336,0,3,1,1,0,6.449156164716822,0.0,4.200558582554394,0.4389811321377235,0.7219922514943384,0.8006280872289626,0.056019999682070276,0.0,0.3939563443577848,0.911845982026107,low,0
S0046,2025-01-20,3,mid,4,56.592149850131314,0,0,3,0,1,2.4511664452114554,0.0,13.062572313258263,0.7385044922766695,0.7781521027918743,0.3004094536341435,0.952533371446507,0.0,0.5166947423957028,0.21787029147894843,low,0
S0046,2025-01-21,3,mid,4,52.638251540095666,0,1,2,1,0,4.391262367627101,0.0,11.300266462464217,0.9055861522468038,0.5798763647720373,0.9029113051790102,-0.738257721254169,0.0,0.4639287866413876,0.29645908997953674,low,0
S0046,2025-01-22,4,mid,3,52.82784480244978,0,2,5,0,1,4.022974822322904,0.0,8.562225429040645,0.5097723187297301,0.5200844636456625,0.7230220467086721,-0.597064374059578,0.0,0.09265995824500473,0.6660913177090527,low,0
S0046,2025-01-23,4,mid,6,42.99458043579378,0,1,4,1,1,5.8363085097218335,0.0,5.400396589554225,0.9232458649322913,0.03612927448463088,0.964858507779155,0.488634310461207,0.0,0.6862417610884113,0.6138339100917538,low,0
S0046,2025-01-24,4,mid,4,41.75283046738361,0,2,5,1,1,3.2738450193028243,0.0,10.29200245123116,0.5881835591567188,0.7775400229737779,0.98681380404516,-0.35944090032860254,0.0,0.1551247508591812,0.36590120282521355,low,0
S0046,2025-01-25,4,mid,3,42.1069197219316,0,1,2,0,1,4.474950965185783,0.0,12.769215271454408,0.7622053794244582,0.36502917584302286,0.8631134713959091,-0.24922158315976306,0.0,0.18604162543374603,0.4890619608108906,low,0
S0046,2025-01-26,4,mid,4,34.570690446610094,0,1,2,0,1,2.5095018383808503,0.0,4.3535823998363945,0.27402795633691956,0.1844547284988839,0.28918719894496947,-0.574723838110796,0.0,0.4324691166251923,0.23331353911050312,low,0
S0046,2025-01-27,4,mid,2,46.4892642983221,0,1,3,0,1,6.840914574718162,0.0,8.66044888374683,0.9785755527377966,0.030138778730953386,0.635316920763971,-0.5127206992276421,0.0,0.7279622880951043,0.7727190092049641,low,0
S0046,2025-01-28,4,mid,3,60.23110871409003,0,0,4,0,1,6.892973548067244,0.0,7.211323555027283,0.6279398137243276,0.37766847608686316,0.53509451847745,-0.1578494954975831,0.0,0.14643635719448622,0.7807708457602471,low,0
S0046,2025-01-29,5,mid,4,50.091259113629945,0,0,2,0,1,5.136690962772178,0.0,6.608659409458561,0.5703872188127339,0.4848098194418695,0.6527842782918937,0.42843826215939407,0.0,0.13711317774313647,0.6169240430517873,low,0
S0046,2025-01-30,5,mid,3,38.44819361986651,0,0,1,1,0,6.304440151077423,0.0,10.67933324821996,0.16597913331940783,0.18926114392769533,0.6005284797113769,-0.09287498245062231,0.0,0.7181046055669684,0.2878853271732196,low,0
S0046,2025-01-31,5,mid,1,53.75329477419388,0,0,1,1,1,6.515534373473706,0.0,10.969227643043956,0.6676615713431789,0.589962443642079,0.14906559349038262,-0.3023043696440051,0.0,0.548287264555405,0.9340461151486954,low,0
S0046,2025-02-01,5,mid,2,32.32446193842887,0,2,2,1,0,5.700886296615562,0.0,11.923413661855644,0.5714106762744539,0.32474776148480566,0.14604415574762586,-0.11367888909318857,0.0,0.7837595205905457,0.7453097250815051,low,0
S0046,2025-02-02,5,mid,3,48.62862674611864,0,0,3,1,1,7.3912976573969225,0.0,11.959932839293911,0.9984167273434362,0.9334164310256944,0.2998493460468774,-0.20707141534596718,0.0,0.7759671357830776,0.3881515807728194,low,0
S0046,2025-02-03,5,mid,4,47.36528858855485,0,1,3,0,0,4.549308661744146,0.0,9.618125422804862,0.33036243839779433,0.6858592232526532,0.05884155536883395,-0.4514176306388602,0.0,0.1116016264239853,0.4044780359645369,low,0
S0046,2025-02-04,5,mid,4,41.14546648826071,0,1,1,1,1,2.291992614014849,0.0,10.694136787174507,0.4722266888705705,0.5186712770549231,0.9887316340576321,0.43643907796642445,0.0,0.519402130577629,0.431990761007215,low,0
S0046,2025-02-05,6,mid,4,51.72383715831363,0,0,5,0,0,10.15608845644346,0.0,15.61680272481275,0.49197778398020753,0.45887851106534294,0.7745598195271125,-0.22463618997123525,0.0,0.20673504820143462,0.1355692775382744,low,0
S0046,2025-02-06,6,mid,3,41.775470513792854,0,2,1,1,0,4.743594176343751,0.0,7.594273805584482,0.4275830122101968,0.6856781548473773,0.19940377894757033,0.9675414312383206,0.0,0.1552790295458878,0.5983663402774637,low,0
S0046,2025-02-07,6,mid,3,41.11532388254166,0,1,3,0,1,6.4344373325639825,0.0,3.2706640052196096,0.45169696174557905,0.2598917909751227,0.9972709175592801,0.6967151568137129,0.0,0.23798734445792025,0.89239854468441,low,0
S0046,2025-02-08,6,mid,3,45.34754163061998,0,0,4,0,1,4.870924273768598,0.0,6.016092791712275,0.3812887073752237,0.14899617191358006,0.39455542517935727,-0.39132101772855554,0.0,0.4101559389080358,0.172310886267098,low,0
S0046,2025-02-09,6,mid,3,46.194817528546025,0,1,1,1,1,5.324635618950997,0.0,8.003501404214713,0.936402799571454,0.29161039654384346,0.3932516485987325,0.17631620405457515,0.0,0.0932111601641622,0.9502834489504337,low,0
S0046,2025-02-10,6,mid,2,44.14765706048902,0,0,2,0,1,2.3816295576866544,0.0,6.5555515354574085,0.3220885235997274,0.7778485158913592,0.30838152168900723,-0.9720038143123433,0.0,0.36553513718407493,0.278237179692039,low,0
S0046,2025-02-11,6,mid,3,53.91770995606276,0,0,1,1,1,6.401229066213542,0.0,13.696645445380792,0.4622280927744553,0.40583510251564703,0.8723824793071897,-0.04983522278187613,0.0,0.37535713922992575,0.354250204894491,low,0
S0046,2025-02-12,7,mid,3,29.211201086502953,0,0,1,0,1,2.456910788752907,0.0,13.320481632302258,0.8618441381066978,0.2133097063248398,0.7877047830465771,-0.060425334401657205,0.0,0.2987870811920621,0.3796582650812341,low,0
S0046,2025-02-13,7,mid,4,46.45133548767735,0,0,1,1,1,4.272344593370221,0.0,11.1816474543405,0.9383376485752539,0.5742436427147685,0.18991369574765882,0.6896401085774484,0.0,0.39057599217086736,0.7328134212621582,low,0
S0046,2025-02-14,7,mid,5,54.05269934774874,0,0,4,1,0,6.348761816908635,0.0,11.377164983402269,0.695279635091173,0.2774973114757574,0.22590396149575198,0.13087317901792184,0.0,0.19677949803556194,0.37909975647029803,low,0
S0046,2025-02-15,7,mid,2,53.53324244359682,0,1,5,0,1,6.11437713090109,0.0,9.735370240683105,0.32848014702027906,0.7560611136022187,0.2629824398546575,-0.3281255972348678,0.0,0.6053903472712061,0.03666618814950273,low,0
S0046,2025-02-16,7,mid,3,39.987287005523655,0,0,3,1,1,8.763520246420294,0.0,8.55882925204209,0.976835668276168,0.5213092778715739,0.7344748318100984,0.7922943051263356,0.0,0.5431853013731911,0.1667652830361136,low,0
S0046,2025-02-17,7,mid,4,56.39960270884995,0,2,2,1,1,6.579598824528424,0.0,8.496119212915374,0.5982393611750388,0.0833753359774605,0.387198573698351,0.11266137086997752,0.0,0.25150282996727014,0.0398338961246365,low,0
S0046,2025-02-18,7,mid,3,22.6552525020726,0,3,5,1,1,4.357381760765598,0.0,7.112900363022959,0.8364006403131241,0.491986760591397,0.8423630678957627,-0.7664948311998738,0.0,0.7770289007704706,0.38960511281842825,low,0
S0046,2025-02-19,8,mid,2,55.296989481993535,0,2,2,0,1,6.854191818032766,0.0,10.454825753592546,0.10793251286333139,0.5434799486200125,0.9813107568087218,0.9831139492807397,0.0,0.6791590255698728,0.1676516818889604,low,0
S0046,2025-02-20,8,mid,3,52.356213143697516,0,1,5,1,0,6.070225371185027,0.0,10.300898594431851,0.6878054326370096,0.8193270324058799,0.7209339076317186,0.5618288616455287,0.0,0.6379709549201383,0.7264086164140788,low,0
S0046,2025-02-21,8,mid,5,39.58814516092292,0,0,4,1,0,0.0,0.0,10.727564829481766,0.17245151335801256,0.896950556805759,0.6200246516924924,-0.7454171344674971,0.0,0.25546262154711463,0.7645852952412708,low,0
S0046,2025-02-22,8,mid,4,53.9953890999322,0,2,3,1,0,4.516520372128549,0.0,11.502856529256553,0.08243927916105864,0.562755226939962,0.4830007733051277,0.44120956764765795,0.0,0.5426751805776782,0.396466775476471,low,0
S0046,2025-02-23,8,mid,3,43.294780259245236,0,0,5,1,0,4.619211386688379,0.0,9.445711202916854,0.5633102337554167,0.7274617690985309,0.9045392695701482,0.7880687509373769,0.0,0.15532758077675413,0.9954739500762209,low,0
S0046,2025-02-24,8,mid,4,42.37260976629253,0,2,3,1,1,6.1709209958907,0.0,9.784537178140631,0.38221713056196815,0.24307145173067835,0.6770915140323847,-0.8385043743794993,0.0,0.12664251938375481,0.9704817893302673,low,0
S0046,2025-02-25,8,mid,5,44.23822621487971,0,0,2,0,1,6.935996430024032,0.0,10.959763776991117,0.8911132051513952,0.7202054014008323,0.5748122045245202,-0.08532988850108114,0.0,0.4495159949152683,0.4250991314310648,low,0
S0046,2025-02-26,9,mid,5,54.17685868286804,0,2,4,0,1,5.575345320310866,0.0,14.811104926005639,0.19881695349837403,0.12970164799072592,0.0700828665794967,-0.3471336901486115,0.0,0.6887608623247738,0.9138562439863904,low,0
S0046,2025-02-27,9,mid,4,25.19972917958798,0,1,4,1,0,3.188091149147854,0.0,11.01628200635872,0.7244191861024001,0.34905710304244897,0.457472730703548,-0.7502800803609788,0.0,0.7086260560983356,0.37622214720467473,low,0
S0046,2025-02-28,9,mid,2,64.17701744730257,0,0,5,1,1,6.710166613617076,0.0,7.9020263096623875,0.006417747059272894,0.27756578517321606,0.10799807143767548,-0.15183621510808054,0.0,0.6379128835412831,0.1713109081057803,low,0
S0046,2025-03-01,9,mid,3,31.007351971611122,0,1,1,0,1,4.324788431265261,0.0,13.07285328009543,0.9183742547197518,0.3055746478564645,0.5428721626076404,-0.892807683612215,0.0,0.6802730892929567,0.7954727079476056,low,0
S0046,2025-03-02,9,mid,4,26.46336212465734,0,1,1,0,1,6.334805851978256,0.0,8.852238904503173,0.6449905930396197,0.46813804429435935,0.5405587006261965,-0.33714197345454644,0.0,0.9739156681795187,0.17595599127913397,low,0
S0046,2025-03-03,9,mid,4,53.37301813570592,0,2,3,1,0,5.620793860532469,0.0,11.642863452788902,0.02152280416847252,0.3470308699974486,0.8636180500027458,0.30614050792187286,0.0,0.20960132124989472,0.4664871346685904,low,0
S0046,2025-03-04,9,mid,4,36.24499413130327,0,1,3,0,0,1.8424104682717726,0.0,10.285200514940916,0.04171902401217353,0.951497355523487,0.23682937683510075,-0.40178912696346947,0.0,0.6427852096352921,0.42862908680261325,low,0
S0046,2025-03-05,10,mid,3,43.53912349162632,0,1,2,0,0,0.5259853480217203,0.0,7.916933837400425,0.6321441923770895,0.6513965889391736,0.660745395636221,-0.4484847160614511,0.0,0.9413024726154743,0.21344424774373516,low,0
S0046,2025-03-06,10,mid,2,36.63273332943026,0,3,1,1,0,4.880768114603564,0.0,6.023643562285958,0.11932108226942262,0.8426814329362126,0.8188054229075508,0.34691156074013074,0.0,0.9200223800683033,0.39994976402269966,low,0
S0046,2025-03-07,10,mid,1,61.01911270264439,0,0,5,1,1,2.0968334677490623,0.0,7.561302025456413,0.17859328346235614,0.5726362767712831,0.34753239559061355,0.015921652222769644,0.0,0.9585612282138145,0.7582676456658153,low,0
S0046,2025-03-08,10,mid,3,47.60369230492898,0,0,5,0,0,6.494802700079971,0.0,12.183120513266173,0.9705427100919546,0.8378776704037609,0.20760599181025363,-0.5388870957693803,0.0,0.7679898743097148,0.7769063735244984,low,0
S0046,2025-03-09,10,mid,5,36.770460058233496,0,1,3,0,1,4.762398732612338,0.0,10.658934553780739,0.1486912021388057,0.9676262384751578,0.022884362703576522,0.896799197673334,0.0,0.21622484312982193,0.43813026799089705,low,0
S0046,2025-03-10,10,mid,3,40.317980268726714,0,0,5,1,0,2.9592351015271716,0.0,13.737004790384727,0.07933253389047357,0.36067156369778663,0.1813275803018285,0.865007106743112,0.0,0.5296231022547948,0.9638436377269243,low,0
S0046,2025-03-11,10,mid,4,24.989431004890395,0,0,4,1,1,9.288506191071164,0.0,12.323076937912465,0.7446827037514431,0.029007275344871908,0.47574744903143573,-0.41478259557094876,0.0,0.8339739183439755,0.03674903085027581,low,0
S0046,2025-03-12,11,mid,3,34.73151539958049,0,0,2,1,0,6.20239109947584,0.0,8.961700443936108,0.876754809387134,0.24958464760127552,0.5989507464230511,0.7398715185568498,0.0,0.5149948019518032,0.3697694669010072,low,0
S0046,2025-03-13,11,mid,2,49.78069982723609,0,0,2,1,0,4.707460091510881,0.0,9.568470328039865,0.9265722336621708,0.30143180672064507,0.4726554927688491,-0.3911208015716894,0.0,0.7493360049661021,0.21108653434182756,low,0
S0046,2025-03-14,11,mid,5,44.800041812260915,0,1,2,1,0,4.744737605249544,0.0,7.6278010750351,0.4484764984919699,0.9156142963287203,0.12783764257646713,0.2299907553552567,0.0,0.319702566365371,0.12359783039692152,low,0
S0046,2025-03-15,11,mid,2,25.693292330501695,0,0,1,1,1,4.168430967493131,0.0,8.337896242793416,0.01641446590564366,0.8897288800744235,0.24452809242018458,0.854081797318315,0.0,0.5711696204732667,0.425407637709728,low,0
S0046,2025-03-16,11,mid,3,40.27658242297972,0,1,1,0,1,2.1279209622506463,0.0,12.174431794848202,0.9222048369006587,0.42786836447219945,0.14961634988073558,-0.716738859669704,0.0,0.6496394060100703,0.365897307978584,low,0
S0046,2025-03-17,11,mid,5,29.255715963401613,0,0,3,0,0,4.568271073967321,0.0,6.06270764265048,0.21147853514353587,0.21821966872976606,0.8350013670135052,0.17006702636454296,0.0,0.31145034396266413,0.25109872994373406,low,0
S0046,2025-03-18,11,mid,4,30.600760635570296,0,1,1,0,1,2.1065429040999946,0.0,12.818871881803885,0.39393469230981415,0.37525772206453767,0.3141837845757025,0.2597725713624852,0.0,0.20167424817355661,0.2921100778378083,low,0
S0046,2025-03-19,12,mid,3,37.72535925805299,0,0,2,0,0,6.3250963733940875,0.0,14.638880856182839,0.5139092507769671,0.9092834023255479,0.8295877436437009,-0.1624589683891482,0.0,0.006700284496819253,0.7105764468147249,low,0
S0046,2025-03-20,12,mid,3,44.83644007506354,0,1,2,0,0,4.246447519836731,0.0,9.669285076994345,0.40082903338043474,0.8151057640019203,0.11605944298643556,-0.9625372112438051,0.0,0.11870275675510267,0.6868701946482667,low,0
S0046,2025-03-21,12,mid,4,53.57168306945269,0,1,3,1,1,2.9818763396718158,0.0,6.561789600843708,0.34909211256015793,0.46568188036440705,0.5016106944932915,-0.03295210924357628,0.0,0.1628508181559407,0.6488029451062877,low,0
S0046,2025-03-22,12,mid,3,59.507807302626425,0,2,4,1,0,3.47517175845204,0.0,12.437812457959202,0.09377652037147399,0.5682474118250254,0.0943919639499029,0.3681480027105779,0.0,0.6891745510649478,0.45305794463687543,low,0
S0046,2025-03-23,12,mid,5,51.23904170216988,0,0,5,0,1,5.954365564067351,0.0,9.963538131226416,0.17007496744056394,0.6879263457451211,0.695279250423816,0.43775087507296173,0.0,0.10096876376229147,0.28856098822464604,low,0
S0046,2025-03-24,12,mid,2,33.35280858083953,0,1,4,1,0,3.8580057933748932,0.0,12.16084360835538,0.18565213378460255,0.08408093885311518,0.48270153226232426,-0.33098190581849174,0.0,0.38082157643198844,0.43140933456329655,low,0
S0046,2025-03-25,12,mid,3,43.81539794443449,0,1,4,0,0,4.295592537803087,0.0,9.354746214688882,0.45419805223180953,0.8541594445708955,0.5697877434660406,0.040667077197083845,0.0,0.3661068938956099,0.06360987672651108,low,0
S0046,2025-03-26,13,mid,4,59.91623756254706,0,2,5,1,1,4.8400602241456925,0.0,4.980403609135905,0.5235443015230831,0.5487166199653918,0.2121099297955502,0.8536960969132192,0.0,0.7035020970577321,0.25843984955961974,low,0
S0046,2025-03-27,13,mid,4,41.37450870085478,0,1,1,0,1,8.594945957094943,0.0,7.11886135958636,0.2802206587641982,0.9507615122621333,0.22021715190259983,0.5578137799196958,0.0,0.3645988127337657,0.8334008768618205,low,0
S0046,2025-03-28,13,mid,2,44.700539312279275,0,2,2,0,0,2.8329359947104824,0.0,6.429001224686949,0.1555742767712297,0.3099522300653288,0.9072569011777624,-0.3492283350388774,0.0,0.274437185269672,0.3846422829029845,low,0
S0046,2025-03-29,13,mid,4,37.42421297142067,0,3,3,0,0,8.139224242808773,0.0,9.355101774889217,0.09464963055478137,0.5938134191231624,0.01350295397076584,-0.47990695034474284,0.0,0.6655596972309153,0.17156212688627526,low,0
S0046,2025-03-30,13,mid,3,61.16258574891326,0,1,1,1,1,4.368469710176556,0.0,11.382281505757328,0.278493985918012,0.4069728525518729,0.5793217258580095,0.9843628191390243,0.0,0.9561335468327857,0.9211390586977405,low,0
S0046,2025-03-31,13,mid,4,42.000867534304696,0,1,4,0,0,4.074640980552449,0.0,12.205746947910788,0.2624460917419019,0.803670193683638,0.9922853483468134,-0.06879358011156,0.0,0.22726557236902623,0.23034359394899362,low,0
S0047,2025-01-01,1,mid,5,52.36828508611995,0,1,4,0,0,1.379255747820035,0.0,12.436603229253548,0.513393978306116,0.6129654446365496,0.8457584721322844,-0.9362445508827699,0.0,0.16398337268159568,0.9214457412803159,low,0
S0047,2025-01-02,1,mid,4,56.09258625358951,0,2,2,0,0,5.97545850639507,0.0,11.170204268505024,0.954076678461756,0.7475416117405452,0.05454979153327266,-0.9583228569070015,0.0,0.7398706707045248,0.05605096492721118,low,0
S0047,2025-01-03,1,mid,3,40.92273644091978,0,1,5,1,1,4.144899415290446,0.0,10.300676437480268,0.8333610398864005,0.15252870305840638,0.8024362731612393,0.20550349241331345,0.0,0.17711521463643154,0.7525980527530949,low,0
S0047,2025-01-04,1,mid,6,38.045327659332436,0,1,1,0,1,10.790599375775988,0.0,11.204756354475151,0.2854385398313436,0.416027252603275,0.5015517471734037,-0.48311054722408286,0.0,0.23814551114401494,0.6004668158641183,low,0
S0047,2025-01-05,1,mid,4,31.86427968419889,0,1,4,1,1,3.8312438747717885,0.0,13.328325565047482,0.9372101373420595,0.9987790052082541,0.4622785649417783,0.2291787617932275,0.0,0.005987002983719458,0.043533210330802374,low,0
S0047,2025-01-06,1,mid,6,45.134861105279384,0,0,2,0,1,6.502999037639262,0.0,9.855342283592444,0.06246123947353055,0.18564367701738083,0.6245234472937105,0.3053993376505575,0.0,0.16398160399559136,0.9483002932304532,low,0
S0047,2025-01-07,1,mid,3,40.52593454096995,0,1,4,1,1,5.278738244751729,0.0,3.6657986636016835,0.2342346004925966,0.7703652774938324,0.19670988483487772,0.6386938269542803,0.0,0.9368641007556333,0.9916160720194183,low,0
S0047,2025-01-08,2,mid,3,49.97617504661628,0,1,3,0,1,6.019197716632263,0.0,16.499347384949086,0.9170128167865741,0.46300767679433774,0.6423067054443018,-0.19680505717767383,0.0,0.8294570393558957,0.9263756983162428,low,0
S0047,2025-01-09,2,mid,3,43.67808455017309,0,0,3,1,1,6.615950392642316,0.0,5.567448614846191,0.10054368297980476,0.4116760552988714,0.3300899621587684,-0.973855739346327,0.0,0.5852106213884593,0.331422168878296,low,0
S0047,2025-01-10,2,mid,4,42.10035236713384,0,0,4,1,1,4.667068509513838,0.0,7.262862023978064,0.1343556924978463,0.05269775059742432,0.329469192143905,0.2908843373921304,0.0,0.8667973350495728,0.8103658672441125,low,0
S0047,2025-01-11,2,mid,3,44.51459823026302,0,1,5,1,0,5.4875054049299905,0.0,10.107248885119875,0.4653589767115809,0.5843490245265578,0.13530850162527663,0.5163102028687565,0.0,0.2198708068864651,0.3279215716412247,low,0
S0047,2025-01-12,2,mid,5,55.08003349636703,0,0,5,1,0,2.972030846679588,0.0,13.013369271938762,0.003730914778113048,0.557067435439091,0.6919415472179956,-0.2173676352608136,0.0,0.29699990132182363,0.49063779948050357,low,0
S0047,2025-01-13,2,mid,4,37.358061642995814,0,2,5,1,0,3.292141215914091,0.0,12.59970687474753,0.4197819955952894,0.3425296076259162,0.3022577055574761,0.46220283096015446,0.0,0.09985411276157963,0.16544220207160032,low,0
S0047,2025-01-14,2,mid,2,37.55409546640007,0,1,1,0,0,1.922411886967959,0.0,9.82785811422021,0.015100122076510014,0.15610319984442833,0.6003322355914908,0.3176804074799662,0.0,0.6470612018689108,0.15316232010774555,low,0
S0047,2025-01-15,3,mid,3,53.120337281749755,0,1,5,1,0,8.242930759616874,0.0,18.326760899938378,0.36405235826449456,0.871826546508928,0.3301112053763624,0.059904683895855904,0.0,0.26086311883832447,0.43480166271639376,low,0
S0047,2025-01-16,3,mid,5,52.814657910930045,0,2,5,0,0,7.605308174241852,0.0,12.981402520361218,0.5571826501038408,0.5515747405862161,0.020022266578279213,0.541812553938074,0.0,0.9107407591655986,0.12226397766388919,low,0
S0047,2025-01-17,3,mid,4,59.309652556763794,0,0,5,1,0,4.6114053896620755,0.0,15.799498087823478,0.8488904144597649,0.7535284694133223,0.5734404565034441,0.12198175487859308,0.0,0.7453449460674278,0.7411623190283961,low,0
S0047,2025-01-18,3,mid,3,41.94988370414513,0,1,1,0,0,5.94620984109924,0.0,11.36900008739899,0.44044768580174853,0.22537634182802035,0.38713992611244274,0.5023054180485098,0.0,0.9937778922806718,0.5542892078800181,low,0
S0047,2025-01-19,3,mid,3,51.88704049330396,0,3,1,0,1,4.956198550882557,0.0,9.975034642482603,0.7041019066757275,0.30755423931192616,0.6330926641358844,-0.9455518838146479,0.0,0.0016434853500431057,0.170006864354727,low,0
S0047,2025-01-20,3,mid,4,60.763270291107176,0,0,2,0,1,5.351043789459645,0.0,5.3463202948893285,0.052682952104757486,0.9452841674553606,0.36207672509168265,-0.02142406843169642,0.0,0.10504835512754818,0.03254463454405099,low,0
S0047,2025-01-21,3,mid,2,44.110664485352814,0,2,4,0,0,4.28612785930564,0.0,9.720315835692693,0.5320103400289632,0.7414096021874581,0.8637924882030117,-0.35128960019065225,0.0,0.550404237912419,0.8927960275704171,low,0
S0047,2025-01-22,4,mid,3,59.09955294629006,0,0,1,0,1,2.556541926438193,0.0,13.968309131686778,0.607158729350281,0.30274806845107094,0.7460283563593224,-0.385579766896194,0.0,0.8794107082420644,0.14348388927216282,low,0
S0047,2025-01-23,4,mid,4,71.49752516287546,0,0,2,1,1,4.615464516264749,0.0,12.180816555026903,0.055869542951142215,0.02376792114123849,0.20987060267572566,-0.895942263631941,0.0,0.371129373452215,0.3842529722523155,low,0
S0047,2025-01-24,4,mid,5,48.76751197398761,0,1,1,1,0,4.751924094845663,0.0,7.7263205728947195,0.5406335759856504,0.5799864186863369,0.7385626044860134,0.7961700412528849,0.0,0.500165261804784,0.14340570464300495,low,0
S0047,2025-01-25,4,mid,2,41.879111797033346,0,0,5,0,1,4.13700058800244,0.0,10.79426998252419,0.9201064364824221,0.8703583372679247,0.9098900177781051,-0.80537211497852,0.0,0.07989309781512233,0.067735263718401,low,0
S0047,2025-01-26,4,mid,4,47.12513072599491,0,0,2,0,0,6.165675478097781,0.0,13.664837960255344,0.6496547950140108,0.4397291374783251,0.3949502353526111,-0.676158950626351,0.0,0.07078070296173988,0.9279915012584835,low,0
S0047,2025-01-27,4,mid,4,50.57170060149192,0,1,4,0,1,6.0171557021103546,0.0,10.973849814162255,0.2442834934020296,0.9146007708826493,0.6119416485940278,0.3180635645950023,0.0,0.9145128864442907,0.5267349219529072,low,0
S0047,2025-01-28,4,mid,6,35.96651013178215,0,1,2,1,0,5.108942757752049,0.0,11.093077626021753,0.11692034456663691,0.43375437933508687,0.5613252926567301,-0.9250687370030248,0.0,0.36460985486959674,0.9678181319171991,low,0
S0047,2025-01-29,5,mid,3,58.49194332769868,0,0,1,1,0,8.799612911966431,0.0,9.821301068665115,0.1856215294098289,0.5929292537268355,0.17452247634545404,0.4444674269452984,0.0,0.30715865824970645,0.614416202699048,low,0
S0047,2025-01-30,5,mid,3,55.32843792337811,0,0,3,1,0,7.859848956544834,0.0,10.573140975574429,0.7148080862925607,0.1671149629505594,0.27688717213505076,0.3875284324135462,0.0,0.1805727883251308,0.8032243253236817,low,0
S0047,2025-01-31,5,mid,4,65.71595926330252,0,1,4,0,0,7.4989202654442355,0.0,10.310390735321091,0.3160378297282528,0.38543697359598983,0.5396941329900443,0.7742763913413229,0.0,0.582148933831465,0.2076151553866532,low,0
S0047,2025-02-01,5,mid,3,60.89272355531635,0,1,5,0,0,4.685892953385943,0.0,8.987964738344214,0.11027867336292829,0.2602270360680573,0.7725238719006051,-0.3359016674240536,0.0,0.6896838478879518,0.7733025209449149,low,0
S0047,2025-02-02,5,mid,4,46.87903051031431,0,1,3,0,1,7.09679841599907,0.0,9.51496324700327,0.7092703836389636,0.8572175628318546,0.8839580892545653,-0.893413003175231,0.0,0.7252578478341637,0.22654769641727257,low,0
S0047,2025-02-03,5,mid,3,28.35805968592928,0,3,5,1,0,7.60307503393072,0.0,13.246496514208218,0.4775170510249809,0.8583056593522582,0.14664755592841427,0.5168270929770367,0.0,0.13198767900396746,0.15690443843500956,low,0
S0047,2025-02-04,5,mid,4,34.03603857991467,0,1,4,0,1,2.130995467724711,0.0,9.733595791986744,0.5474474728997933,0.5966721560393939,0.02137967726533241,-0.592442678302973,0.0,0.24240391012728235,0.2480751621631314,low,0
S0047,2025-02-05,6,mid,3,35.897353697118746,0,0,1,1,1,2.421170136196681,0.0,7.514550532194111,0.9675743595425579,0.5354908002350419,0.6105461142075163,0.47097452412620533,0.0,0.33371406878937315,0.9687804297648188,low,0
S0047,2025-02-06,6,mid,3,33.153142227200135,0,0,4,0,1,3.7293445939848007,0.0,12.987519888456141,0.11073255131141757,0.18434181273213013,0.675168617839342,0.12613338311159294,0.0,0.9807777006174447,0.013493982667112547,low,0
S0047,2025-02-07,6,mid,4,43.549697142892896,0,2,2,1,1,5.556779065363269,0.0,11.157019563914778,0.11709161342784113,0.9349740269318415,0.5219126185069014,0.4845903041709394,0.0,0.20104619766317877,0.5487956309341538,low,0
S0047,2025-02-08,6,mid,5,43.360421812371364,0,1,5,1,0,7.590307520331672,0.0,7.8823061279768005,0.6140526522744604,0.37521443234833696,0.3082799169372119,0.5776706294243898,0.0,0.596799991331748,0.0369953862067095,low,0
S0047,2025-02-09,6,mid,4,36.13524905457564,0,2,4,0,1,2.1985670775318633,0.0,8.220160117782372,0.8342486978705242,0.6976834890013829,0.7401147416378772,-0.2782653796732797,0.0,0.0034463651614088375,0.21915369220039815,low,0
S0047,2025-02-10,6,mid,4,59.33389071648439,0,1,2,0,0,5.701406296623476,0.0,2.0181208250295892,0.49267996322315355,0.2335430873403972,0.47499267006089174,0.43598565594317873,0.0,0.31147651726879766,0.6340026676785446,low,0
S0047,2025-02-11,6,mid,3,37.57534656802537,0,2,3,0,0,5.2322921424488245,0.0,12.74703056833146,0.6055931191917308,0.3379761532125142,0.5961214455498589,0.2555282456329009,0.0,0.7534254860382471,0.5721766950129786,low,0
S0047,2025-02-12,7,mid,4,31.80383251824623,0,0,2,1,0,7.210016028353259,0.0,10.184606149891785,0.9754577278233663,0.09702906822874524,0.12434979692199699,0.9116211944938333,0.0,0.8726244203514913,0.211075230186619,low,0
S0047,2025-02-13,7,mid,4,39.05553178817768,0,1,1,0,0,6.257432963649649,0.0,3.4182355214345357,0.8682142597733821,0.5426804475114407,0.6652051824905534,0.3597688404539512,0.0,0.87756812758605,0.7767547438735873,low,0
S0047,2025-02-14,7,mid,3,53.45018342894885,0,2,3,0,0,4.991931858911186,0.0,5.849217515291244,0.28545064340356874,0.8601325012697765,0.8761385807950703,0.8404995084517406,0.0,0.4711591383207899,0.774041798353772,low,0
S0047,2025-02-15,7,mid,2,47.7556468005932,0,2,3,1,0,5.9082242346337726,0.0,8.1689318408405,0.14854367930308987,0.998580275799458,0.3321875081265797,-0.008141355877186562,0.0,0.46683750698475257,0.10189720487566689,low,0
S0047,2025-02-16,7,mid,2,44.796512829593176,0,3,1,1,1,9.046407204551798,0.0,9.832106574044328,0.8195140651574259,0.5995315108804511,0.9783131262435039,-0.012443935414338414,0.0,0.6000287999572816,0.23010232317036516,low,0
S0047,2025-02-17,7,mid,5,33.821808688756796,0,1,5,1,0,1.2531636333406713,0.0,12.275700071537523,0.7993294341496245,0.43033747808104594,0.5773436917986222,0.0824226810275197,0.0,0.21741785472722674,0.000667414227272789,low,0
S0047,2025-02-18,7,mid,4,37.24455961025011,0,3,2,1,1,5.738017271648774,0.0,9.130961945670471,0.718328463165719,0.07690045178255589,0.7134902362362359,-0.9299687377027497,0.0,0.18162641576087912,0.5927977062467525,low,0
S0047,2025-02-19,8,mid,5,43.688782441141015,0,3,2,0,1,0.022612584865450813,0.0,12.459855962189256,0.9198816210635962,0.4051518401045052,0.5960426738597536,0.3837573446880269,0.0,0.019029756594396874,0.5909312536500241,low,0
S0047,2025-02-20,8,mid,6,49.83385313808651,0,0,2,1,0,2.5374346182625787,0.0,11.061226971046414,0.8945310520681183,0.8490143223864307,0.765169923859612,0.61704837172442,0.0,0.9595832680791121,0.3198089404268182,low,0
S0047,2025-02-21,8,mid,4,41.45300061251329,0,1,1,1,1,3.1919264640488763,0.0,14.285603936492187,0.37745658292454565,0.6398428635014631,0.08964830486815667,-0.7099027372860298,0.0,0.847224211588869,0.20231308612691146,low,0
S0047,2025-02-22,8,mid,3,52.434276888213795,0,0,2,0,1,7.626960199426648,0.0,5.687267609450447,0.8552180718836182,0.9160174087295488,0.9494301211623446,0.3198654764080151,0.0,0.7202003659231931,0.49752069654260633,low,0
S0047,2025-02-23,8,mid,3,58.93081414083933,0,0,1,0,0,10.76319561689742,0.0,11.559865988793048,0.6197174732601457,0.8959483987688317,0.8381604195635319,0.5659571337966494,0.0,0.6757242066107196,0.6183837219871616,low,0
S0047,2025-02-24,8,mid,3,73.27798523901865,0,2,5,1,0,7.899716323619746,0.0,15.611222852776804,0.033151488527574435,0.15619932104418865,0.5523494744242324,-0.004649756296793095,0.0,0.3438283300411389,0.6977176244086184,low,0
S0047,2025-02-25,8,mid,5,38.47197119194709,0,2,2,1,1,8.157561020784499,0.0,12.726007966508362,0.3712903464562156,0.5913876655702524,0.2479886140439831,0.5896303855951055,0.0,0.9921281544349227,0.6983679727241496,low,0
S0047,2025-02-26,9,mid,2,31.697654180134375,0,0,1,1,1,6.191637331588983,0.0,10.75109177818262,0.8630643731951946,0.2221705989273851,0.8810001665850069,0.6214634403042156,0.0,0.7344009500880241,0.688226878807732,low,0
S0047,2025-02-27,9,mid,4,47.96120306850929,0,1,3,1,1,6.300959971550859,0.0,8.047021411551933,0.3439292000038936,0.3997010050273033,0.37715927752697287,-0.5743349985169022,0.0,0.9387942922791745,0.8058599690832318,low,0
S0047,2025-02-28,9,mid,3,42.17163222192564,0,1,2,1,0,4.148617790686833,0.0,13.578465440236947,0.9376193494037035,0.9663860554480993,0.9657423543521814,-0.6885771906332783,0.0,0.3463860579708957,0.310384859370031,low,0
S0047,2025-03-01,9,mid,3,70.85592390812093,0,3,4,1,0,4.1803643893526345,0.0,12.673003107390198,0.15940369445601688,0.2766493932655957,0.301841964356823,0.261336075197101,0.0,0.796148037807536,0.20521654739706552,low,0
S0047,2025-03-02,9,mid,3,43.72386236357386,0,0,5,1,1,6.318630232621318,0.0,11.207665561328563,0.6374797381486631,0.6255163689108939,0.6753439716771873,-0.18729718535441164,0.0,0.22857376795535622,0.4133146949434796,low,0
S0047,2025-03-03,9,mid,5,53.17833920189896,0,1,1,0,0,6.684076890978636,0.0,9.688368018007823,0.4415815236408127,0.6979478697874544,0.9517631725308616,-0.010934837494671168,0.0,0.4083099288214904,0.9729684433519309,low,0
S0047,2025-03-04,9,mid,5,36.632560075295785,0,0,5,0,1,6.556792731308022,0.0,8.365811428078914,0.29850103855680477,0.5220195474686632,0.7722763290418929,-0.21252218427343927,0.0,0.3580037754043094,0.8878722035649079,low,0
S0047,2025-03-05,10,mid,4,52.51498281574676,0,2,3,0,0,4.107371824701567,0.0,4.1713379643804895,0.3108842737518578,0.2821628911911608,0.37068072722706946,-0.2038780021095019,0.0,0.07160407079629305,0.7752419695906055,low,0
S0047,2025-03-06,10,mid,5,54.26239686234648,0,1,1,1,0,6.828852751120786,0.0,10.659141132445257,0.706427049620257,0.3147074261776277,0.8531601854914188,0.3395872182210433,0.0,0.6884470448246688,0.9573601403755568,low,0
S0047,2025-03-07,10,mid,3,50.2492223700886,0,1,1,0,1,4.440606764362718,0.0,10.19498126099307,0.8819033308277905,0.684458196894362,0.6973223448834847,-0.44993537726255384,0.0,0.33679635674757313,0.9144173453108076,low,0
S0047,2025-03-08,10,mid,4,28.317381987909883,0,0,2,1,1,6.1390606483618635,0.0,11.23573038077828,0.08379583339153718,0.1788018126788763,0.2208211476953239,0.7139061952644106,0.0,0.9135689648198749,0.7649750758086393,low,0
S0047,2025-03-09,10,mid,3,56.157042745660455,0,1,2,0,1,3.2422024019531346,0.0,8.851784937404641,0.1948097069279382,0.20408361904210703,0.6148111036289083,0.8059126828245582,0.0,0.8686777502419192,0.06971752734968895,low,0
S0047,2025-03-10,10,mid,3,50.236926967548754,0,0,5,1,0,5.411606027571537,0.0,11.740290212543403,0.4844041223432206,0.3859917795230683,0.6241951818235574,-0.03922969886323968,0.0,0.7054119428629346,0.6177745803307214,low,0
S0047,2025-03-11,10,mid,4,45.823577021630626,0,2,4,0,1,5.70754579924633,0.0,9.806040796131478,0.5869082967575969,0.9636451336030015,0.7192639852943756,-0.18489810338170298,0.0,0.23377841080900286,0.46540878822018095,low,0
S0047,2025-03-12,11,mid,1,39.61721148862344,0,3,3,0,1,5.742350043755152,0.0,9.58938633003471,0.02003839454371492,0.2227115132269173,0.6031623913232029,-0.5324933111962915,0.0,0.05380761381465127,0.05244470416486613,low,0
S0047,2025-03-13,11,mid,5,63.35760618927384,0,1,5,0,0,4.9754138343188945,0.0,10.663321173306159,0.8415506981927032,0.1385342329058098,0.05648090389685856,-0.2197043320359171,0.0,0.1377725812321361,0.3305275286753989,low,0
S0047,2025-03-14,11,mid,3,62.46024390061057,0,0,2,0,1,4.0301647099649704,0.0,10.38897222223053,0.03415411232180787,0.1719006046373014,0.9774058728031854,-0.8285821657333574,0.0,0.7388557574916257,0.40159215695728934,low,0
S0047,2025-03-15,11,mid,4,30.0743615230609,0,1,1,0,1,5.124693365508285,0.0,10.223875832698688,0.33418500119256034,0.6387426112806908,0.7504202757555511,0.15230859264120977,0.0,0.6020043332994767,0.7566877828797671,low,0
S0047,2025-03-16,11,mid,3,52.76778296484059,0,1,1,0,1,4.241815173227344,0.0,2.5424179816392316,0.6357582591855303,0.3107845269187586,0.8670859825306202,0.9237191126583582,0.0,0.6503073741757994,0.6384761871576711,low,0
S0047,2025-03-17,11,mid,2,50.84675450358311,0,1,3,1,1,4.059500865570562,0.0,7.584194558521097,0.6300935228217897,0.9709356703312397,0.2720676760059201,0.5796085436629188,0.0,0.9113863379639623,0.3915725750524808,low,0
S0047,2025-03-18,11,mid,3,28.210132175706782,0,1,3,1,1,4.381376415243427,0.0,14.131415943570182,0.0988957774163276,0.08540363326096279,0.2381163588320847,0.10445897811927773,0.0,0.14797828731964935,0.21501703764178015,low,0
S0047,2025-03-19,12,mid,2,45.091266005354,0,2,5,1,0,6.572724540493623,0.0,9.755590231989485,0.9001471925026902,0.4015925059352843,0.5636409631231923,0.8107479639171526,0.0,0.3193986623947159,0.4075372313969411,low,0
S0047,2025-03-20,12,mid,4,54.7280499139387,0,0,4,0,1,6.323694940345187,0.0,5.393389340404466,0.5645808842921723,0.3962537561577657,0.03143692360921946,-0.6150574784091309,0.0,0.6149734858335937,0.44637277270908216,low,0
S0047,2025-03-21,12,mid,3,43.15042249651082,0,0,2,0,1,4.970521732655885,0.0,7.731684985266742,0.5612521738408612,0.25764150462560453,0.3257663469656409,0.5937408490772758,0.0,0.8692360239991319,0.32522868666032145,low,0
S0047,2025-03-22,12,mid,5,40.420590888480874,0,1,1,0,1,5.385804511961487,0.0,8.471852486353082,0.36449418296836045,0.17772058298404814,0.7018058216472551,-0.5141189236199595,0.0,0.5656397764637721,0.4087564808322297,low,0
S0047,2025-03-23,12,mid,5,36.43024092827696,0,1,5,0,1,7.214727563119078,0.0,9.129372654924023,0.9205854778312978,0.45264363846758415,0.03945160260389502,0.018879956094255412,0.0,0.7396824595378402,0.2200357424777325,low,0
S0047,2025-03-24,12,mid,3,39.55685720672561,0,0,1,1,0,3.844158296000373,0.0,10.120188168547395,0.7726788774966463,0.4100902451304971,0.6073212882816074,0.9024264456758937,0.0,0.517269771845478,0.8043763650767884,low,0
S0047,2025-03-25,12,mid,5,35.05409987455589,0,0,4,0,0,4.1042656736719625,0.0,8.747871957315766,0.6555801567078648,0.7108078841448556,0.8986945046497828,-0.5269617739216388,0.0,0.4332114286081453,0.9711918690367793,low,0
S0047,2025-03-26,13,mid,2,21.595593341908316,0,0,5,1,1,9.038410964482535,0.0,12.450451510642877,0.731829277679064,0.07832183522605529,0.13066951980957664,-0.3990445489590806,0.0,0.4779543247720093,0.3110673974348199,low,0
S0047,2025-03-27,13,mid,4,51.11489287476218,0,0,1,0,1,7.415474239044505,0.0,10.768395829844552,0.3197089657843857,0.4355587222536025,0.2837386486554818,-0.9238557284012063,0.0,0.07271334237168625,0.021441769625463514,low,0
S0047,2025-03-28,13,mid,6,50.333135559629746,0,0,5,1,1,4.254472250282753,0.0,9.872432198488546,0.4168444374157534,0.2479541727378035,0.697269242312192,0.6493538392795621,0.0,0.5038065772683202,0.4035255935151436,low,0
S0047,2025-03-29,13,mid,3,42.43052438120247,0,1,2,1,0,8.767538086997536,0.0,5.888442381240904,0.3723410433206764,0.17901357588021605,0.7359573151657888,-0.7199123661369113,0.0,0.6680167446854485,0.9567344882768438,low,0
S0047,2025-03-30,13,mid,2,43.60547575219454,0,3,3,0,0,1.05117289873372,0.0,10.202616289174735,0.4063597440262978,0.07384807311029618,0.5656680433989716,-0.242293018944024,0.0,0.8845406406048937,0.27555234040064425,low,0
S0047,2025-03-31,13,mid,4,42.950590999638045,0,0,4,0,1,2.430439736687521,0.0,8.74038287370566,0.4495384557735539,0.6854513556248137,0.7860518700049716,-0.7522336253354516,0.0,0.7147155983606693,0.00452265825769016,low,0
S0048,2025-01-01,1,mid,4,29.540332840865343,0,0,3,1,1,6.486900637452668,0.0,12.531141043084231,0.7543942402031953,0.06757323920821934,0.9899490844298062,0.7171992398222355,0.0,0.5079334306457232,0.7194003108697801,low,0
S0048,2025-01-02,1,mid,3,50.31408067312779,0,0,3,0,1,5.963259614148065,0.0,9.575396250018123,0.3143380611852209,0.19311286485524892,0.5656126470492884,-0.750352296769832,0.0,0.5078698874461827,0.6869446732836675,low,0
S0048,2025-01-03,1,mid,2,56.06874341746572,0,2,5,1,1,5.9804923375428976,0.0,7.615803936095244,0.30079626024023065,0.25734873528237046,0.05026016324839655,-0.03618264576539976,0.0,0.39150242031657256,0.061690357042300636,low,0
S0048,2025-01-04,1,mid,2,29.4894883826217,0,3,5,1,0,5.104346553849355,0.0,11.103917829969113,0.5540739433535193,0.9558233903516754,0.39324168626203093,0.24218160616560147,0.0,0.8372611135516799,0.5057441354275656,low,0
S0048,2025-01-05,1,mid,3,39.39819725651789,0,0,2,1,0,6.6461219549807105,0.0,3.59814558158821,0.2791638371021882,0.836912675435277,0.7855412372749991,0.6401965115873163,0.0,0.05747628447124509,0.48689813412971805,low,0
S0048,2025-01-06,1,mid,3,36.64088683769921,0,0,5,1,1,4.976883949373486,0.0,12.788893745295344,0.49187690435274756,0.8403148621868451,0.12937494711684816,0.42732862054775067,0.0,0.5062256308818448,0.7415888805844941,low,0
S0048,2025-01-07,1,mid,4,57.38998124588364,0,2,3,0,0,6.486602891338055,0.0,9.45455953156376,0.5629728584395627,0.7524500087498738,0.0145182297748907,0.151098452408035,0.0,0.741991100121695,0.25700617573805284,low,0
S0048,2025-01-08,2,mid,2,26.337645854972745,0,1,3,0,1,2.5565996643924622,0.0,7.584783214056627,0.04773811978965403,0.17392871743369587,0.4308950857238105,-0.31585335313229046,0.0,0.4245817472671537,0.7039097112346703,low,0
S0048,2025-01-09,2,mid,2,67.41580503237151,0,3,5,1,0,6.731787215898931,0.0,10.161109599299449,0.1547395449363278,0.08443951938395544,0.5260218396302854,0.6520963163716404,0.0,0.21217529022464987,0.9686149481563623,low,0
S0048,2025-01-10,2,mid,3,36.17010848360784,0,3,2,1,1,5.1397274565165,0.0,7.670051216633347,0.31259752768445903,0.3575937575961341,0.35376341501462893,-0.5026212567315342,0.0,0.9676798013248834,0.2652207935497365,low,0
S0048,2025-01-11,2,mid,1,48.37274960101466,0,1,5,0,1,6.676978791973764,0.0,8.10563202253871,0.09248744606520265,0.11640522759127436,0.40058379212052875,-0.1861473191352907,0.0,0.5164805090971145,0.023688113803071564,low,0
S0048,2025-01-12,2,mid,2,47.443443653952464,0,2,2,1,0,5.068759390850711,0.0,5.136030991602237,0.10677182735849156,0.9221633526081259,0.8998850417493975,-0.7017050515230376,0.0,0.7371083722663224,0.46070831595666606,low,0
S0048,2025-01-13,2,mid,1,42.551479622870886,0,1,3,0,0,5.706033193760238,0.0,14.005052143117698,0.750803034720587,0.9305413843371586,0.5663053501209313,0.023338414180855027,0.0,0.0035436153267764947,0.5421422505113185,low,0
S0048,2025-01-14,2,mid,3,51.79841749338473,0,1,1,1,1,1.138582317846438,0.0,14.051373609915021,0.34887946508772605,0.5105938553235869,0.49469879620322865,-0.2871708565910325,0.0,0.8038541658357091,0.050615316559646906,low,0
S0048,2025-01-15,3,mid,1,59.721193486021285,0,1,2,1,0,3.5994290203322774,0.0,13.655071793408457,0.09222708610173447,0.5974625053080209,0.7879582873690956,0.9391194290773492,0.0,0.0902545661886891,0.7463511451435714,low,0
S0048,2025-01-16,3,mid,2,45.42457620276489,0,1,3,0,0,5.00022697633125,0.0,14.274882913191437,0.19401771514887323,0.4757233031013093,0.3120927207191362,0.38821386337820263,0.0,0.136849719972707,0.33191101338636375,low,0
S0048,2025-01-17,3,mid,4,40.2955135672198,0,0,1,0,1,6.675226249341017,0.0,11.724519253593737,0.003159639695175298,0.01553513651955818,0.4585873122036519,0.30738742301239497,0.0,0.7940842069610543,0.4472669801842304,low,0
S0048,2025-01-18,3,mid,2,35.748160256191966,0,2,5,0,1,8.225991136108538,0.0,12.952700005774211,0.5648094924965323,0.17859019277676647,0.47179999784449156,-0.3548070800954868,0.0,0.08937985520738712,0.38752419836899343,low,0
S0048,2025-01-19,3,mid,2,47.313131686559366,0,0,2,1,1,1.283563065071784,0.0,10.975230101196631,0.3788725154962035,0.4765576241734105,0.790802492213266,-0.70600503136907,0.0,0.15705430313237523,0.20186206600560508,low,0
S0048,2025-01-20,3,mid,3,40.20757173176591,0,0,3,1,0,5.8909138436713135,0.0,11.20049167365126,0.00449819690859421,0.6636247059182985,0.40065214880116173,0.20912833354529425,0.0,0.0836581170328532,0.23647525446498263,low,0
S0048,2025-01-21,3,mid,4,36.01148853510324,0,1,3,1,1,4.820093003346177,0.0,13.028938327727563,0.8477075569881865,0.03576176068177794,0.30542555542085426,-0.9790033949515193,0.0,0.16552537336521667,0.7247312715297911,low,0
S0048,2025-01-22,4,mid,3,43.23479978394304,0,1,5,0,1,5.343007988798306,0.0,9.851456909434518,0.614821503423094,0.42897906150020126,0.5031122347187529,-0.6480937801644897,0.0,0.6801379022805026,0.963067652466226,low,0
S0048,2025-01-23,4,mid,3,45.07427010389064,0,0,4,0,0,6.007882514115195,0.0,8.954244127943499,0.2529531241352797,0.6174351556712817,0.3577912131397799,-0.3563477752956423,0.0,0.35399556940698307,0.49920141445615185,low,0
S0048,2025-01-24,4,mid,3,51.13077439590491,0,1,3,0,1,8.713421020388811,0.0,8.682488867837284,0.36926356390642034,0.14909768052336902,0.32148290284674674,0.36416863715109904,0.0,0.7694096635386289,0.8516553930696072,low,0
S0048,2025-01-25,4,mid,2,41.22414446897569,0,0,4,0,1,8.223131120174155,0.0,9.056459865049476,0.6341700015221902,0.9268187900593003,0.6857742003189932,-0.717485558707813,0.0,0.2668182149464742,0.12534137845374027,low,0
S0048,2025-01-26,4,mid,3,37.52847833805367,0,1,1,0,0,7.527478965499681,0.0,12.868911236360134,0.7730291207749918,0.8620073316278526,0.5661866693314358,0.20879367622732814,0.0,0.7111373622384597,0.14888742333988103,low,0
S0048,2025-01-27,4,mid,3,37.903242284749986,0,0,4,1,0,7.493660387594414,0.0,6.254714731242487,0.7067139822708034,0.6301168668443154,0.4415396882954863,-0.4906568699654881,0.0,0.6132976987608473,0.18497276777449267,low,0
S0048,2025-01-28,4,mid,2,35.03661587858852,0,0,4,1,1,4.395639005546627,0.0,0.2006490793313347,0.028267495196590442,0.5235132903771816,0.6774647760704352,-0.5326886048868649,0.0,0.9865271705008026,0.9748288738814112,low,0
S0048,2025-01-29,5,mid,3,34.93309070758916,0,0,4,0,0,5.493356348908231,0.0,5.916899120162134,0.6379458224625151,0.8717816163448618,0.8213986431777697,0.9781059395124743,0.0,0.9663533912479969,0.6235097775605228,low,0
S0048,2025-01-30,5,mid,4,45.214947746017515,0,0,5,1,0,8.435095359387853,0.0,7.286856430913855,0.13311797434730221,0.7091616036885716,0.674063818702831,0.17164013360722286,0.0,0.7652379652166795,0.8801122324979529,low,0
S0048,2025-01-31,5,mid,2,46.00462101306692,0,1,5,0,0,4.977662292739464,0.0,12.362880045668097,0.9205109615475504,0.7091890208639275,0.19561574441293672,0.06638483947269003,0.0,0.43284356761896114,0.45105340465494626,low,0
S0048,2025-02-01,5,mid,1,41.74943561005347,0,1,4,0,0,4.6272939537716855,0.0,7.3818777808284,0.3785851631071444,0.14581579125731814,0.834625040868871,0.7051900973264533,0.0,0.10904680147308332,0.2663659532571524,low,0
S0048,2025-02-02,5,mid,3,48.884913509085976,0,0,1,1,1,2.139864396666569,0.0,10.130287817295164,0.3739434230983486,0.6990621327208146,0.09897233040076059,-0.9124566652283299,0.0,0.42083025703576116,0.27142164850274686,low,0
S0048,2025-02-03,5,mid,2,46.45709042965911,0,2,2,1,0,6.17757378443045,0.0,10.004473421201881,0.582436186899934,0.5554041158508431,0.8266863516619242,0.8578977636394767,0.0,0.6985552315253776,0.8953773705378261,low,0
S0048,2025-02-04,5,mid,3,31.864610763145784,0,0,4,0,0,2.343330726387077,0.0,9.060140938806372,0.355515618102655,0.3984716555201313,0.9322588739011503,-0.43075505478367226,0.0,0.9726126194051964,0.10882044038096406,low,0
S0048,2025-02-05,6,mid,3,29.595656559972724,0,1,2,0,1,9.2323570715085,0.0,11.733533585102304,0.08256686092152832,0.6116300950913731,0.7677759464986229,-0.12139130732217196,0.0,0.5024382099278694,0.3933274211373854,low,0
S0048,2025-02-06,6,mid,2,50.00084817234858,0,0,1,1,0,1.4024039084819573,0.0,14.557352720926483,0.9356147526392536,0.2956608825478648,0.3209141265433648,0.751068965398658,0.0,0.6263424539821029,0.9509004354839797,low,0
S0048,2025-02-07,6,mid,2,45.88438901301196,0,0,3,0,0,5.941806093174497,0.0,11.609917371188143,0.5535376204897232,0.13895994941357148,0.13120076616053888,-0.7478160996190246,0.0,0.8546119897795118,0.14155708814566792,low,0
S0048,2025-02-08,6,mid,3,48.71649420136897,0,0,3,0,1,7.0743025806091,0.0,13.378681030972448,0.6602524418183088,0.1278080001832259,0.004082780991943702,-0.11869536385647561,0.0,0.44432440484531044,0.8118054511680517,low,0
S0048,2025-02-09,6,mid,2,36.850086956314854,0,0,2,1,0,4.109783777124346,0.0,7.761481329279429,0.9559332619360846,0.5569719406791797,0.9206630666810792,0.9684149090328791,0.0,0.3602260861268509,0.5764849789493092,low,0
S0048,2025-02-10,6,mid,2,52.24166576454638,0,1,2,1,0,1.3526246924445475,0.0,11.977279302774795,0.8068766139246706,0.732625088123752,0.46859645948677586,0.12120322168260889,0.0,0.6087696009810202,0.270704687395495,low,0
S0048,2025-02-11,6,mid,2,35.1437174646306,0,0,1,1,1,7.356248560909634,0.0,10.074793000013141,0.08365017181887546,0.056102730996486216,0.8039010691355917,-0.004499682777093561,0.0,0.4709290444087251,0.4756492766858291,low,0
S0048,2025-02-12,7,mid,3,42.28814107606314,0,3,4,1,0,4.297627943326898,0.0,7.245082305284495,0.8054489576823233,0.2213056620961712,0.5861980648526112,0.5609010196576216,0.0,0.2239378831131642,0.4020140838692242,low,0
S0048,2025-02-13,7,mid,2,51.79289005252561,0,1,3,0,0,5.190301446150655,0.0,10.771823172026116,0.31685117147298314,0.7730415587839066,0.015799449203989124,-0.24752752921917764,0.0,0.8956577629644202,0.2631995630782321,low,0
S0048,2025-02-14,7,mid,1,58.97848516402474,0,1,1,0,0,4.8037529704133055,0.0,4.6232195396708935,0.6138160659076112,0.4677871127874008,0.805528694932143,0.5361897692294975,0.0,0.4052429220355944,0.04061187266053834,low,0
S0048,2025-02-15,7,mid,2,30.988004301995375,0,2,5,1,0,6.761057436769037,0.0,10.523316137516847,0.618226034046068,0.49757790856923845,0.042683247884168884,-0.9108077540464086,0.0,0.030797449307940927,0.15008031888936202,low,0
S0048,2025-02-16,7,mid,3,80.54049749748472,0,0,3,1,1,6.108453968725341,0.0,12.417435866517351,0.6835885344460908,0.23186858602393534,0.9196219624135762,-0.4628528896619637,0.0,0.1825046393174582,0.638534036703949,low,0
S0048,2025-02-17,7,mid,3,43.13642710028624,0,1,4,1,1,0.22341792438529762,0.0,11.16440868962998,0.8359937750282052,0.2876436206860091,0.013709707890285916,-0.0054441461798286905,0.0,0.9258869116422722,0.2732666865443749,low,0
S0048,2025-02-18,7,mid,3,36.08888702324941,0,1,1,0,0,2.531616124627461,0.0,4.856478126509591,0.3127958932062934,0.217737549019144,0.33814952894229255,-0.9639936329284846,0.0,0.7033500347600685,0.683959234530312,low,0
S0048,2025-02-19,8,mid,1,39.58754860708139,0,2,4,0,1,4.886420334790307,0.0,7.4621278097171775,0.7166863379110326,0.7741203825940546,0.7204098069900097,0.8255249752963405,0.0,0.05200244589218617,0.8553394885648304,low,0
S0048,2025-02-20,8,mid,1,50.041931991417485,0,1,2,0,1,3.4318947431260067,0.0,13.042620837364044,0.32792583914732243,0.38109123592168126,0.8563580035629643,0.5582308674405463,0.0,0.2914178777238725,0.14361236143728617,low,0
S0048,2025-02-21,8,mid,4,31.237213358719938,0,1,5,0,0,1.9049361602797799,0.0,7.12886913575967,0.6957102417434182,0.46787708872193035,0.24680194378304454,-0.18140568994653483,0.0,0.1441952765727823,0.2795637005509921,low,0
S0048,2025-02-22,8,mid,3,18.872203693110883,0,1,1,1,1,4.519909700686486,0.0,14.991310882889838,0.015013040702665736,0.7734367524288334,0.36180315610267166,-0.47907928307543757,0.0,0.18271768207975303,0.9460121867255691,low,0
S0048,2025-02-23,8,mid,3,32.64510483655815,0,1,4,0,0,7.736170850057984,0.0,10.022486352331041,0.389467664884557,0.5520252787906423,0.6067669396678084,0.8846100941673998,0.0,0.6547362545646372,0.13068321182030962,low,0
S0048,2025-02-24,8,mid,4,54.13123306347409,0,0,5,0,0,5.361289061992635,0.0,6.705901971519765,0.4954865252659869,0.24625735299092033,0.9429352807341291,0.7096177313706247,0.0,0.3144609396218975,0.4745719319715579,low,0
S0048,2025-02-25,8,mid,4,46.07003043365511,0,1,2,0,0,5.2142776686097125,0.0,6.385171496233984,0.775959715647517,0.47559078711499536,0.15689445897482657,0.739450049676071,0.0,0.6738588522397639,0.6325278525313204,low,0
S0048,2025-02-26,9,mid,1,52.38857490778737,0,1,1,1,0,3.4454684481933695,0.0,8.244434829576656,0.08093703153521126,0.5794788658980673,0.24078569274668993,0.9844809059319712,0.0,0.5154397509302787,0.3590943204385595,low,0
S0048,2025-02-27,9,mid,3,52.429739600131,0,0,3,1,0,7.461364690713596,0.0,9.821787823002838,0.8329946128337928,0.4561536123564788,0.8045822197108571,-0.6140873220196228,0.0,0.37391403397710155,0.07960179377679433,low,0
S0048,2025-02-28,9,mid,4,49.250028331637125,0,1,3,1,1,0.0,0.0,5.689074055421156,0.7616227932166986,0.7533396695873253,0.7500702279430633,-0.5076600041755648,0.0,0.6178949678652359,0.7789073130097965,low,0
S0048,2025-03-01,9,mid,4,48.240107748770534,0,1,5,0,1,6.037995419211564,0.0,8.877714837920607,0.5768274083296525,0.6106692951690255,0.6065613254480533,0.7335589556274078,0.0,0.13697716928137615,0.061672332240509165,low,0
S0048,2025-03-02,9,mid,2,29.59643858934049,0,1,5,1,0,3.2493728180213797,0.0,13.031121626479624,0.17858163148137451,0.8024121825654977,0.0555819873032265,-0.33605428592892705,0.0,0.7800816675817673,0.5121375215935554,low,0
S0048,2025-03-03,9,mid,2,46.894658217928864,0,1,5,0,0,5.227698590497924,0.0,9.640645010435042,0.2993008225815408,0.06746291966787965,0.5005948238879776,0.7553500119830994,0.0,0.2807202249273185,0.4507529371124146,low,0
S0048,2025-03-04,9,mid,2,43.814219285938435,0,2,3,0,0,3.202279424007739,0.0,9.873575642269095,0.3568530524551109,0.01701111659514354,0.25939811098426846,0.8005538037914659,0.0,0.4469783933328958,0.07374544573287922,low,0
S0048,2025-03-05,10,mid,3,46.27969290398591,0,1,5,0,0,2.8097579201092557,0.0,9.834942822190843,0.4134933200637323,0.7077000849232195,0.4871484107200271,-0.337532214713119,0.0,0.1062999939053213,0.4595557331006339,low,0
S0048,2025-03-06,10,mid,2,37.201408189802486,0,0,3,1,1,3.5232493615402265,0.0,11.011729041242583,0.7161644126998665,0.32201677978431886,0.5389196780915415,-0.6512008249327863,0.0,0.24622179840464442,0.4369177513445669,low,0
S0048,2025-03-07,10,mid,2,49.49593726784474,0,0,1,0,0,3.3810449677806496,0.0,5.6285446901956355,0.2822903524028233,0.5703188771920361,0.9603912502347898,-0.21941020879064643,0.0,0.9682036539571516,0.6566920369974609,low,0
S0048,2025-03-08,10,mid,2,55.83832414167482,0,0,2,0,0,6.958234354892463,0.0,8.43390476845674,0.01537996120827212,0.10943393319461348,0.8068548567367182,-0.38829659409995165,0.0,0.9382135144809826,0.38024414299229825,low,0
S0048,2025-03-09,10,mid,2,53.03669249636638,0,0,4,0,1,4.113612310256732,0.0,7.7151913931242895,0.688979424589333,0.9747820701734983,0.8532670175447791,-0.5639453015805713,0.0,0.07841280505113235,0.6866806244195268,low,0
S0048,2025-03-10,10,mid,3,50.38201340255827,0,2,2,0,0,7.07205820829043,0.0,7.739092489841267,0.00020915966628498595,0.2758473762808432,0.7584483750310829,0.9446946313243085,0.0,0.17096259111753698,0.45941174108920113,low,0
S0048,2025-03-11,10,mid,3,46.07969210095654,0,4,5,0,0,5.421640960563614,0.0,14.515191860680384,0.20516366866225932,0.45705607351854705,0.6383008556670499,-0.3508016701527694,0.0,0.4564504533190158,0.01736038256555128,low,0
S0048,2025-03-12,11,mid,3,19.11440241593077,0,3,2,0,1,3.5655838738523826,0.0,10.168250192760482,0.6742757383605031,0.512901319670872,0.3814171167982614,-0.8679663678674792,0.0,0.2930139849867145,0.8840953758059993,low,0
S0048,2025-03-13,11,mid,2,39.129400902068205,0,0,1,1,1,4.9474659937870555,0.0,12.360918486368016,0.4762238510585629,0.8289228402567668,0.33192667415197996,-0.9555777409601527,0.0,0.3315477170153205,0.716350330405344,low,0
S0048,2025-03-14,11,mid,3,41.16992578323955,0,1,4,1,1,5.982733701848853,0.0,3.532740734844916,0.48554199805410736,0.8531684871920532,0.14223198707676998,0.3951454443971387,0.0,0.5488865852183967,0.736824823162222,low,0
S0048,2025-03-15,11,mid,2,24.02868829574311,0,0,4,0,0,5.255374870869691,0.0,11.772513663894697,0.05340192121671372,0.7388262242378112,0.21716371228567544,0.46730338420552586,0.0,0.43434601513412974,0.05342665624479859,high,1
S0048,2025-03-16,11,mid,2,28.40162935344204,0,1,5,0,0,3.9594884118030538,0.0,17.025196258320683,0.9290049453730386,0.7405530031734158,0.7778873625609608,-0.6712148492864984,0.0,0.26662252051269,0.5131395433859427,low,0
S0048,2025-03-17,11,mid,4,43.90216742306359,0,0,1,0,0,4.224697880275138,0.0,5.3078235416262745,0.4798149069732496,0.06798023857243163,0.980955083386067,0.378885100682828,0.0,0.45156988724295977,0.9922614900768866,low,0
S0048,2025-03-18,11,mid,2,32.61813263121318,0,0,5,1,1,5.436521358464314,0.0,6.442239042756077,0.9491411741951696,0.8960730792338101,0.32375398398344046,0.7293386434611784,0.0,0.9540229614500529,0.2941671403331172,low,0
S0048,2025-03-19,12,mid,2,57.65548823606829,0,1,1,1,1,4.3058919778192655,0.0,12.762242340932861,0.9575321883179834,0.861856877663604,0.9019828757554713,0.1902309725172484,0.0,0.9583285362176073,0.8095822077385403,low,0
S0048,2025-03-20,12,mid,2,47.38436024525336,0,2,4,1,0,5.590978416052191,0.0,7.354231781678472,0.7814412572883024,0.3890057226475091,0.2755672757535511,-0.04068905098819209,0.0,0.3100866018959785,0.5098548183359403,low,0
S0048,2025-03-21,12,mid,2,27.560468939932868,0,4,3,0,0,6.184310812713596,0.0,11.506289322895702,0.17280823448560156,0.6696470869545915,0.8170721512964564,0.1160710801007625,0.0,0.5510747079043932,0.15941333650085454,low,0
S0048,2025-03-22,12,mid,1,42.26577302851918,0,2,3,1,1,2.979703582411691,0.0,11.549417011116788,0.4078794048602129,0.6255540552717033,0.3650541210535889,-0.23823160509172947,0.0,0.8436152997646714,0.30926484167015056,low,0
S0048,2025-03-23,12,mid,3,49.21286065451643,0,0,5,1,0,7.017693645777453,0.0,11.839924518709525,0.7771901997374908,0.21969524841986898,0.2103839433431851,0.21214852962693054,0.0,0.4360482064435983,0.8715766043092302,low,0
S0048,2025-03-24,12,mid,2,32.75958642267905,0,0,1,0,0,8.196855535383472,0.0,8.704973012920753,0.10804750268884866,0.4150360469545875,0.42492458204275585,0.9976476224264812,0.0,0.3910149639426913,0.0832816028997646,low,0
S0048,2025-03-25,12,mid,3,40.97421838214669,0,0,2,1,1,7.316227317075321,0.0,7.725545365753747,0.41753251147783244,0.7373833274759604,0.7140919310178846,0.44642287788274504,0.0,0.8571218722868712,0.848399397502638,low,0
S0048,2025-03-26,13,mid,3,46.15437364439554,0,0,3,0,1,3.967931645223511,0.0,11.863331925072787,0.695367451200712,0.2504698132069927,0.21239836681217839,-0.4976888879203729,0.0,0.46829796729066386,0.1462796745206888,low,0
S0048,2025-03-27,13,mid,3,40.81627650714332,0,0,1,1,0,5.936663438232756,0.0,10.121243252812848,0.39366655318310717,0.7573932834027498,0.10993672673457233,0.7081582631864347,0.0,0.17069980545112995,0.06867907290784758,low,0
S0048,2025-03-28,13,mid,3,35.981467555783055,0,0,2,1,1,1.2651303089820392,0.0,8.262684396762715,0.20097421801244886,0.23249492000316319,0.9903184570247033,0.06069754391259208,0.0,0.012253482960895679,0.04429320337870124,low,0
S0048,2025-03-29,13,mid,0,28.469218235035537,0,1,2,1,0,7.405204486548233,0.0,4.8755861246900265,0.38248887910362617,0.20830533115426808,0.6280529576166575,0.20449833961686514,0.0,0.9746094408286368,0.5610703209655656,low,0
S0048,2025-03-30,13,mid,2,44.08129644385559,0,0,5,1,0,2.4209358490447688,0.0,9.37234796386907,0.23931661770525825,0.8482390783296475,0.10880616329778392,0.8504054880561249,0.0,0.3734626557914974,0.25108526486235105,low,0
S0048,2025-03-31,13,mid,2,27.75511331683759,0,1,1,1,1,3.818693472090936,0.0,10.31387897676949,0.9369781052107985,0.3557714268385471,0.8025777051649978,0.6199691409464745,0.0,0.9657612344665172,0.32669963910257693,low,0
S0049,2025-01-01,1,mid,5,26.66621927995574,0,1,1,0,1,6.628627500500741,0.0,10.454415522048778,0.6823970414648326,0.6764622913564607,0.203040205035384,0.7222823331554977,0.0,0.8650453541185853,0.6140070379965981,low,0
S0049,2025-01-02,1,mid,7,42.18019618226591,0,2,3,1,1,3.713819219381544,0.0,10.543198320641963,0.07128887210811641,0.42543950601072855,0.20950831858953167,-0.5916082117865797,0.0,0.4809762149456699,0.2808017273214275,low,0
S0049,2025-01-03,1,mid,6,29.84253943022582,0,0,1,1,1,7.184612091093461,0.0,9.812092139451432,0.19614952770232064,0.9580093214805603,0.7406017489584513,0.5248449662057388,0.0,0.6654761808140828,0.4474744082629776,low,0
S0049,2025-01-04,1,mid,7,43.58666415776715,0,0,4,1,0,2.4948291029154075,0.0,7.245457968422627,0.5712816532238703,0.7453185330222183,0.25140779799699997,0.04824769977714927,0.0,0.33263562553531034,0.4809655076830037,low,0
S0049,2025-01-05,1,mid,6,32.53036301083705,0,0,4,0,1,5.9156190235170065,0.0,15.020593262321924,0.9659558101159786,0.9443344509903397,0.20591561991494467,-0.9993412289884189,0.0,0.6627488177467113,0.4756415572962799,low,0
S0049,2025-01-06,1,mid,6,42.568535115274166,0,3,3,1,1,3.252006531435099,0.0,8.154018132958184,0.060158566290676396,0.5503713200367569,0.9484637905039759,-0.7288234985976412,0.0,0.12083030227828206,0.27259763222623157,low,0
S0049,2025-01-07,1,mid,6,64.83853137733301,0,0,5,1,0,1.5064283863124466,0.0,6.247076472198256,0.6500765194840603,0.6177616529946296,0.15156595803891315,0.63244410766892,0.0,0.6360912449775816,0.5358084664073437,low,0
S0049,2025-01-08,2,mid,5,49.654103794374336,0,1,3,1,1,4.108745463244052,0.0,10.744748401962644,0.1709759425423144,0.046548897257781996,0.7411758656168012,-0.7463534300485091,0.0,0.663767493511971,0.5553977442655624,low,0
S0049,2025-01-09,2,mid,6,67.92904330189141,0,0,4,0,1,6.616163124375432,0.0,9.694325023394192,0.9310596358226887,0.5330521216282699,0.2338507914733705,-0.02577933071309424,0.0,0.3247986070941764,0.44798562901059724,low,0
S0049,2025-01-10,2,mid,5,49.71312554991502,0,3,1,0,0,7.4384604864415795,0.0,6.487516320677928,0.29358608101999517,0.8415585403609813,0.9868336982692311,-0.4375608013795649,0.0,0.36107786454376267,0.9673455396527073,low,0
S0049,2025-01-11,2,mid,6,24.730737324662236,0,1,5,1,0,5.85508375291555,0.0,13.225356727259262,0.6152704384238086,0.22861268512263366,0.6320887334765307,0.5723001345910201,0.0,0.40175638486251175,0.18209214534304685,low,0
S0049,2025-01-12,2,mid,6,36.808216870874325,0,1,5,0,1,4.033982800729807,0.0,7.83290634642775,0.6084133860861324,0.7250239406185391,0.6359934043418971,0.4272684247007452,0.0,0.5815044788750149,0.8358329113838208,low,0
S0049,2025-01-13,2,mid,6,50.24817342003617,0,2,2,0,0,10.990695840034174,0.0,9.88367438580633,0.4605658268385673,0.691832232643723,0.014912902800988559,-0.6228805749241937,0.0,0.3653856287669277,0.45266727027802556,low,0
S0049,2025-01-14,2,mid,6,42.73626194771609,0,4,2,0,1,4.9397439176881015,0.0,9.86668666567586,0.5321357322342294,0.1349471511130188,0.9511635460355795,-0.5629950858970916,0.0,0.8336313953259302,0.8188189628567579,low,0
S0049,2025-01-15,3,mid,6,37.60945498082428,0,4,3,1,1,6.702152798208051,0.0,8.288658192476891,0.5846496826863526,0.9893562246604741,0.9155030040013848,-0.6434569073483396,0.0,0.6740282646394133,0.6532869800752866,low,0
S0049,2025-01-16,3,mid,4,58.93337937174604,0,1,1,0,0,1.3359409478633544,0.0,7.987991064112992,0.8661297081274232,0.9779398462651449,0.6883167908272814,0.3075215197152874,0.0,0.7142211706120548,0.46766584098217234,low,0
S0049,2025-01-17,3,mid,5,46.913250149807,0,1,2,1,1,6.66935788915039,0.0,8.585733438861466,0.7184684836356346,0.819204086633173,0.7107629667221267,-0.039274269658712946,0.0,0.6865749800288384,0.9320899127098419,low,0
S0049,2025-01-18,3,mid,6,43.95232711090852,0,0,1,0,0,7.111201997595816,0.0,11.06835062114149,0.4728953357555342,0.6225215814321868,0.8410578614904983,0.9656000893306165,0.0,0.18479728353182978,0.8987466204921969,low,0
S0049,2025-01-19,3,mid,6,46.51669103710038,0,0,2,1,0,4.78819473520896,0.0,13.026173770897593,0.9514756795289776,0.24234009458340333,0.22054217818953858,0.35681136031593663,0.0,0.29166335583660785,0.12915484011103096,low,0
S0049,2025-01-20,3,mid,4,37.524749393916444,0,1,4,0,0,4.016493150820289,0.0,12.487123799820832,0.8567586991614494,0.5907839253217934,0.056731336833330204,-0.6934771233711388,0.0,0.44596258529273247,0.3937849733990898,low,0
S0049,2025-01-21,3,mid,6,47.735211472389544,0,1,1,0,1,2.7770248348498354,0.0,10.487686929840422,0.6708169732531327,0.8927039025138329,0.9557638056834511,0.05555270270097479,0.0,0.5327037214920525,0.03827904682605188,low,0
S0049,2025-01-22,4,mid,7,42.05924254930312,0,3,1,1,0,4.974912244918323,0.0,8.00537647110328,0.006066926527528271,0.675948439724658,0.016302323901458138,0.9461301220653622,0.0,0.8806324822894233,0.8153783611422729,low,0
S0049,2025-01-23,4,mid,6,49.063954614293486,0,1,5,1,1,7.62519591554684,0.0,11.20586546490205,0.14595683414299154,0.5715190947145378,0.4248782139325751,0.2145507743592283,0.0,0.42422170040996476,0.2509118689221046,low,0
S0049,2025-01-24,4,mid,6,40.99977910693331,0,0,5,1,0,4.424124231685955,0.0,8.578843195587465,0.696334564390822,0.8611346423084097,0.43599561802837294,0.11040647512733148,0.0,0.2063670016389776,0.79108120904473,low,0
S0049,2025-01-25,4,mid,5,55.03308685320962,0,0,2,1,1,4.2791106375895955,0.0,8.744347263968113,0.5471246276201549,0.2847362203061231,0.20567901933653399,0.028830931145848115,0.0,0.04065319508463805,0.9752423824163379,low,0
S0049,2025-01-26,4,mid,5,51.71712194806689,0,0,5,0,0,4.229330259873592,0.0,12.959540746384175,0.53482383868545,0.5913121563637304,0.7157985863286739,0.33213758341368194,0.0,0.19907146656826913,0.843038389764221,low,0
S0049,2025-01-27,4,mid,5,55.96002515624136,0,0,5,1,0,6.03073206395729,0.0,12.089194372750706,0.47479820447414567,0.26740193268440937,0.634976913152788,-0.7234158056081588,0.0,0.9972777119976494,0.12534003520558434,low,0
S0049,2025-01-28,4,mid,6,39.09163448243113,0,1,5,0,0,0.0,0.0,10.175178886275846,0.5830335647490293,0.10175016655989477,0.503724625954098,0.1095337128943823,0.0,0.8810221469771565,0.5710761853351406,low,0
S0049,2025-01-29,5,mid,7,47.03252468471108,0,0,5,0,0,3.757098304819487,0.0,8.64297126701518,0.5113378386940656,0.9140066077768623,0.6027064388734482,0.20360599420809766,0.0,0.12284863608136731,0.666379310336091,low,0
S0049,2025-01-30,5,mid,5,54.56901967598917,0,1,5,1,0,2.381626876408259,0.0,13.21280992663207,0.36942866866833035,0.5976253284562725,0.9482857457515831,-0.43508887040448774,0.0,0.2473660070431437,0.02627456031378128,low,0
S0049,2025-01-31,5,mid,5,36.8495025356152,0,0,4,1,0,2.247486095120818,0.0,10.147039120693833,0.9357255016134927,0.3070975617012994,0.09292847481624544,0.6723086507828016,0.0,0.4020363771903328,0.8201209154888203,low,0
S0049,2025-02-01,5,mid,6,25.19319674604041,0,1,2,1,1,3.5785876337249016,0.0,9.171764575998552,0.7035148870119956,0.9231207033316555,0.16487792882166852,0.9707709514127831,0.0,0.19586982510302298,0.08627559730870926,low,0
S0049,2025-02-02,5,mid,7,44.80245343184178,0,0,4,0,1,3.3132001459360563,0.0,11.145762334874009,0.44975673968673446,0.7958249281502978,0.9703417245089575,-0.6453287978188464,0.0,0.09465019834099886,0.9875034297231288,low,0
S0049,2025-02-03,5,mid,4,51.988787347164234,0,2,1,0,0,4.454136502256961,0.0,13.459441122554678,0.32922899891564283,0.5308262211269705,0.12291978669292214,-0.20528328380568706,0.0,0.75178573799957,0.7361174491492485,low,0
S0049,2025-02-04,5,mid,5,60.40823636877249,0,1,2,1,0,2.465016153738567,0.0,6.63825962210478,0.654659645242955,0.1787484251895889,0.987434932711651,0.3741107414777356,0.0,0.12712007943106363,0.13803015138183472,low,0
S0049,2025-02-05,6,mid,4,60.504905279547756,0,2,1,1,1,0.4621941240959444,0.0,8.812763832719456,0.2017496870382438,0.3383537980893472,0.7132293432218552,0.663801276181212,0.0,0.8207618315441728,0.7568172484004919,low,0
S0049,2025-02-06,6,mid,5,44.87923505771195,0,0,4,1,0,1.8654122684654966,0.0,15.440459346010137,0.5277964017563372,0.16750986568665638,0.5986420661071672,0.9579023343879376,0.0,0.7648165291808471,0.32004847461686103,low,0
S0049,2025-02-07,6,mid,5,71.01185573609149,0,1,2,0,0,5.8935793807154795,0.0,5.7369012395756815,0.9817934146013452,0.8487858128240312,0.363359082789647,-0.3873541296756222,0.0,0.8192541482490389,0.5491651967315707,low,0
S0049,2025-02-08,6,mid,5,35.58471549430115,0,1,5,1,1,8.451834986314255,0.0,6.1748240918576345,0.025802902396400706,0.8548454698113783,0.11313449433304856,-0.4314221662839475,0.0,0.8167358205701405,0.2648775249068134,low,0
S0049,2025-02-09,6,mid,6,30.24958865188424,0,1,5,0,1,5.863707960730124,0.0,10.462592097118383,0.1658818111949445,0.654357326123324,0.18238006205569535,-0.37139758853314775,0.0,0.3899615335463211,0.8353908654115475,low,0
S0049,2025-02-10,6,mid,5,46.82965148192121,0,3,4,0,1,3.58656762554382,0.0,4.054050207687788,0.7425392082506409,0.22739952687216092,0.4750637739201018,0.6307103850224645,0.0,0.9863771895474096,0.5573061700965334,low,0
S0049,2025-02-11,6,mid,7,34.90149621005381,0,1,2,1,0,7.2881889903307275,0.0,10.43102584042288,0.8321878831620961,0.058669964884084824,0.6197727947691185,0.577968934425704,0.0,0.9064982724858351,0.5062956831636769,low,0
S0049,2025-02-12,7,mid,6,47.54090365340571,0,1,5,0,1,4.018619698147216,0.0,10.775458388078608,0.17081346350280913,0.8654103888376157,0.9538324892884055,-0.2703453779610685,0.0,0.4132618876439045,0.3954545475314273,low,0
S0049,2025-02-13,7,mid,5,57.36713548133767,0,1,2,1,0,3.0228512989655267,0.0,3.0158906701326,0.035975332526948955,0.9257823214361101,0.03057275861715958,0.5456248014236909,0.0,0.2982687322638198,0.11225428732664744,low,0
S0049,2025-02-14,7,mid,7,53.156530075584925,0,1,4,0,1,3.1214894107285946,0.0,8.239961242094848,0.3894894730848725,0.7973669529903753,0.7035180352854723,-0.19793759626805607,0.0,0.9378687244109507,0.4087761858508744,low,0
S0049,2025-02-15,7,mid,5,41.04699021930412,0,0,4,0,1,4.848753956132422,0.0,13.41974798667243,0.48058097827158575,0.25344062096656506,0.1662955759483966,-0.5553422829786481,0.0,0.5679884795511596,0.591793114394393,low,0
S0049,2025-02-16,7,mid,5,31.4466406825117,0,2,3,1,0,3.4121438257778682,0.0,7.803030596924029,0.8360902613672144,0.914211914696477,0.6503611476478323,0.8716406301677071,0.0,0.950012478872986,0.7596882551351146,low,0
S0049,2025-02-17,7,mid,5,40.88401625609396,0,1,1,0,0,9.199349286492343,0.0,9.2131669193135,0.22113937359524194,0.8684936853782285,0.1854417842192927,0.9944595234936706,0.0,0.5568791519562394,0.1468423620289011,low,0
S0049,2025-02-18,7,mid,5,51.938316049275905,0,0,4,1,0,3.6863105973584713,0.0,10.477010964768887,0.049831031155724625,0.4635239584851806,0.0019517133376276696,-0.9063288811777273,0.0,0.16513766381193984,0.9099707740291122,low,0
S0049,2025-02-19,8,mid,5,60.39448765150502,0,1,3,0,1,7.271763406427329,0.0,9.868983452246782,0.11737970002803344,0.7066279124720684,0.04632792555107412,0.9861192369587681,0.0,0.6820863803221492,0.9689896188867366,low,0
S0049,2025-02-20,8,mid,4,52.615535310712026,0,2,3,0,0,5.748962528004819,0.0,9.123658502221232,0.7323371383291847,0.6688050704271076,0.4453482350878616,0.6331742413568877,0.0,0.49221890117975897,0.13554032382917458,low,0
S0049,2025-02-21,8,mid,5,39.21658843384226,0,2,2,1,0,3.339254266506595,0.0,10.255037683650768,0.932059786373956,0.700234732261908,0.8881058496798795,0.9650747738032475,0.0,0.47965396229812984,0.8036598420860968,low,0
S0049,2025-02-22,8,mid,6,45.58990842169301,0,0,4,0,1,4.645287080856333,0.0,6.860791890693269,0.07741020374939178,0.2201977371397733,0.096265880524817,-0.026494443483923158,0.0,0.26677707208630164,0.4710072981786154,low,0
S0049,2025-02-23,8,mid,6,36.17789824894485,0,0,5,1,1,3.858170555602153,0.0,7.552460316051802,0.8221354731354222,0.9321332869746292,0.6496976269913322,-0.8239256589248269,0.0,0.49952439829788065,0.8590423849911283,low,0
S0049,2025-02-24,8,mid,5,43.16670788504605,0,2,4,0,1,3.3972954373061093,0.0,13.496205324001568,0.5975204143967034,0.7155267352531023,0.7553991886279119,-0.20864809102424386,0.0,0.8988002207361929,0.9417847300469746,low,0
S0049,2025-02-25,8,mid,6,48.3564663385262,0,1,5,1,0,4.88330370815805,0.0,9.754442932052365,0.9582141976978277,0.3621505481403684,0.056801817256480924,0.04239622951457345,0.0,0.20641342034568355,0.4263291953214944,low,0
S0049,2025-02-26,9,mid,3,45.53261959991681,0,0,5,1,1,5.9693214952006866,0.0,10.862495516405328,0.43994908326053295,0.05808103976039847,0.22944010621606326,0.942189930530021,0.0,0.6188915822336543,0.22787166282460136,low,0
S0049,2025-02-27,9,mid,4,43.12295546495897,0,2,2,1,1,3.492105009335738,0.0,10.466290413971585,0.207011586202971,0.3978326854501498,0.8093407157289249,-0.6263158102543673,0.0,0.8815237905292566,0.3391640095169326,low,0
S0049,2025-02-28,9,mid,5,29.92558784726769,0,2,5,1,1,3.9751638531249456,0.0,10.277549353434402,0.7127251285519717,0.03744316076552279,0.8734720559435075,-0.8699460568426975,0.0,0.45634941484505565,0.15538539882185887,low,0
S0049,2025-03-01,9,mid,6,38.267260015209565,0,2,4,1,1,3.7410533268149773,0.0,15.046046928569567,0.6330433486199141,0.4317978962647614,0.8440075159746346,0.14520320651678498,0.0,0.632618140584867,0.9886212332256377,low,0
S0049,2025-03-02,9,mid,5,54.56220980817567,0,2,5,0,1,4.963835651338377,0.0,14.951898182249096,0.14117714944129822,0.5423956527359433,0.11444473611223438,0.8103247997641791,0.0,0.23006774929063922,0.8653666801841154,low,0
S0049,2025-03-03,9,mid,4,37.85030735177154,0,0,5,0,0,1.9573572359016551,0.0,6.5663427499622316,0.8517354114060138,0.5722531904898233,0.18671498608817938,-0.943314001698276,0.0,0.10236310557969308,0.7004116834099612,low,0
S0049,2025-03-04,9,mid,6,50.16332018472741,0,1,3,0,0,4.930966512582007,0.0,4.750908203406063,0.05334077076399646,0.39417134544322485,0.3501143821948678,0.2943441635267794,0.0,0.7180134302196016,0.09049530043077436,low,0
S0049,2025-03-05,10,mid,8,64.54924458632138,0,2,4,0,0,3.8448347880072,0.0,7.467760096690913,0.46272980059632207,0.5478139550041575,0.6214893015792811,-0.8572411660292361,0.0,0.6131709328276477,0.35199317631519267,low,0
S0049,2025-03-06,10,mid,5,33.10887210996539,0,2,5,1,0,2.7395445139915466,0.0,4.492112844495251,0.609928365339993,0.4689404376111962,0.7479499047297999,0.19171723017401,0.0,0.22603490866467912,0.8704878348015257,low,0
S0049,2025-03-07,10,mid,6,35.66103052358836,0,2,5,1,1,3.938693565494054,0.0,8.328068672162441,0.9344997790115172,0.1639488537060857,0.34574326053976434,-0.028264759435038922,0.0,0.5562034856211636,0.8580851434041233,low,0
S0049,2025-03-08,10,mid,5,27.836964811865915,0,1,4,1,1,6.224317403392874,0.0,12.197760812654824,0.040389264902285005,0.14938770272591217,0.7321926434389624,0.1896878466579528,0.0,0.6739445778932293,0.7169313859191514,low,0
S0049,2025-03-09,10,mid,6,52.20738843313029,0,0,3,0,1,6.568135594269988,0.0,10.841798669035338,0.5268318960076519,0.9363667741324186,0.19025548859592045,0.24556003833286133,0.0,0.8446404350143368,0.23332465337799768,low,0
S0049,2025-03-10,10,mid,5,58.27741469684507,0,1,5,0,0,5.129390105450941,0.0,16.123113843974565,0.5131089790479579,0.4054295565895232,0.34230042515868264,0.18733308963163564,0.0,0.7483674568429116,0.27927053829485204,low,0
S0049,2025-03-11,10,mid,5,50.030977639699216,0,1,1,0,0,4.513207181979537,0.0,7.593621612753365,0.7957115021328681,0.7073815460264862,0.10669514330779806,0.5969223855677619,0.0,0.4608471405066009,0.032630777888048135,low,0
S0049,2025-03-12,11,mid,6,38.317380809329165,0,1,3,0,0,0.9777983258038834,0.0,9.11092924340244,0.4260460250235062,0.008663952341611436,0.7212440143426434,-0.5988566280422956,0.0,0.36826590969722495,0.4023757906711739,low,0
S0049,2025-03-13,11,mid,5,39.073983115327074,0,2,5,1,1,5.661873830279628,0.0,15.496675259355905,0.776749264321135,0.5161558413937166,0.3212340694165,-0.482123012573598,0.0,0.5406572246613244,0.4559548805139745,low,0
S0049,2025-03-14,11,mid,4,46.74203475512798,0,2,1,1,0,6.694446996078236,0.0,5.303954794822616,0.8365824682983837,0.009373611556478645,0.9360070717047891,-0.7640932432515142,0.0,0.899706123487349,0.23355729970394,low,0
S0049,2025-03-15,11,mid,6,50.62642001567451,0,1,2,0,1,3.5766816148356035,0.0,11.993815782572824,0.880196829229165,0.10091988356835147,0.6298948255198608,-0.08556971687832982,0.0,0.039215673060334466,0.9039070102347798,low,0
S0049,2025-03-16,11,mid,5,34.50190042345058,0,1,5,1,1,5.521108799304476,0.0,6.915355478833307,0.31818088234304076,0.41798114017694643,0.21135961422904992,0.24933813079762568,0.0,0.9886774849256589,0.8335430976742425,low,0
S0049,2025-03-17,11,mid,7,52.90085564618376,0,2,1,0,1,5.713262429601559,0.0,8.606917202544587,0.022706316886867195,0.8475269932920498,0.7882993222843766,0.6614919710117697,0.0,0.0235925460299653,0.9724488341223395,low,0
S0049,2025-03-18,11,mid,7,49.73317643750843,0,1,1,1,1,7.155004486668285,0.0,10.003225878147804,0.8969455542617095,0.9894432863494156,0.040701392725466135,-0.8939996161650203,0.0,0.19072208277705271,0.6563983009670843,low,0
S0049,2025-03-19,12,mid,5,27.77473133889555,0,1,4,1,0,1.4582245075318783,0.0,8.624586656857126,0.3474717041572791,0.7736297930001174,0.5102309900809687,0.74571178876466,0.0,0.9485602571175489,0.9220773011229437,low,0
S0049,2025-03-20,12,mid,5,28.34260462634368,0,2,5,1,0,8.857357607945302,0.0,12.51701692295681,0.20093912994832686,0.558134476843894,0.5306368903445356,0.2392618945129954,0.0,0.8474200512678578,0.7645384605750658,low,0
S0049,2025-03-21,12,mid,6,46.14153224792793,0,0,4,1,1,9.003412946655647,0.0,8.403483682290446,0.5028417044311333,0.1029039370708128,0.141100236718404,0.5002865215875949,0.0,0.8016838593941397,0.36381811416507137,low,0
S0049,2025-03-22,12,mid,4,44.91055775844187,0,0,4,1,0,4.036075817585184,0.0,12.177356587943047,0.07188370485827533,0.7581189005187965,0.3295816626446961,0.13508231640638746,0.0,0.8440315493019054,0.775931360659445,low,0
S0049,2025-03-23,12,mid,6,41.24529260890973,0,1,3,1,0,0.6506047611907952,0.0,10.763181155599273,0.1717461114637141,0.8442583184962262,0.5079705211683264,-0.7809401232523543,0.0,0.07533312355974053,0.3831804511092173,low,0
S0049,2025-03-24,12,mid,6,54.01360108352349,0,0,3,0,1,10.220083739957023,0.0,13.017586362147615,0.4388278810014493,0.5027337357677981,0.7103567334955356,-0.03254871935734638,0.0,0.919652133951562,0.5408737976810094,low,0
S0049,2025-03-25,12,mid,6,40.13337940756104,0,2,5,1,1,1.244308078477565,0.0,8.546525912212797,0.551055490769777,0.2729357973212353,0.4459835610273415,-0.147479473897435,0.0,0.6160692035288751,0.014166019032079369,low,0
S0049,2025-03-26,13,mid,7,61.61636957224613,0,1,2,0,1,6.583236645876354,0.0,8.40598451997747,0.5649480925090075,0.7543791133054369,0.7453822647443714,0.5764146199950833,0.0,0.8692058494266997,0.9194639623278336,low,0
S0049,2025-03-27,13,mid,4,24.059614447160058,0,0,2,0,0,5.595764425443457,0.0,11.91369664302835,0.17174634742123218,0.35010302659389947,0.949983131982152,0.2376891644479382,0.0,0.6087176368883701,0.6530710921126518,low,0
S0049,2025-03-28,13,mid,4,43.59008189738621,0,0,3,1,0,2.8769750432680086,0.0,9.604916694302347,0.41585168236671266,0.9995031152454107,0.5033670543895209,0.8492943400669335,0.0,0.7019082757278221,0.8943207301908506,low,0
S0049,2025-03-29,13,mid,7,49.75866202402283,0,0,5,1,0,4.168252567265802,0.0,9.08666503988937,0.3535245309445938,0.12407184561837292,0.6532772966143914,0.4334309847419342,0.0,0.15959369289795433,0.6215760503809896,low,0
S0049,2025-03-30,13,mid,5,41.15330150541723,0,0,4,1,1,8.361540262333676,0.0,4.657575339559253,0.533764426059802,0.7261565517557599,0.33495679369748843,-0.8606348275452758,0.0,0.41762693979569676,0.5445055505312506,low,0
S0049,2025-03-31,13,mid,7,47.65643979800027,0,0,3,0,0,6.925018806547317,0.0,6.881269088051122,0.6579891628595045,0.7139749327743675,0.5300422587404647,0.45936155861641814,0.0,0.512392106874931,0.37760716360738666,low,0
S0050,2025-01-01,1,mid,6,47.69887449341658,0,0,5,1,1,1.3947723356955621,0.0,17.35717890766105,0.25782535716223876,0.9115417438707855,0.863170207324159,-0.137012678895301,0.0,0.6597194056628629,0.508113137034419,low,0
S0050,2025-01-02,1,mid,5,33.699529220964436,0,2,2,0,1,5.940546893735924,0.0,6.206171954232202,0.7651947820705799,0.6973770539835885,0.04657567568187415,-0.0924112374152668,0.0,0.18447358815758852,0.9881422066151606,low,0
S0050,2025-01-03,1,mid,7,50.523692851736016,0,0,4,0,1,7.200301760033448,0.0,11.4842609383142,0.5327131734934678,0.15472535687000422,0.3766551849697328,0.7633139058992229,0.0,0.015606577597488291,0.20717763204511586,low,0
S0050,2025-01-04,1,mid,5,36.1151068579746,0,0,1,0,1,4.577801579519576,0.0,9.04177069834202,0.09467039043567194,0.6442841867454338,0.21821892738854898,-0.04013991693007246,0.0,0.8602431342624364,0.8247720413268389,low,0
S0050,2025-01-05,1,mid,4,51.28856460744651,0,1,4,0,0,4.028811143532462,0.0,14.312096367349325,0.48749842354682804,0.9675204117051156,0.8717842842493335,0.8574003147034186,0.0,0.077676550723491,0.6185806766288314,low,0
S0050,2025-01-06,1,mid,5,31.170098440652193,0,2,2,1,0,6.03756790988832,0.0,8.092245116239473,0.7865896799562185,0.4410741656675593,0.19360749582036096,0.25974779234700374,0.0,0.8534544363366817,0.5295073147124879,low,0
S0050,2025-01-07,1,mid,6,44.679563185800546,0,1,2,1,0,4.32190823531352,0.0,8.126755296544001,0.10962807335574465,0.8188845152675877,0.5093378630581284,-0.5064264401432914,0.0,0.018089348520965887,0.523920968672742,low,0
S0050,2025-01-08,2,mid,6,52.64860337498855,0,0,2,1,1,2.8215983727399085,0.0,8.476275855809025,0.06056723559867916,0.17525986142017014,0.10549078782538068,-0.5946034121997301,0.0,0.996454312656893,0.4454085581243318,low,0
S0050,2025-01-09,2,mid,5,49.69099770365584,0,1,4,1,0,6.222069827089779,0.0,12.51396560255121,0.0009585597765613407,0.10597392623267121,0.6709437918534042,-0.1808709916045239,0.0,0.01947532431963439,0.7408696665320537,low,0
S0050,2025-01-10,2,mid,7,35.754304158296506,0,1,1,1,1,4.38758434123968,0.0,6.209019091909769,0.5271870234090279,0.3138657578902182,0.5004571989543778,0.4367127785728442,0.0,0.7144552006273498,0.9222827271012008,low,0
S0050,2025-01-11,2,mid,4,60.71226061417132,0,0,2,0,1,6.744348267408917,0.0,13.845113991104999,0.2922941961065526,0.8921374837720002,0.5522863453068966,-0.8619619414893107,0.0,0.061450924932735074,0.14318695008107374,low,0
S0050,2025-01-12,2,mid,6,42.79017595648795,0,1,5,1,1,7.507858927228325,0.0,12.332504067818586,0.35742720608038137,0.16986827470643473,0.65787730940157,0.8381737305448866,0.0,0.9819009995317001,0.45004708834688467,low,0
S0050,2025-01-13,2,mid,4,49.01724070854639,0,2,2,1,1,6.504848236675228,0.0,11.317866880989587,0.687076591032002,0.5228642817750819,0.7841596523553163,-0.43113364615529526,0.0,0.677466485452632,0.7245277264536991,low,0
S0050,2025-01-14,2,mid,5,42.65402191434669,0,0,3,0,0,2.4188784565329398,0.0,5.548340295387738,0.7351115933404055,0.8604833999379176,0.37572563806442794,-0.7383222316320068,0.0,0.08256168360196747,0.6388420786012923,low,0
S0050,2025-01-15,3,mid,6,44.95303784709868,0,2,5,1,0,4.523707142874298,0.0,12.582105098595951,0.9587099602745836,0.5633456288982742,0.43403162032582976,0.09930004265346581,0.0,0.4220555650377943,0.29188722681693535,low,0
S0050,2025-01-16,3,mid,5,31.80102486784105,0,2,5,0,0,3.7650984796513995,0.0,11.07885529224384,0.46126531928734216,0.8567097298716981,0.49164200523250634,0.621455377924812,0.0,0.7758946230303215,0.1598447780412261,low,0
S0050,2025-01-17,3,mid,7,37.602242142880755,0,0,5,0,0,3.471378732512809,0.0,12.855799367913983,0.7608558936831183,0.9229697648433272,0.11291739117486532,0.8271567341752899,0.0,0.3601744231746067,0.0064593054511995485,low,0
S0050,2025-01-18,3,mid,6,44.32374608619258,0,1,4,0,0,2.020980186755484,0.0,13.517419474665727,0.6241790971696337,0.42913582954995,0.04954859204175932,-0.5977447393748647,0.0,0.01923533804886235,0.25479222283027336,low,0
S0050,2025-01-19,3,mid,5,51.16358793373949,0,2,1,1,1,4.513724199474538,0.0,13.860470091096982,0.9937931414415223,0.84285828108455,0.21538502117581837,-0.0864597744945581,0.0,0.29546398044499533,0.5502399016839665,low,0
S0050,2025-01-20,3,mid,6,54.177216267130824,0,1,2,0,0,4.2482833448446895,0.0,7.1472333347110775,0.6978096712411337,0.8729774508998152,0.32257972961064774,0.1224847990759399,0.0,0.011839749830859558,0.37084279576362356,low,0
S0050,2025-01-21,3,mid,6,40.40505445223743,0,0,4,1,1,2.703967653514509,0.0,9.057567965145413,0.26334419500914474,0.9741944866254854,0.5131825643570875,-0.824293844755507,0.0,0.04974682240154915,0.04193786972045166,low,0
S0050,2025-01-22,4,mid,6,41.98734204116655,0,1,5,1,1,0.0,0.0,8.655084261626127,0.1805486210150108,0.2787709874251687,0.33869543612373065,0.6254356794705171,0.0,0.5529529699233292,0.20091452691106082,low,0
S0050,2025-01-23,4,mid,5,35.77572666187771,0,3,4,0,1,6.956252575246489,0.0,6.024700571421609,0.08852096155304512,0.36352386617792265,0.5759130839900617,-0.7916547260147853,0.0,0.37713989783005053,0.9552411833102298,low,0
S0050,2025-01-24,4,mid,6,33.98314598479262,0,3,4,1,0,6.25157528266962,0.0,15.831114474061053,0.17193562803419538,0.8271610404803034,0.4532890746702646,-0.6955102704601916,0.0,0.7961819542269964,0.13343448172849426,low,0
S0050,2025-01-25,4,mid,5,49.79579708787955,0,1,1,0,1,1.534898852365579,0.0,10.273042416902127,0.47003429246127126,0.29377469132567235,0.06564714807770289,-0.21174215176903166,0.0,0.20456973150201885,0.5492896782127434,low,0
S0050,2025-01-26,4,mid,5,61.775694497265114,0,0,2,1,0,5.926244829033976,0.0,12.688024258197888,0.6704390121306464,0.19367876460445788,0.6635965652419512,-0.5359387523092964,0.0,0.6875346871044031,0.33353048462091106,low,0
S0050,2025-01-27,4,mid,6,41.15923386861677,0,0,4,0,1,8.311636141587442,0.0,6.202143492362938,0.1588052243104917,0.7200950385289366,0.5812415452909563,-0.8268327348658573,0.0,0.8682385449092037,0.1283618691052807,low,0
S0050,2025-01-28,4,mid,4,43.22157719938397,0,3,5,0,1,2.7022190683604017,0.0,8.106058140735275,0.203389511930823,0.857801092150656,0.8305912308809908,0.30082322279340845,0.0,0.06294238399355445,0.31804815738277714,low,0
S0050,2025-01-29,5,mid,5,53.34885976673863,0,1,5,1,1,6.484599464913267,0.0,11.068405017632,0.8779655437240892,0.19210382619372013,0.2745155307175573,0.3320754884396797,0.0,0.8413156034870037,0.45521869240811863,low,0
S0050,2025-01-30,5,mid,6,52.722560662193146,0,0,4,1,0,5.643387552125251,0.0,13.350646623230482,0.6365453511862211,0.9380510736350198,0.8666914013694579,-0.8480091979858309,0.0,0.8529855588090933,0.6671450325769281,low,0
S0050,2025-01-31,5,mid,6,40.60344655250459,0,0,1,0,1,4.520535593684031,0.0,12.32445926452112,0.5823740923503427,0.20715626643789087,0.3688888986598533,0.7411548463689599,0.0,0.2095993652169249,0.20610561334229283,low,0
S0050,2025-02-01,5,mid,6,29.143225281003556,0,1,2,0,0,3.764766005768486,0.0,11.571345848514708,0.5025005607782645,0.5272816220591884,0.9343544439809814,0.8512077511833442,0.0,0.06227943922545631,0.9991972150073355,low,0
S0050,2025-02-02,5,mid,5,57.57528813070256,0,1,3,1,1,3.823076101946958,0.0,11.362724333641546,0.8523176068535366,0.6204438739133953,0.8076005958312745,-0.1640812185802254,0.0,0.34631502977249085,0.5326220430072417,low,0
S0050,2025-02-03,5,mid,6,20.7811785366428,0,1,1,1,1,3.9294869913080426,0.0,10.891608003902595,0.6211945662058667,0.5818514016619803,0.16716706106856294,0.5477175794678724,0.0,0.31197698492874726,0.6206257229780506,low,0
S0050,2025-02-04,5,mid,5,42.703714654092984,0,1,4,1,0,2.922112907830056,0.0,13.213493019955012,0.6174261576493556,0.5724886577130971,0.17831598302366858,0.3051178958424885,0.0,0.3260060782239652,0.6111504952555081,low,0
S0050,2025-02-05,6,mid,7,46.45974718700461,0,0,1,1,0,5.58701373949287,0.0,11.7177492950623,0.05471627384105826,0.5503115471029815,0.38403985873371094,0.49716210058673216,0.0,0.5909290085058163,0.7252005207922245,low,0
S0050,2025-02-06,6,mid,5,32.152442820159166,0,2,4,1,0,3.113324126805546,0.0,5.893225761461113,0.14462380579025025,0.5095864443074993,0.227545836809114,-0.3249370510303313,0.0,0.29282372920243094,0.7720314536566697,low,0
S0050,2025-02-07,6,mid,5,51.978780148953106,0,1,3,1,0,8.138554277482426,0.0,2.9212751003410045,0.10837151807940648,0.36339589811261064,0.9761343539650122,0.0954445252143068,0.0,0.5606275435901671,0.9539798690202479,low,0
S0050,2025-02-08,6,mid,6,54.69231727164157,0,0,5,1,0,4.977299973407817,0.0,12.502875946581064,0.09454856620637875,0.606224730533348,0.36746139894187446,-0.6842786787052255,0.0,0.9191433896389265,0.2394490520477074,low,0
S0050,2025-02-09,6,mid,5,62.05973794045675,0,2,2,0,0,5.068828216136616,0.0,16.591048665942584,0.7903288106633813,0.157074334691913,0.3961878278440758,-0.8669811008301105,0.0,0.6714376636852789,0.7570319817208087,low,0
S0050,2025-02-10,6,mid,6,46.20648480059372,0,1,3,0,1,5.326870022970979,0.0,10.48782000936404,0.6790625986271109,0.7494234933956002,0.7769071960476482,-0.6616811995552965,0.0,0.3002448283355277,0.10423973826554889,low,0
S0050,2025-02-11,6,mid,6,38.65562031847022,0,3,5,0,1,4.269959323935445,0.0,13.520801505173,0.11007978013576702,0.8742730998922953,0.5711909735333869,0.7162830986897684,0.0,0.38712891457567133,0.02894923346863343,low,0
S0050,2025-02-12,7,mid,6,41.12458745274634,0,0,3,0,0,4.169907230594768,0.0,12.53921930770737,0.9859593529483038,0.27604349265174966,0.9030038619753518,-0.13744875910240784,0.0,0.9075284249357861,0.42679289447309776,low,0
S0050,2025-02-13,7,mid,5,58.920569845293755,0,1,4,1,0,5.632186149815567,0.0,14.704984376080873,0.09675283789317168,0.2227061405648999,0.2557671265011575,-0.93348085432607,0.0,0.10192337790804695,0.2947566982782953,low,0
S0050,2025-02-14,7,mid,5,38.84661497383285,0,4,1,1,1,4.008549906840273,0.0,7.778931276245144,0.7057346036379474,0.47464494105264976,0.03292462587277123,-0.6899335413394598,0.0,0.3679250488278314,0.4197732524024246,low,0
S0050,2025-02-15,7,mid,6,39.92857529494877,0,0,3,0,1,7.843141024015974,0.0,4.596305111964103,0.8270179411721079,0.6346918507400091,0.4916671429261613,-0.42866526727739207,0.0,0.29255304333160426,0.7705768312650543,low,0
S0050,2025-02-16,7,mid,6,35.680221696824816,0,0,5,0,0,4.508957559073524,0.0,12.764441196456335,0.0384545765478409,0.7379540915465744,0.9201391915758504,-0.4904797312095046,0.0,0.5424831374353414,0.807618658733169,low,0
S0050,2025-02-17,7,mid,4,35.191099167427915,0,1,2,1,0,8.587378373853873,0.0,11.196059469563428,0.6328992626455531,0.8862465707105531,0.9923842825293897,0.8748468480295633,0.0,0.7641523727985167,0.686015254852777,low,0
S0050,2025-02-18,7,mid,6,39.68813764395241,0,1,1,1,0,4.510752479092915,0.0,11.24825081450265,0.3990548210729692,0.6530878066490696,0.18600725996607304,0.6698071610353076,0.0,0.6660672045881497,0.35226205971643965,low,0
S0050,2025-02-19,8,mid,5,54.70783884468602,0,1,4,1,0,4.834269615314298,0.0,7.954046447339846,0.5455159160633487,0.7898661691811907,0.15972708013148906,0.8398550218163172,0.0,0.5715862414096102,0.8427476065689151,low,0
S0050,2025-02-20,8,mid,7,51.40292587931508,0,2,5,0,0,5.197985152632475,0.0,11.713925990353982,0.29468147530604183,0.5572027549273262,0.6377914211492526,-0.7784270606560229,0.0,0.6699245393431703,0.9025789057489664,low,0
S0050,2025-02-21,8,mid,6,48.773631051894526,0,0,3,0,1,3.524751362342035,0.0,11.775155071988888,0.961877257871922,0.8966291443211348,0.7782387287959541,-0.8429032829993695,0.0,0.3538372976333799,0.2981973451089105,low,0
S0050,2025-02-22,8,mid,5,36.54617968284794,0,1,1,1,1,1.2792243857194991,0.0,12.669478540448656,0.5333884885910126,0.7549162179296608,0.7732947121489758,-0.9760302200978319,0.0,0.07808322781987487,0.0034305326565998717,low,0
S0050,2025-02-23,8,mid,6,40.327483739637145,0,2,1,1,1,6.758903318471663,0.0,8.14881739289769,0.635019701732663,0.12701261654684182,0.11423324460873008,0.8762100388672733,0.0,0.28791198112394434,0.6634825993214409,low,0
S0050,2025-02-24,8,mid,6,39.81208861710778,0,0,3,0,0,5.309189278661282,0.0,11.849937495152833,0.07710931964852075,0.4336574282910204,0.35932293257009174,-0.7035927356915423,0.0,0.822018015588074,0.7756061445314063,low,0
S0050,2025-02-25,8,mid,7,18.36032865698327,0,1,5,0,0,3.018748783071209,0.0,10.733194459565624,0.7720554150717157,0.3722788812411455,0.6298778621796512,-0.6028219084289725,0.0,0.16340925818337126,0.052674127882099575,low,0
S0050,2025-02-26,9,mid,6,28.47155875982877,0,0,4,1,1,5.521840513421887,0.0,10.093181417077412,0.584323166769958,0.2886108661948892,0.5629406617279221,0.9693904654421568,0.0,0.7233351800241498,0.12857730876994367,low,0
S0050,2025-02-27,9,mid,4,34.91972596450607,0,3,5,0,0,7.326633285462501,0.0,15.640827309119992,0.016027457730664718,0.5355328550822684,0.03783673156355749,-0.09785235040114793,0.0,0.045686071441878084,0.45535758440915053,low,0
S0050,2025-02-28,9,mid,7,37.691743602613165,0,1,2,0,1,10.998779144750074,0.0,10.92690924006214,0.8180987708704331,0.7717037220699862,0.7670586915202087,0.45859597264057084,0.0,0.7577869151430114,0.6776015251949387,low,0
S0050,2025-03-01,9,mid,6,55.72224731298158,0,1,2,1,1,3.7755605766099753,0.0,13.215300639287564,0.3747897268164526,0.8583524453090318,0.6571808663444434,0.35676276027661813,0.0,0.6389407193187943,0.5411341126486116,low,0
S0050,2025-03-02,9,mid,6,56.774456235823244,0,0,1,0,0,4.444679740578538,0.0,12.104095308495127,0.5826469935373867,0.3079546535432832,0.17898155263639404,0.46003779217806584,0.0,0.20457020168048756,0.07219434526732216,low,0
S0050,2025-03-03,9,mid,7,39.60618594782467,0,1,1,1,0,7.139988829339893,0.0,8.065133358250431,0.8725490536191707,0.46474706778399055,0.22369710576036517,-0.7403903453784211,0.0,0.14082237142510357,0.7969331547370067,low,0
S0050,2025-03-04,9,mid,7,35.84555121836132,0,1,5,1,1,5.767828031313732,0.0,11.25817342194636,0.028368591965683976,0.14027655837512798,0.7559012167332496,-0.32853420726724947,0.0,0.6435910669585375,0.5626757389940499,low,0
S0050,2025-03-05,10,mid,5,46.5626867769242,0,1,3,1,1,4.401746743005559,0.0,18.104879060566198,0.5845324777744956,0.12930530144997232,0.9476914543411039,-0.17329211842741254,0.0,0.4494727718906766,0.5469661867606842,low,0
S0050,2025-03-06,10,mid,5,60.40330064576415,0,0,1,1,0,9.095684251243924,0.0,7.34750220355359,0.9653662191455364,0.033585000019860756,0.5188679381473723,0.8722482969606966,0.0,0.2551467532878269,0.11229916703305842,low,0
S0050,2025-03-07,10,mid,4,48.06119983843183,0,2,3,0,0,4.191250880205424,0.0,11.421546035788912,0.731816481973349,0.10632224230196596,0.4724243982619917,0.858462214861814,0.0,0.07447792246913443,0.2953714120738198,low,0
S0050,2025-03-08,10,mid,5,59.870934370474714,0,3,5,1,0,3.0825533573827073,0.0,7.546887547768431,0.42534737292235825,0.724285826828729,0.3662228094739971,0.7494494892924852,0.0,0.14936078516374662,0.11794303267413442,low,0
S0050,2025-03-09,10,mid,5,40.3759534990875,0,0,2,1,1,3.9379512342041094,0.0,12.307991846716362,0.22632442905090333,0.7321106892354687,0.5989660301193368,-0.5877529510371664,0.0,0.9673384024204038,0.4242116471339571,low,0
S0050,2025-03-10,10,mid,5,39.79170194444874,0,0,3,1,1,5.768665404330906,0.0,9.889571393376045,0.23827383133274016,0.6789752271763831,0.01752944096857667,-0.2554699139993837,0.0,0.07932543505912648,0.36737375079717294,low,0
S0050,2025-03-11,10,mid,4,30.74794262457027,0,1,3,1,1,4.005526588586861,0.0,16.425456444262966,0.16191949729260346,0.7872439321074459,0.9308812152580858,-0.0693294563927993,0.0,0.614030004402875,0.8153445092626639,low,0
S0050,2025-03-12,11,mid,7,37.01008113349553,0,1,4,0,1,6.720183397125263,0.0,4.502044791741023,0.5845900564236849,0.33293533278018195,0.38959841607776247,-0.11786876417547987,0.0,0.37565330657612717,0.7606476605576575,low,0
S0050,2025-03-13,11,mid,7,35.84728993810586,0,2,1,1,0,1.122226697458351,0.0,8.727546015248258,0.9444277712057896,0.18830057081312324,0.4768208446596377,-0.1631233609105902,0.0,0.9352048568630712,0.7558104968640627,low,0
S0050,2025-03-14,11,mid,8,37.1085221070145,0,4,4,0,1,5.817879873839144,0.0,7.067984780896824,0.6915150025807378,0.9712100345381447,0.4557044757953512,0.9945848255181997,0.0,0.18709858550581937,0.6566308329805839,low,0
S0050,2025-03-15,11,mid,6,16.09877546945803,0,2,4,1,0,7.937249010747248,0.0,7.081623487253548,0.49713239815397225,0.6370852094402801,0.919328865555584,0.013728255883329377,0.0,0.6380351569812627,0.6397133753196673,low,0
S0050,2025-03-16,11,mid,8,49.31188603030215,0,2,2,0,0,3.3445579027731616,0.0,4.224132231800331,0.10840750885313977,0.844743061362904,0.4117072252702524,-0.8344319849235429,0.0,0.7900237508387914,0.019625311333283157,low,0
S0050,2025-03-17,11,mid,7,52.851100587616024,0,0,2,0,1,2.7979259829020022,0.0,6.237962991718886,0.6486247546368902,0.4576719585501443,0.27134014406226015,-0.8858067868650925,0.0,0.7838536449883658,0.8882258656128097,low,0
S0050,2025-03-18,11,mid,5,35.31850741817411,0,0,3,1,0,6.715721880387577,0.0,15.60559823586338,0.8263978978068721,0.3022814997152907,0.13582267738547682,-0.2796784901290832,0.0,0.7787070515583997,0.24173935514896594,low,0
S0050,2025-03-19,12,mid,5,40.539430130550166,0,3,3,1,0,4.382486069585383,0.0,9.354677767353008,0.7260468402391252,0.0016415783293450836,0.441351509828555,-0.016095779133878718,0.0,0.7842027148945,0.5223643884885004,low,0
S0050,2025-03-20,12,mid,5,34.83657240531715,0,1,5,1,1,7.48522018659519,0.0,8.68958758613127,0.12301147388662403,0.9941667904777521,0.6781385752746263,0.8216009319252571,0.0,0.8380535433677244,0.7771349355463758,low,0
S0050,2025-03-21,12,mid,5,40.68461372990428,0,0,1,0,0,5.637374669090716,0.0,7.441577738470414,0.007713489750833524,0.006467072218631409,0.17914656861363332,-0.45814235159201533,0.0,0.2631604486531808,0.4431716653856965,low,0
S0050,2025-03-22,12,mid,3,49.540553715082694,0,1,1,1,0,9.278046105192626,0.0,10.118581180847762,0.2791160308658899,0.12077957934348815,0.08145160606053314,-0.6132060714973881,0.0,0.4828295529686163,0.23602738610486285,low,0
S0050,2025-03-23,12,mid,5,44.37494930144045,0,2,2,1,1,7.03340590253317,0.0,9.520893986021884,0.8165392075742577,0.8749410555097594,0.0391541609694499,0.30503131357923086,0.0,0.5666289424426034,0.5452157580791216,low,0
S0050,2025-03-24,12,mid,7,45.21446100165412,0,3,3,1,1,8.369705835280259,0.0,11.247239326089998,0.24118211049743932,0.3512115976379826,0.20511861769737438,-0.777935872072522,0.0,0.756204064441924,0.2400635989086053,low,0
S0050,2025-03-25,12,mid,4,38.030264173202156,0,0,1,1,0,4.133472985621652,0.0,7.1201377127938095,0.9344220150001339,0.8585331039016134,0.4459239610045047,0.41977913977943637,0.0,0.15184996190188538,0.7525508593137176,low,0
S0050,2025-03-26,13,mid,7,43.0609432209034,0,1,5,0,1,4.601106374532303,0.0,9.905933946815322,0.7587215275716062,0.46695731052669887,0.9396183107860041,-0.43800410703560777,0.0,0.49607177865376795,0.4111348370036698,low,0
S0050,2025-03-27,13,mid,6,59.45421997190283,0,2,2,0,1,6.486987233956766,0.0,5.183966279542246,0.5719426671847699,0.4022616196442157,0.5394895646246132,-0.7636163724765395,0.0,0.8761742517288794,0.20707663971772494,low,0
S0050,2025-03-28,13,mid,6,55.43009891231602,0,1,2,0,0,4.8457522515231775,0.0,4.2112358890217285,0.8818406706371703,0.7878490484634785,0.616044178403239,0.25315421204947297,0.0,0.8953903751959995,0.47969617728696967,low,0
S0050,2025-03-29,13,mid,7,46.232604470972156,0,1,2,1,0,5.050710324244369,0.0,11.225646514344392,0.10260182317337319,0.4141972947582515,0.07197118070960429,-0.16371946786093794,0.0,0.711561795739014,0.32352616846691706,low,0
S0050,2025-03-30,13,mid,6,25.247829354084384,0,1,5,0,1,5.722971616426557,0.0,5.833441232128187,0.14537804398190646,0.18557130759633467,0.7659689834543612,-0.6006397853806236,0.0,0.7490011765920678,0.40402871946656493,low,0
S0050,2025-03-31,13,mid,4,43.54847260935802,0,1,5,0,0,2.685901740449592,0.0,11.844260944666557,0.021834476328825403,0.814604165713378,0.8561627166193668,0.7611483907872807,0.0,0.03629750531937226,0.7609218215128496,low,0
S0051,2025-01-01,1,mid,5,37.93948635486252,0,0,2,1,1,3.5184589090582286,0.0,8.81171741675724,0.674839315890453,0.08420393370759383,0.06118225686037304,0.36315857433752585,0.0,0.6942889489381876,0.19908004652782918,low,0
S0051,2025-01-02,1,mid,4,53.0269809583377,0,1,4,1,1,2.410200154831801,0.0,14.254775338434973,0.29720788794732445,0.8534017453022273,0.48995639091038723,0.1867359232257806,0.0,0.5962998059448126,0.5338017312118177,low,0
S0051,2025-01-03,1,mid,3,39.19622475020189,0,2,1,1,1,5.186052329671257,0.0,9.202971947962165,0.6038431208328361,0.9099693095883152,0.11747661736359871,0.04529124181006039,0.0,0.1507710500307876,0.45570896971503483,low,0
S0051,2025-01-04,1,mid,3,48.3973898619781,0,2,3,1,0,4.545916727193182,0.0,10.902344017284255,0.43876588040404485,0.6100628502239768,0.7653521484600008,0.5237794468512627,0.0,0.11724835531494149,0.22190996538224084,low,0
S0051,2025-01-05,1,mid,2,52.02446873875707,0,0,3,0,0,6.85099159236079,0.0,5.354765845513209,0.7266499001887678,0.6465828362741388,0.377566186755942,-0.13916976928124858,0.0,0.8379853126516387,0.6627851314178909,low,0
S0051,2025-01-06,1,mid,2,31.01012009783749,0,1,1,1,1,4.376260587238402,0.0,10.937469753654725,0.402153799760836,0.17013502660989843,0.22426072679134446,0.0019449396355422088,0.0,0.36139931179364126,0.9097404785622897,low,0
S0051,2025-01-07,1,mid,2,46.73857926637072,0,0,3,1,0,5.090479677480031,0.0,8.010433517499427,0.1401779955194532,0.8368785396840472,0.30216246631408417,-0.556685373229153,0.0,0.7397568887196758,0.8486483476977635,low,0
S0051,2025-01-08,2,mid,5,37.97462516137479,0,0,5,1,1,4.793898886313883,0.0,18.234651290309134,0.21903054850374482,0.544724032999011,0.12825046653576655,-0.8545680170244447,0.0,0.7778511956910956,0.6762726322920185,low,0
S0051,2025-01-09,2,mid,3,47.05829820194344,0,1,5,1,0,6.779574226982714,0.0,8.451437407079428,0.07953665567713453,0.6809999006545874,0.11300328005200144,0.06559282793279975,0.0,0.9016143955435061,0.23806737405263434,low,0
S0051,2025-01-10,2,mid,2,38.9971474968546,0,1,3,0,0,0.2894070705536933,0.0,10.630924602558466,0.9797273147392423,0.6460948091721676,0.5158228917679233,-0.5177309345590846,0.0,0.25307863602072955,0.3622673346159847,low,0
S0051,2025-01-11,2,mid,3,50.76007860603237,0,0,5,0,1,5.427849940098001,0.0,11.3560669511035,0.43611021685175944,0.2096845788294861,0.01052070834275698,-0.8191943248413953,0.0,0.1896757410318879,0.21644135239393492,low,0
S0051,2025-01-12,2,mid,2,59.31010494922455,0,0,1,0,1,6.8670809957020085,0.0,10.83686339476526,0.5028420568562586,0.007720161293023442,0.06527875775786973,-0.4579893220238842,0.0,0.13918558358883393,0.7705874091394969,low,0
S0051,2025-01-13,2,mid,1,52.47864807509785,0,3,3,1,1,6.323141800284653,0.0,9.094150012346123,0.35204633415222764,0.6607005645938838,0.11156565124096285,0.06279913601295206,0.0,0.342874426754574,0.16052102969187376,low,0
S0051,2025-01-14,2,mid,3,50.17045923855492,0,0,2,1,1,5.728853905228595,0.0,12.808146583524415,0.1407142175425643,0.25844922884581045,0.6375989537603833,0.8238847487873318,0.0,0.8915289668103288,0.35918614070877486,low,0
S0051,2025-01-15,3,mid,3,57.84389842854527,0,1,1,1,1,7.447635958139994,0.0,7.991273945451491,0.30905055537332204,0.5596473558573968,0.9196456550984301,0.39658571953887733,0.0,0.5617581468909559,0.8670557339246486,low,0
S0051,2025-01-16,3,mid,1,39.075487142977,0,1,3,1,0,3.9553052471506476,0.0,11.189346814671431,0.6748100815949779,0.34421391174489036,0.578002586265674,0.7102347529734911,0.0,0.15427259674128546,0.777635207036862,low,0
S0051,2025-01-17,3,mid,3,39.02280489995961,0,0,1,1,0,4.422150441634253,0.0,9.724200404641968,0.30748019713815866,0.706138547874406,0.9429048450460479,-0.10061200322486274,0.0,0.33606728063492697,0.6532233740552803,low,0
S0051,2025-01-18,3,mid,3,37.76131696516107,0,3,1,0,1,7.238063643902218,0.0,11.690229531528251,0.9344998699648972,0.7962808938631863,0.9090453225361039,-0.0012630011599392699,0.0,0.03888459391900645,0.05183018050662436,low,0
S0051,2025-01-19,3,mid,3,30.407005997167886,0,0,5,0,0,6.577917024650073,0.0,9.276377145570462,0.5090949498067703,0.26043714089443715,0.8241298704009593,0.8962668277964323,0.0,0.24229114553712572,0.6052644442385674,low,0
S0051,2025-01-20,3,mid,4,59.14470114101734,0,1,3,0,1,4.51715602060539,0.0,7.473558185143094,0.886956705855573,0.5446040794302353,0.8241405248822241,-0.43294073281027834,0.0,0.11149430297597429,0.24603882075199612,low,0
S0051,2025-01-21,3,mid,3,48.46456974712097,0,1,3,0,1,6.1591864161050545,0.0,7.3020889606324335,0.6121069998378683,0.946972987094273,0.32341580496173716,-0.5712191009792298,0.0,0.6557398235811696,0.9719975079468254,low,0
S0051,2025-01-22,4,mid,1,49.63839948342634,0,2,2,1,1,5.478304152619918,0.0,12.495014406449096,0.5026473785348812,0.3325671683212813,0.11885190919173816,-0.5103749840936995,0.0,0.33100855250568395,0.28873717481717043,low,0
S0051,2025-01-23,4,mid,3,37.6072979831198,0,1,4,0,0,4.954786655707765,0.0,11.436223818304313,0.9532470682622816,0.18359823712147239,0.011398505229599287,-0.6077374080826901,0.0,0.098368368086868,0.7339560224032454,low,0
S0051,2025-01-24,4,mid,3,31.641024572992777,0,3,5,1,0,5.030644466295866,0.0,5.7430075478626295,0.12407934641373108,0.611640679487773,0.0976212877997974,0.006706011509846288,0.0,0.4616464966431112,0.11179094740332285,low,0
S0051,2025-01-25,4,mid,4,38.6105628079371,0,1,5,0,0,8.494777075092156,0.0,0.32408143301848824,0.6092190260638908,0.45140855743900676,0.44443046490121985,0.8302906351288588,0.0,0.8165461289600618,0.21259219845075594,low,0
S0051,2025-01-26,4,mid,3,32.30612541543225,0,2,5,1,0,3.478629640420129,0.0,12.365478467188176,0.8728371990202122,0.3355322051344013,0.9108944844680726,0.6485399294355734,0.0,0.07408538955607702,0.7712806145993083,low,0
S0051,2025-01-27,4,mid,3,45.001035442685954,0,1,2,0,0,6.814221759580671,0.0,9.672175690086647,0.7401186042657689,0.9642532280346214,0.04626935598747839,0.23135510537628678,0.0,0.6302171904557753,0.026543135856186284,low,0
S0051,2025-01-28,4,mid,2,49.147514063633515,0,1,3,0,1,3.2890328387978522,0.0,8.718173891677548,0.31971792444764024,0.4436895659334531,0.4392649330026619,0.4752024849547274,0.0,0.9363453609123943,0.38895940259026596,low,0
S0051,2025-01-29,5,mid,4,33.394333274337484,0,0,5,0,0,4.122343796019879,0.0,9.997298973850457,0.3008936202657534,0.10661008468565181,0.6506330666493085,0.3908563583009699,0.0,0.6488024477208113,0.2747169683439801,low,0
S0051,2025-01-30,5,mid,3,52.67326673013412,0,2,1,0,0,1.9512318841009897,0.0,12.004579296551888,0.2478978113176964,0.7474706794318502,0.9807073247870837,-0.8448100420976341,0.0,0.7894685813654329,0.12298537956513,low,0
S0051,2025-01-31,5,mid,3,27.433411085593733,0,0,5,1,0,8.446422451147368,0.0,8.108563549014214,0.10283699438779315,0.39522583426750346,0.9683813225232087,0.5563188806591848,0.0,0.021033068986924253,0.44705641493909354,low,0
S0051,2025-02-01,5,mid,2,34.68768872199932,0,0,4,1,1,5.895297579266569,0.0,13.658602434382406,0.30635276167105463,0.6138825989735013,0.506646103975624,0.27150964962340485,0.0,0.475371777998587,0.7728745916575913,low,0
S0051,2025-02-02,5,mid,2,41.24129323761082,0,1,1,1,1,1.504817499657058,0.0,7.311229917709916,0.5678079933573694,0.4495148352372438,0.39406805489675034,0.686641186090581,0.0,0.6215161489093242,0.646100730419729,low,0
S0051,2025-02-03,5,mid,4,39.40669021947372,0,0,3,0,0,2.5140087781061076,0.0,8.070771850718899,0.19648249776241278,0.6365892715552773,0.9096891158275061,-0.8871498103944799,0.0,0.2442252465129523,0.6654090375261982,low,0
S0051,2025-02-04,5,mid,2,40.64039102955328,0,0,1,0,0,7.693727766541777,0.0,10.484019297242009,0.7720655495541976,0.9758521690469177,0.10493806764270608,-0.31859018662916916,0.0,0.19237680548489577,0.630768083582035,low,0
S0051,2025-02-05,6,mid,1,51.049887412234696,0,1,2,0,1,6.131695495031139,0.0,8.94216376937106,0.8975007930125711,0.03446697030980872,0.741411706022608,-0.7602934366523955,0.0,0.7909238357468305,0.8456104916451326,low,0
S0051,2025-02-06,6,mid,2,40.6797295394981,0,1,2,0,0,2.200593188546792,0.0,5.903095310339817,0.6350698517641826,0.251840848167051,0.404259605194918,0.850517698806827,0.0,0.7553647993250375,0.38328344328237185,low,0
S0051,2025-02-07,6,mid,3,33.213142538853695,0,3,3,1,0,7.9920391087865745,0.0,15.15473051141331,0.3107023151888315,0.035462857364521816,0.7178548722322042,-0.9516517536960303,0.0,0.17961168058899024,0.5442368279638038,low,0
S0051,2025-02-08,6,mid,1,53.264678634197104,0,2,2,1,0,7.817548712020554,0.0,11.752086111515945,0.8648880043346862,0.8034686319581397,0.3267076856436716,0.6252081536831988,0.0,0.31351884122019824,0.8670792923398964,low,0
S0051,2025-02-09,6,mid,3,29.260694290335223,0,1,1,0,0,0.9271837989350677,0.0,10.987759753207035,0.15090897549795013,0.8906668449341183,0.7405411428382433,0.5461977070871751,0.0,0.43588783847275503,0.648347362646075,low,0
S0051,2025-02-10,6,mid,2,25.460995611456692,0,0,3,0,1,9.171404173032927,0.0,5.9095983772632765,0.943856572602534,0.1470237116975518,0.8618193696255505,-0.2415279840740585,0.0,0.3374800023629234,0.6255282909356904,high,1
S0051,2025-02-11,6,mid,2,52.45798250659971,0,1,3,1,1,4.122839025297128,0.0,10.708350874742411,0.09457047167354371,0.8578354821947872,0.3600852664487555,-0.3671349909809749,0.0,0.1837830646102837,0.4849425211938634,low,0
S0051,2025-02-12,7,mid,3,30.766288346074308,0,2,1,1,0,4.862845945197377,0.0,11.445003424654315,0.33399587080678883,0.6244823745198077,0.8790971648126253,-0.2948574062182976,0.0,0.07004253922798465,0.35383353207989343,low,0
S0051,2025-02-13,7,mid,2,39.53729559212695,0,0,4,0,1,8.26594583922529,0.0,10.750459026342366,0.26830143047393706,0.6069652858904117,0.9639193476849505,0.3159356368244064,0.0,0.07811013672136391,0.2902600693962393,low,0
S0051,2025-02-14,7,mid,2,45.35326966060902,0,3,2,1,1,4.774810781094895,0.0,7.95416729142959,0.4683033372636122,0.6444726975097004,0.14077186642191064,-0.5705678050076217,0.0,0.7983261625576152,0.5765224947791882,low,0
S0051,2025-02-15,7,mid,1,49.76810567210795,0,0,5,0,1,3.3257498687253615,0.0,9.661583272954346,0.9958715926803883,0.3135310007820872,0.9477445524832339,-0.05109678100189807,0.0,0.9245185584668284,0.43998492761615005,low,0
S0051,2025-02-16,7,mid,3,52.27633941122337,0,2,4,1,1,3.661764951556833,0.0,5.562006594511842,0.9664586700483475,0.5410486888622195,0.43174507769064985,-0.6091909294489324,0.0,0.3844388397446181,0.6312347247209462,low,0
S0051,2025-02-17,7,mid,3,41.82988403696062,0,0,1,0,0,2.2394416809239375,0.0,16.01765635479675,0.4086681157269886,0.8565618926846152,0.16771946679903516,0.19043631654555515,0.0,0.8218640558900577,0.7138968224944412,low,0
S0051,2025-02-18,7,mid,3,54.022843194974186,0,0,2,1,1,7.096071571097957,0.0,11.784748584911558,0.05032572003791058,0.89040530151474,0.7473037021896738,0.06057155267709047,0.0,0.9899603192796189,0.26518614614755964,low,0
S0051,2025-02-19,8,mid,2,33.74717605467972,0,1,5,0,0,5.365795219611461,0.0,13.750456782266845,0.4248837530408758,0.9251651708878457,0.7662254383182043,0.14131448247000655,0.0,0.879822318913478,0.6017123634777715,low,0
S0051,2025-02-20,8,mid,3,45.94934384261171,0,0,3,0,0,6.574942122603851,0.0,5.826892753132501,0.5481099035518803,0.5086666570379693,0.8005874803799159,-0.7069395609191631,0.0,0.16972534187742672,0.5130610651664878,low,0
S0051,2025-02-21,8,mid,1,40.26049657658148,0,1,3,0,0,4.159275724421996,0.0,11.612113027026636,0.8669418260791785,0.1425381374776442,0.30845128065380956,0.8574774585204425,0.0,0.839717833081473,0.05424264390551503,low,0
S0051,2025-02-22,8,mid,3,43.902433763761294,0,0,1,1,1,5.469100008660342,0.0,14.084497849023437,0.30755929282175587,0.01552184567044712,0.9066824239298017,0.41395946610318046,0.0,0.04479688041180607,0.8405918160587201,low,0
S0051,2025-02-23,8,mid,3,43.08925099946041,0,2,3,1,0,2.285371756124114,0.0,8.510681133643917,0.4078023974152605,0.8279831434226897,0.6992494481902861,-0.8106924883138658,0.0,0.056679838647157865,0.5061927974768582,low,0
S0051,2025-02-24,8,mid,3,57.27975635255818,0,1,1,0,1,3.597866388402755,0.0,6.23416022604895,0.5407504250520415,0.40861219440638397,0.8611172840151745,0.9010538757640898,0.0,0.07007865627221266,0.6996806323076503,low,0
S0051,2025-02-25,8,mid,1,33.16898673073844,0,1,1,1,0,2.366269197538767,0.0,5.94740569501775,0.07960676706670666,0.9917852782143125,0.8907656210184359,-0.9138622011038093,0.0,0.8617789524366717,0.13842413839476042,low,0
S0051,2025-02-26,9,mid,3,33.91949705180865,0,2,3,1,1,3.325926324613599,0.0,11.170603390075016,0.12532836775372735,0.35367523911272525,0.09453482792954104,-0.34043171570974895,0.0,0.969692653724781,0.01995110878476447,low,0
S0051,2025-02-27,9,mid,3,44.05447905522244,0,0,3,1,0,7.6854140127493125,0.0,10.129290486267099,0.4550490444158197,0.9414012949304504,0.9859905005920527,0.755585731437266,0.0,0.6211632645486044,0.988953935784146,low,0
S0051,2025-02-28,9,mid,2,48.5578464887958,0,0,5,1,0,3.137835037103473,0.0,9.98610400050031,0.036297669309156566,0.47980235758465994,0.8867562362737325,-0.1833711491956005,0.0,0.20027934418560334,0.40835068113665374,low,0
S0051,2025-03-01,9,mid,2,40.1030552329481,0,2,5,0,0,9.0908329080441,0.0,8.356175167320444,0.929037496128832,0.12627985407635378,0.44761589538224356,0.07813479375729582,0.0,0.8415349072337763,0.9937184246216286,low,0
S0051,2025-03-02,9,mid,3,58.641722703986254,0,3,1,1,1,6.9213749819050765,0.0,7.382197881565483,0.5040409032354364,0.048017639155301106,0.6175361107249001,-0.5322106997609337,0.0,0.40965886151262354,0.4784675949563675,low,0
S0051,2025-03-03,9,mid,3,58.36585800313838,0,0,2,1,0,5.320413554872847,0.0,7.0524428132119805,0.9635960426817225,0.057097891011298696,0.42200680319639305,0.6039424005521605,0.0,0.3696915683703089,0.5203147674640011,low,0
S0051,2025-03-04,9,mid,2,41.28338618894345,0,2,1,1,0,6.963846024459097,0.0,5.799680471848459,0.5920500098905911,0.24172446478328513,0.66157415136387,0.660494634835739,0.0,0.6871963697619585,0.7278575548880728,low,0
S0051,2025-03-05,10,mid,3,25.79152448771969,0,0,5,0,1,2.4190726981312585,0.0,8.967594507162914,0.8223395717796923,0.6834932116618194,0.3431649815841116,0.5939351040219305,0.0,0.9892459055414965,0.24504242377830676,low,0
S0051,2025-03-06,10,mid,0,62.78437284822077,0,0,2,0,1,4.498813224902834,0.0,11.860494247232957,0.3093784225005004,0.46318170077778686,0.007528136907123506,-0.5853598238361204,0.0,0.2114711102161071,0.061090033109455044,low,0
S0051,2025-03-07,10,mid,3,44.00814049762195,0,0,3,1,1,3.0906110076405975,0.0,10.330249412796112,0.7506054924318316,0.3046666101706873,0.4082440056304899,0.5512885720136134,0.0,0.10645318859360431,0.9777791859999257,low,0
S0051,2025-03-08,10,mid,2,51.08579324673386,0,0,5,1,1,5.16819631833695,0.0,8.913159833849102,0.30874837808818933,0.3219826345384915,0.16217180333769476,-0.7192434850551048,0.0,0.1443420194891467,0.8860600018463606,low,0
S0051,2025-03-09,10,mid,0,67.78621752646298,0,1,1,0,0,2.5050038559883676,0.0,9.982809281780517,0.8108933654192048,0.03114426801096304,0.45514425716555396,-0.21051795414749708,0.0,0.09218099000079183,0.37671895026165636,low,0
S0051,2025-03-10,10,mid,2,47.85503391222552,0,1,3,1,1,1.3154994666788853,0.0,10.993141323934806,0.9847557856638618,0.316030462946712,0.6963712288405121,-0.2673993133197563,0.0,0.5336339960955049,0.22666798195359728,low,0
S0051,2025-03-11,10,mid,0,66.31865398525085,0,1,1,0,1,2.870732031538156,0.0,10.364346888660354,0.5745659898155401,0.4829563285357291,0.2806466544264793,-0.3849481868753901,0.0,0.009811479552915503,0.02731662687401426,low,0
S0051,2025-03-12,11,mid,4,52.17330114102427,0,1,2,1,0,6.493403774899765,0.0,6.569379496420869,0.11145769958639629,0.7793884797772697,0.4809241993803808,-0.18126307947228448,0.0,0.0091463155750382,0.6524758446604655,low,0
S0051,2025-03-13,11,mid,2,53.330276446014885,0,0,2,1,0,5.418119712175191,0.0,14.532211084159595,0.4609452273323984,0.2193592666415619,0.07883812332386764,-0.057108738696243444,0.0,0.868397631494208,0.059346475422949685,low,0
S0051,2025-03-14,11,mid,3,47.3518441236263,0,1,5,1,0,5.686126898492805,0.0,9.233974353110188,0.2757153971469528,0.25281992995543345,0.2577976245042345,-0.8086291032841109,0.0,0.4986540409046294,0.3275302877095124,low,0
S0051,2025-03-15,11,mid,0,57.76676013583098,0,1,4,1,0,5.619252904450045,0.0,11.804473193412353,0.7496618711162738,0.9519042054819649,0.6634765913966924,-0.09288482259424158,0.0,0.05190607086947263,0.9063641974055202,low,0
S0051,2025-03-16,11,mid,4,53.38017234078393,0,1,5,0,0,4.249730778117029,0.0,4.492949782902157,0.6760411510814897,0.44518889551605756,0.9107485623653705,0.7349214727929798,0.0,0.14681017696052356,0.7849408940633942,low,0
S0051,2025-03-17,11,mid,2,48.84615396179183,0,0,1,0,0,3.7045431004318643,0.0,8.279605254388251,0.24659405192242212,0.3861622532209673,0.47875658544941924,-0.49965286986842483,0.0,0.457762067937759,0.18438148908909657,low,0
S0051,2025-03-18,11,mid,2,36.129588639816724,0,1,1,0,1,3.503027953382353,0.0,6.9383616310067895,0.6444475075898467,0.7701461278628744,0.3322157363473396,-0.32065475324409354,0.0,0.45110131970238965,0.1702027765196945,low,0
S0051,2025-03-19,12,mid,3,49.161344739577544,0,1,5,0,1,2.672151930459929,0.0,8.733603413232473,0.519442709339068,0.060857226119156005,0.0588244310611733,0.2267837866406437,0.0,0.4804894417608546,0.5061048142747083,low,0
S0051,2025-03-20,12,mid,4,38.48752238275901,0,0,4,0,0,3.5649479975940865,0.0,11.897603064827237,0.27008957623680063,0.3986875319088483,0.1665756087060637,-0.0776104557105115,0.0,0.41605080815015794,0.9900855442807112,low,0
S0051,2025-03-21,12,mid,2,46.514358865702924,0,2,1,0,1,8.027261842614747,0.0,12.60758549906267,0.1312121500010761,0.16683529919818696,0.9630765633887007,0.8876665094905172,0.0,0.156971548699678,0.24700840426667747,low,0
S0051,2025-03-22,12,mid,2,54.45220448959226,0,1,3,0,1,3.8180663125793375,0.0,7.474993824908057,0.15185609103557396,0.505723861223991,0.20223871101960567,-0.682463949283056,0.0,0.16043353930887438,0.26587150166640816,low,0
S0051,2025-03-23,12,mid,1,49.8003947636996,0,3,2,0,0,2.647039915923578,0.0,10.502351837826122,0.2214595140398392,0.20181787385250494,0.22063944272482172,-0.04717170983808194,0.0,0.8677934744794119,0.023114605071679173,low,0
S0051,2025-03-24,12,mid,3,30.667748073156435,0,1,1,1,0,3.891709528496518,0.0,14.654045553102328,0.5019838230472955,0.5369427769650056,0.7727958032369477,0.5758260865573799,0.0,0.14127293926275175,0.30334343956597154,low,0
S0051,2025-03-25,12,mid,1,52.89559650614842,0,0,2,0,1,1.9588842875854886,0.0,8.952655878196703,0.46192323650675804,0.4884895024693544,0.45809285207537664,0.23984481398128943,0.0,0.6794037852756041,0.39594539578963805,low,0
S0051,2025-03-26,13,mid,1,30.486104999001938,0,0,3,0,1,6.700945034436232,0.0,12.59192827536652,0.9196455092849233,0.9831570665329475,0.38438571203453575,-0.2451455928081001,0.0,0.9046575983684857,0.8607115119797134,low,0
S0051,2025-03-27,13,mid,2,43.01261930349817,0,1,5,1,0,5.5274890259042735,0.0,13.09922283319256,0.21542642288539093,0.30126212980792555,0.45663512770564696,0.2552879904808283,0.0,0.23272754647957594,0.20704266864670118,low,0
S0051,2025-03-28,13,mid,3,52.735389405597196,0,3,2,1,0,1.2451077999965476,0.0,9.32321122111621,0.8611500785158102,0.8034492193717553,0.38985940027737553,-0.7706667973895545,0.0,0.004869564443088503,0.09244612873205327,low,0
S0051,2025-03-29,13,mid,3,35.452674549552746,0,0,5,0,0,6.858178817189705,0.0,5.768342293762338,0.9066238302153232,0.8995481401108271,0.3214752822265887,-0.8121501701361287,0.0,0.6460089590708924,0.9469674980767966,low,0
S0051,2025-03-30,13,mid,0,50.80993517519423,0,1,3,0,1,4.149599835378993,0.0,5.1394169457385575,0.7213474071655547,0.2258480555203607,0.8361253379376219,-0.844946979549253,0.0,0.5812177775972195,0.37968678434190706,low,0
S0051,2025-03-31,13,mid,4,48.825340170544735,0,1,2,1,1,1.951597399475257,0.0,4.857622732535816,0.6521953481916019,0.37666277759418176,0.7964590664844106,-0.48011416546261065,0.0,0.3672591294815536,0.9349968156907507,low,0
S0052,2025-01-01,1,mid,6,44.35735510159418,0,1,2,0,0,6.04768277206343,0.0,9.43695761754437,0.716083571821262,0.2947622394326759,0.6818820204747389,0.731199674368425,0.0,0.4360371280504176,0.5617716814339595,low,0
S0052,2025-01-02,1,mid,6,31.446040121077218,0,1,5,1,1,5.066143088469284,0.0,11.426764335200936,0.5100273755007387,0.622979358912807,0.17014398154237875,-0.49191898992272765,0.0,0.905806459723717,0.21232774998883686,low,0
S0052,2025-01-03,1,mid,7,29.1800505839674,0,1,1,1,0,5.117418958963638,0.0,10.189568494608126,0.9059234520086369,0.8420506104869651,0.7867113636571794,0.7180099215815323,0.0,0.1748065244338488,0.3408490916843163,low,0
S0052,2025-01-04,1,mid,7,47.26115904716306,0,1,4,1,1,5.9948956310309836,0.0,9.766163105865196,0.7604653511877707,0.82908356951261,0.7526302580059935,0.17621347243445862,0.0,0.028164098326893705,0.7647433785470312,low,0
S0052,2025-01-05,1,mid,6,46.95093437102914,0,0,5,1,1,5.858799599502195,0.0,15.148775657116369,0.8200237129568554,0.20577308947418138,0.5415296219335746,0.2283427747012996,0.0,0.07429779332681508,0.738940683875285,low,0
S0052,2025-01-06,1,mid,6,42.104449051197655,0,1,2,1,0,4.456736697677025,0.0,8.701250981888945,0.80593402714518,0.688486732988657,0.38812784043837456,0.6735383023467991,0.0,0.6356999441483905,0.2597774797905804,low,0
S0052,2025-01-07,1,mid,6,57.023645897173296,0,2,2,0,0,2.1454128941573005,0.0,6.677227808463293,0.018193227039010385,0.7258730801379752,0.27406822532587327,-0.12825543715051602,0.0,0.89979526125344,0.12530675033414085,low,0
S0052,2025-01-08,2,mid,7,39.73003390020595,0,2,3,1,0,2.89330224800019,0.0,13.483938356332258,0.8925764076347728,0.029933608254474553,0.18842993801833352,-0.8597183608647789,0.0,0.6715369723857042,0.2736652364752271,low,0
S0052,2025-01-09,2,mid,6,30.80328431360078,0,2,4,0,0,8.589685793085396,0.0,11.893034593506378,0.5163490254400751,0.5701027944655646,0.5384002294018171,-0.7010856781702506,0.0,0.5319076503535289,0.5417297626312678,low,0
S0052,2025-01-10,2,mid,8,28.78422352386769,0,1,5,1,0,5.573362430844496,0.0,10.042052503928085,0.4454611538682801,0.011879179950171626,0.3171059140209921,-0.06549820803855888,0.0,0.9011292432214887,0.12128242364026875,low,0
S0052,2025-01-11,2,mid,5,51.33516425142861,0,2,5,0,1,8.468733496819807,0.0,14.830616577520058,0.23987007841684538,0.8575573701522831,0.4290818057267327,0.5870762121375008,0.0,0.8106841463266861,0.17485725147481002,low,0
S0052,2025-01-12,2,mid,4,45.372494909850914,0,0,4,0,0,2.9818622903009873,0.0,12.23332972391433,0.48489297532579867,0.8875809130364618,0.028390983208982368,0.571274291199452,0.0,0.3838928236362087,0.5411498910361231,low,0
S0052,2025-01-13,2,mid,7,30.4077364415905,0,1,4,0,1,4.975187691237433,0.0,10.948429436435498,0.2268976304805832,0.009571219167320177,0.15029300229157194,0.007564091840888132,0.0,0.806585844435284,0.8714780857940928,low,0
S0052,2025-01-14,2,mid,6,47.57627441011472,0,2,1,1,1,5.509006652636717,0.0,11.160318180964072,0.595461829015076,0.19926279978566397,0.27663839738933704,0.20553417760593806,0.0,0.139343764293967,0.18396417341056293,low,0
S0052,2025-01-15,3,mid,7,52.21623183729791,0,2,4,0,0,5.845424440176443,0.0,14.479673767970564,0.06026447953987668,0.011823906066396495,0.01913444087854732,0.3119647452819141,0.0,0.6224895857150616,0.044511466481176765,low,0
S0052,2025-01-16,3,mid,7,38.35855575262619,0,0,3,0,0,3.0158593423815327,0.0,7.0047599293196114,0.0378243219650638,0.5314716239068339,0.3087609144092144,-0.6246271340805178,0.0,0.12171281877621498,0.3469988299574538,low,0
S0052,2025-01-17,3,mid,7,54.47411063029178,0,1,5,0,0,4.483073835313429,0.0,13.150044459600931,0.25363018632171286,0.4809869216553804,0.4709394598658063,0.9813719056416983,0.0,0.35450435390941626,0.9573469993101106,low,0
S0052,2025-01-18,3,mid,6,53.56274133209249,0,4,2,1,0,2.1915365498908663,0.0,12.893935065367408,0.6455192004242816,0.02707845335941772,0.3711801614049466,0.2571776916783495,0.0,0.1968730356696855,0.6726216774976714,low,0
S0052,2025-01-19,3,mid,8,63.2610041235757,0,2,5,0,1,7.321896789466351,0.0,12.16025420150607,0.36442638183386,0.5905214487053608,0.0827581449309982,0.09519582951772976,0.0,0.7477496315366798,0.5852438399176223,low,0
S0052,2025-01-20,3,mid,6,51.51603520743442,0,1,1,0,1,2.8403637781122653,0.0,10.264709782468993,0.9973518258794984,0.7719200266050015,0.4006297733009594,0.13991943477092494,0.0,0.6187171385551994,0.9607660308321099,low,0
S0052,2025-01-21,3,mid,6,57.16105688295954,0,1,3,1,0,4.223487007139115,0.0,9.375935645850882,0.40317373111749655,0.8749025752766991,0.4824127869427295,-0.43684697099415315,0.0,0.23176566540405452,0.35503495792860806,low,0
S0052,2025-01-22,4,mid,8,47.0711355564714,0,0,3,0,0,3.4733854057336515,0.0,10.336113381504605,0.8921155602807018,0.30443326842306984,0.7782007235370306,0.6534061416873427,0.0,0.9879086373459112,0.7410389038657531,low,0
S0052,2025-01-23,4,mid,5,43.075431694017475,0,0,3,1,1,4.440547319801236,0.0,5.385700676348624,0.5264548417155842,0.02734430197967408,0.29953987711777463,0.5948849360170088,0.0,0.8423495797295586,0.3300105925538763,low,0
S0052,2025-01-24,4,mid,8,42.81972390075481,0,0,1,0,1,3.292155433152138,0.0,11.660985914216164,0.6845673333709928,0.015487865894023845,0.6311620848425216,0.6646111118022737,0.0,0.6418390009055488,0.06539642073935881,low,0
S0052,2025-01-25,4,mid,6,42.88669089930344,0,0,4,0,0,6.492951320272512,0.0,15.133454405792593,0.863893214548839,0.9978051900130605,0.3847744582159668,-0.2175531440172247,0.0,0.7360893755328096,0.6443488277075152,low,0
S0052,2025-01-26,4,mid,8,53.066254628576985,0,1,4,0,1,2.355439103684798,0.0,14.305485156293042,0.7867889272757193,0.9548687229893941,0.779560568041803,-0.987052498690242,0.0,0.010268928489568951,0.12616781472270644,low,0
S0052,2025-01-27,4,mid,7,51.281207799964996,0,2,4,1,1,10.341409079670388,0.0,9.05140988201062,0.21456945588660914,0.9935711490896145,0.7452727209723394,-0.5225082411209063,0.0,0.27214640730242157,0.6484123875646826,low,0
S0052,2025-01-28,4,mid,5,31.30115995085043,0,1,3,1,1,6.650253173692897,0.0,12.001089356986984,0.3832768813037817,0.3104480953581693,0.13049445948383143,-0.5235349195852446,0.0,0.1007755122956181,0.3038522543528761,low,0
S0052,2025-01-29,5,mid,6,48.80349283747117,0,0,3,1,0,4.699122871728454,0.0,1.2923551450664128,0.7750089338338638,0.8430956747196321,0.1923898230134765,-0.26133113116742934,0.0,0.5751597284153368,0.49937973310983363,low,0
S0052,2025-01-30,5,mid,6,38.73958263558967,0,0,3,1,0,2.124433826684439,0.0,8.355330903022455,0.6196506251632563,0.726891234792008,0.10826822842704187,-0.4975288573979053,0.0,0.20880740381219343,0.20108730728126767,low,0
S0052,2025-01-31,5,mid,6,54.781989652395545,0,1,5,1,1,1.6668024155583328,0.0,8.509877398363649,0.9308717828381347,0.9159673479101192,0.07111551719232212,-0.5529576715806139,0.0,0.5740663792687083,0.9804498862189756,low,0
S0052,2025-02-01,5,mid,7,50.75834604602127,0,0,2,1,0,4.256778805215691,0.0,11.409036543454407,0.5703181380845246,0.8087947570689781,0.5003562286148789,-0.16619489048057456,0.0,0.3465320809293305,0.6004485625779348,low,0
S0052,2025-02-02,5,mid,6,55.76989390737432,0,0,1,0,0,5.734134570628809,0.0,12.463922623112373,0.969147770477655,0.8919242403480362,0.6034752819198068,0.005857326744568292,0.0,0.883724490734674,0.29841508710680664,low,0
S0052,2025-02-03,5,mid,6,30.997022773475322,0,0,3,0,1,2.6090334102527355,0.0,6.461759500739932,0.4363120027494819,0.06315066320206608,0.8073539441121919,-0.7382913471017876,0.0,0.8936650761287765,0.5765817884360525,low,0
S0052,2025-02-04,5,mid,9,42.57048861970343,0,1,2,0,0,3.3478268005262217,0.0,7.945028476074718,0.3169250166415214,0.9653744363851433,0.8576709444814763,0.20271417870590547,0.0,0.8004745605632646,0.014735537752948669,low,0
S0052,2025-02-05,6,mid,6,38.72064171517489,0,2,5,0,0,7.138785222976696,0.0,16.29887560813277,0.4214343516223982,0.8197109900457807,0.42128869459612805,-0.727554987553529,0.0,0.0285830564997962,0.8921627030222551,low,0
S0052,2025-02-06,6,mid,9,31.947727003585946,0,0,3,1,0,5.180071744515265,0.0,11.718302657790858,0.9743872526286237,0.1533332148210793,0.9141893924055745,0.10584272507656456,0.0,0.2961364631699154,0.745741515141491,low,0
S0052,2025-02-07,6,mid,9,60.41181234884608,0,0,2,0,1,4.699156744776078,0.0,11.72788493912504,0.576917932774858,0.4522845066088823,0.9733307398886833,0.4719973233120174,0.0,0.04422300168573001,0.10872466603291542,low,0
S0052,2025-02-08,6,mid,9,39.996545574857564,0,0,3,1,0,6.088835942156418,0.0,12.308038685708311,0.9418356030524666,0.09914137431947256,0.3491818911194676,0.24776829704173675,0.0,0.8585766829381039,0.15562919254092278,low,0
S0052,2025-02-09,6,mid,6,44.47291565653042,0,0,5,0,0,9.108658138660275,0.0,4.968863561608669,0.9599608094339183,0.5494231045854612,0.5805994101076591,0.5303773694625256,0.0,0.4189119457511381,0.38386784110584204,low,0
S0052,2025-02-10,6,mid,8,49.402627070382934,0,1,4,0,0,0.8010979110314453,0.0,10.932331593260528,0.5224146422290782,0.6729753919573452,0.46797271317528,-0.0973052727155519,0.0,0.8015828246494835,0.756838028209624,low,0
S0052,2025-02-11,6,mid,6,40.16110350189826,0,0,4,0,1,3.9739705899012603,0.0,8.3448119247134,0.5213200875201734,0.8859001871594172,0.8186043342096321,-0.7132331699207182,0.0,0.5099198163884935,0.15088463545282393,low,0
S0052,2025-02-12,7,mid,8,26.447276688851375,0,2,1,0,0,5.116652356371035,0.0,6.820070635631062,0.9237499910166088,0.9575392293586598,0.9955155419605077,-0.05385892271552217,0.0,0.7749480833836053,0.552534732285385,low,0
S0052,2025-02-13,7,mid,8,47.13960613835584,0,1,5,1,0,6.418379376965564,0.0,8.344766678798278,0.9772641852397397,0.22073081540264727,0.23452958622282527,0.4342269576700779,0.0,0.9506590953757689,0.6952755225538657,low,0
S0052,2025-02-14,7,mid,6,45.11360114472745,0,1,2,0,0,5.551825762062554,0.0,11.104834352686773,0.7058849264886552,0.6579159598501938,0.49861837295720424,0.12765787868756728,0.0,0.8906583726078688,0.7775249508900041,low,0
S0052,2025-02-15,7,mid,6,42.649295046940516,0,0,5,1,0,5.817160726604394,0.0,11.231967774871956,0.469639276134729,0.2907886087762608,0.4154012740996672,0.37474347736941827,0.0,0.529786356482415,0.6243041050681296,low,0
S0052,2025-02-16,7,mid,7,47.393640774803686,0,2,4,0,0,7.066141462294358,0.0,9.307129192194106,0.4353496244505042,0.23963451107218625,0.9194976037629649,-0.1771287458652253,0.0,0.07951029041740931,0.5454750839344751,low,0
S0052,2025-02-17,7,mid,7,46.269964867607754,0,1,2,1,0,2.676244707150811,0.0,10.60106631362771,0.3192941115712613,0.1839009715307931,0.9951468797123554,-0.9352758657735847,0.0,0.5413564591406672,0.608042714658387,low,0
S0052,2025-02-18,7,mid,7,57.975797250160824,0,0,2,1,1,5.3286389719679015,0.0,8.920407704281976,0.27620254812693756,0.3181253532536953,0.16099033929351803,-0.7656722474061939,0.0,0.49499481996979,0.727514747338067,low,0
S0052,2025-02-19,8,mid,6,48.334941810174286,0,1,1,0,1,9.351733005571237,0.0,10.828885050070335,0.004563917022544994,0.9878936040816121,0.6267810005280847,0.9764929491357879,0.0,0.46906579309813234,0.6235073505622747,low,0
S0052,2025-02-20,8,mid,6,44.80139766561301,0,2,5,0,0,6.8884825562924785,0.0,13.184670617256199,0.808378955676464,0.9746670691763248,0.39116523252295954,-0.32208096427495314,0.0,0.4935250647767212,0.15438956247763125,low,0
S0052,2025-02-21,8,mid,7,59.954648365905264,0,0,5,0,0,4.477604126348332,0.0,12.576267238428741,0.9843515857275805,0.5297522869609391,0.20791514692247504,0.18778911971310852,0.0,0.10235093851367627,0.8075147175000643,low,0
S0052,2025-02-22,8,mid,7,46.03905143952842,0,1,3,0,1,4.736900841253468,0.0,12.435544123811837,0.5935135727652595,0.18595610469037227,0.24462614079332723,0.09717352903676213,0.0,0.6969845637682128,0.4354607009209911,low,0
S0052,2025-02-23,8,mid,5,40.61066924768063,0,1,4,1,0,8.956526606427328,0.0,9.289002024179553,0.8535984745650939,0.23542211414466074,0.5400539021346633,0.7268991684817872,0.0,0.5377736080092311,0.3927724962045982,low,0
S0052,2025-02-24,8,mid,5,29.645274984631875,0,1,5,1,1,5.309514442450141,0.0,14.432873651870473,0.9261727351144866,0.4437729923703895,0.6507941511563512,-0.9648377744116183,0.0,0.2384480673905105,0.8154573463985902,low,0
S0052,2025-02-25,8,mid,7,46.173044937301896,0,1,1,1,0,4.318126363315575,0.0,9.616463794740081,0.8656233638198734,0.4189417358894446,0.685170285024421,-0.6938810294046995,0.0,0.828962356951751,0.82420044603869,low,0
S0052,2025-02-26,9,mid,9,42.87503288798529,0,1,1,1,0,2.1063548783971315,0.0,6.582116595465099,0.303807436079506,0.7707587938091672,0.7228974596306105,-0.9123998479014828,0.0,0.08844089070575578,0.6462049003064708,low,0
S0052,2025-02-27,9,mid,6,42.45099803351426,0,1,1,0,1,6.510948130042212,0.0,9.031691836507846,0.09865774668530913,0.20548776468380714,0.26989407236436824,-0.8112873883737235,0.0,0.6676168021938467,0.9062728749031261,low,0
S0052,2025-02-28,9,mid,6,53.20841707343627,0,3,4,1,0,5.194192440590567,0.0,11.88127210938371,0.4790121214881128,0.758499895309104,0.9180215118610634,-0.5351078558753541,0.0,0.38244144180352546,0.41753599490488047,low,0
S0052,2025-03-01,9,mid,5,57.41258526886655,0,1,1,1,0,5.315578366817846,0.0,15.599984547334014,0.2892967534839993,0.6843719143870324,0.4478259532136454,0.7970137167663964,0.0,0.7036330762948442,0.5075858014705873,low,0
S0052,2025-03-02,9,mid,6,44.49947849381457,0,0,2,1,0,6.868502451139731,0.0,9.58247174223042,0.8858693971585211,0.024731833328095254,0.8710185792233621,0.05317071330136658,0.0,0.838960832664477,0.18132359604617343,low,0
S0052,2025-03-03,9,mid,7,37.65488807687088,0,0,1,1,1,2.8400982627799816,0.0,9.225240415000183,0.8706360820000283,0.6441482540293694,0.5047769198779956,-0.36118514219897047,0.0,0.5612828782173309,0.41514400461625667,low,0
S0052,2025-03-04,9,mid,8,43.79505590879899,0,4,2,0,1,3.9121349328839434,0.0,16.07278394626602,0.5251118333696205,0.684503479039147,0.944698901255866,0.7796173961248183,0.0,0.5770672553159917,0.21101026907793308,low,0
S0052,2025-03-05,10,mid,5,31.026829879928343,0,0,1,0,1,1.7404802205683731,0.0,10.310401065988742,0.6799059338768052,0.5122354236940914,0.20393276632600355,-0.6951383137239011,0.0,0.35506773070778275,0.9706404358250623,low,0
S0052,2025-03-06,10,mid,6,33.35191961421015,0,0,2,1,0,4.754407895443926,0.0,5.369922592921329,0.15368629043097115,0.3794394532546185,0.7324629551887646,0.19868273773621348,0.0,0.01094552346633304,0.49791747979096523,low,0
S0052,2025-03-07,10,mid,7,58.12855772915401,0,1,1,0,1,5.815643919992288,0.0,11.028287282859507,0.5923216576298682,0.9789956638451784,0.555224781537281,-0.9456705280785505,0.0,0.4638541159484615,0.3998834900325485,low,0
S0052,2025-03-08,10,mid,7,31.158708361525,0,1,2,0,0,5.707637921809592,0.0,7.458819087843835,0.702123147889142,0.5486662825182007,0.5029299582923314,-0.3643631477495084,0.0,0.6890815862629014,0.2855466580556282,low,0
S0052,2025-03-09,10,mid,8,43.72347903370734,0,0,2,1,1,4.7624578481772994,0.0,8.972378256227131,0.7852932662936039,0.5556287206148324,0.4589410087890218,0.6956857817785782,0.0,0.17710393080443332,0.5386235654920078,low,0
S0052,2025-03-10,10,mid,7,47.111166344896105,0,0,3,0,0,4.846109218759019,0.0,7.135791826825551,0.6686307477945304,0.14164436104768585,0.3124628640464947,0.1175123615964544,0.0,0.3272278548967431,0.10993777791777792,low,0
S0052,2025-03-11,10,mid,6,42.36003057667278,0,1,2,1,1,2.9471104489214093,0.0,9.033238760670779,0.7742336339153303,0.5618114559621122,0.914102420094161,0.8711932430576153,0.0,0.8558866483265033,0.5643405831961841,low,0
S0052,2025-03-12,11,mid,6,30.544102972069606,0,2,2,1,0,3.9393524967239744,0.0,13.57132913227826,0.7350790865007168,0.43553054184624795,0.40519460481774505,0.5932658977430547,0.0,0.12503678154392772,0.928209021490593,low,0
S0052,2025-03-13,11,mid,9,46.45142755580022,0,1,5,0,0,7.171507305418208,0.0,10.163758979590034,0.8745105701084698,0.7000637554962629,0.4487420227293315,-0.5377317099654115,0.0,0.47468035547352216,0.21706427151463192,low,0
S0052,2025-03-14,11,mid,6,59.452590150258146,0,1,3,0,1,5.733774017359494,0.0,8.341009876096853,0.8670438311189046,0.8775210218837566,0.4167485849112248,-0.009476530035383623,0.0,0.32324885566441885,0.14734438987681064,low,0
S0052,2025-03-15,11,mid,6,41.66516888562092,0,1,1,1,0,5.13454271685482,0.0,11.697771547388996,0.15239310124416705,0.33380454809362814,0.9590930923410571,-0.6635536224194045,0.0,0.48763275404219997,0.18985954901607938,low,0
S0052,2025-03-16,11,mid,7,53.47262822055663,0,4,3,0,1,5.275351845671761,0.0,12.090355429509135,0.614156951487997,0.870407290102308,0.6794825593918636,0.9905350233253667,0.0,0.28269363602310305,0.8454805779343398,low,0
S0052,2025-03-17,11,mid,5,58.150931298121016,0,2,1,0,1,3.65140757053633,0.0,8.97758656466768,0.7900245630904118,0.4364335966065379,0.4353059459734647,-0.05953869769669762,0.0,0.4139495053897383,0.5132949706271679,low,0
S0052,2025-03-18,11,mid,5,64.52753754968751,0,2,3,0,0,8.54529051749968,0.0,8.243906241591642,0.014753460913559335,0.3397375589820243,0.7778533960269276,0.5261238136273909,0.0,0.8874093672096532,0.6110455203582075,low,0
S0052,2025-03-19,12,mid,7,51.70796232702854,0,1,5,0,1,7.307076743013361,0.0,12.115787884050093,0.7915135388139046,0.7298580624114432,0.9767975945530016,-0.45050921128906407,0.0,0.5183694332566514,0.6640784285286373,low,0
S0052,2025-03-20,12,mid,6,51.09845762567376,0,2,4,0,1,6.413591684381641,0.0,12.590651120897759,0.22985293373080495,0.551229279727182,0.7903282086868517,-0.9846307540516455,0.0,0.27515480679055215,0.47203786775337453,low,0
S0052,2025-03-21,12,mid,7,49.55797060374539,0,0,1,0,1,0.9287926481493942,0.0,7.78194272600535,0.7055241900778433,0.9294364304835748,0.04028214665058727,-0.8853902376310263,0.0,0.6728355665953556,0.3460545170033086,low,0
S0052,2025-03-22,12,mid,8,38.384247421020994,0,1,3,1,1,2.7622818086860073,0.0,14.04944664790266,0.3926939094575802,0.2845600900710503,0.21129004099284698,0.822136399102293,0.0,0.18442075067875785,0.1759484873517667,low,0
S0052,2025-03-23,12,mid,4,39.811028075315605,0,3,3,0,0,0.0,0.0,12.907584427797842,0.2959573732004763,0.5672757698572044,0.192140036599882,-0.13630746176590036,0.0,0.6825417040696257,0.6523560480431578,low,0
S0052,2025-03-24,12,mid,7,61.72996904232343,0,0,3,0,0,6.24378880974114,0.0,7.377619421833434,0.4332058767527812,0.139096026813046,0.03327848493216157,0.42675029663435105,0.0,0.14393625902016605,0.298429525462202,low,0
S0052,2025-03-25,12,mid,8,37.34905757145021,0,1,2,1,1,10.457173837560179,0.0,14.257616253806802,0.3455570677680021,0.09248687760740149,0.09083348008084802,-0.3183195185282852,0.0,0.720411867634402,0.8916464512709468,low,0
S0052,2025-03-26,13,mid,7,50.55181812859762,0,0,3,0,1,5.65719091280352,0.0,7.297690426557054,0.4331267764788225,0.00768355588496894,0.800152485802012,0.8862696939392758,0.0,0.9207779491670405,0.3842765564163988,low,0
S0052,2025-03-27,13,mid,6,59.862552730223655,0,3,2,1,0,4.835296671444414,0.0,0.8976969485181119,0.8802311481464378,0.08860452519433304,0.8302831410221562,-0.07537333742792374,0.0,0.3335940356999484,0.17714597443906355,low,0
S0052,2025-03-28,13,mid,7,57.46486255049978,0,1,1,0,0,10.790793702661993,0.0,6.9991786446675235,0.3394226636694819,0.07632107059955795,0.5108975066781783,-0.024374178125287305,0.0,0.4264923256919003,0.1844848301329577,low,0
S0052,2025-03-29,13,mid,7,45.26158580917396,0,2,3,0,0,8.3034040401507,0.0,14.231938185415288,0.9424572167813653,0.1269417779905393,0.6118405908474049,0.1708551927868296,0.0,0.2050958480580024,0.7738161481132507,low,0
S0052,2025-03-30,13,mid,5,43.680573955260634,0,1,2,0,0,5.841548256242708,0.0,10.993494218880473,0.2558916553151571,0.4267139398168712,0.8752093853633208,-0.8661594266525225,0.0,0.0551255750051618,0.6479496701010069,low,0
S0052,2025-03-31,13,mid,6,56.66783557412137,0,2,1,1,0,6.2598085166323605,0.0,9.8193688311768,0.3654544194830749,0.6076391268666632,0.8217124299654819,0.8275730746906493,0.0,0.5238392242252408,0.41785945811458547,low,0
S0053,2025-01-01,1,mid,4,48.04408523822597,0,1,4,1,0,5.877691970828813,0.0,10.44946807475276,0.21901819948177903,0.9048339938497878,0.190092752924633,0.7888811851630848,0.0,0.21588458713751213,0.7192491233370183,low,0
S0053,2025-01-02,1,mid,4,56.94849161305138,0,0,3,0,1,7.5643565796028795,0.0,13.107875759489625,0.26832651474703073,0.6515938675581108,0.05851082921309958,-0.9369325347979824,0.0,0.4080084791649755,0.4844424868408983,low,0
S0053,2025-01-03,1,mid,5,42.16554834254571,0,1,4,1,0,7.606936293867708,0.0,18.053218519875774,0.629269202956075,0.4635066771583849,0.7341643057962399,-0.30302879250730475,0.0,0.17638683678438283,0.03377948502000916,low,0
S0053,2025-01-04,1,mid,4,26.838076488285346,0,2,2,0,0,4.45734473709411,0.0,9.611469117861589,0.4753042211972356,0.029847529018105168,0.3854189834135008,-0.45347842275455785,0.0,0.24297521007541945,0.0016110235579847032,low,0
S0053,2025-01-05,1,mid,4,33.698636818550014,0,1,5,0,1,6.85952616649092,0.0,6.6896366447984,0.2726598132797404,0.6529936797693213,0.2999333530963483,-0.8351545125077247,0.0,0.1272233051605084,0.8340962474377552,low,0
S0053,2025-01-06,1,mid,4,37.11237680664036,0,0,3,0,0,4.035710788913581,0.0,10.529396952864795,0.4287477428915506,0.7810825336674311,0.6399116311781756,-0.07962731402936196,0.0,0.7298689177260871,0.6704880100494979,low,0
S0053,2025-01-07,1,mid,7,49.53620838356479,0,2,4,1,0,5.24600667075301,0.0,10.306991490396953,0.8881284767717318,0.39610698382856024,0.25916129800641297,-0.8031754148517531,0.0,0.6724076692894153,0.3301677650916687,low,0
S0053,2025-01-08,2,mid,4,30.888171184481678,0,1,4,0,0,4.809506412679073,0.0,9.329744045558327,0.0502724371688561,0.229489199370147,0.28659088990557335,0.43595945586941154,0.0,0.7187398554862774,0.04532530863217743,low,0
S0053,2025-01-09,2,mid,5,45.94612166815061,0,2,4,1,1,4.776107747298418,0.0,12.50583565348953,0.4545995683828049,0.8081874855137471,0.30346974859291864,0.530147955406945,0.0,0.5044010258638132,0.26432962355691325,low,0
S0053,2025-01-10,2,mid,3,54.590372729581105,0,2,4,1,0,7.451289111899581,0.0,12.72176668533786,0.8434004928947234,0.9157466783846674,0.44249944465459834,0.9597486764194321,0.0,0.03788699270258533,0.8701276220172703,low,0
S0053,2025-01-11,2,mid,5,42.68897719064785,0,0,2,1,1,4.735060221560919,0.0,10.376716834734694,0.7506524973058084,0.12856949251407945,0.08554180311406523,-0.7718143889113052,0.0,0.03178390565870559,0.37607461386219576,low,0
S0053,2025-01-12,2,mid,6,38.82721697606863,0,1,3,0,1,3.322528115492327,0.0,7.080502967354325,0.22624527834886554,0.840083955221962,0.9789019954063023,0.5103733018600707,0.0,0.8235778604691902,0.6205004605193377,low,0
S0053,2025-01-13,2,mid,6,47.31159007139731,0,0,2,1,1,4.232409181755218,0.0,6.96062524866561,0.6908295808880967,0.20732851011423692,0.16361078474865753,-0.4754072365290636,0.0,0.28343355869817244,0.4099827873322137,low,0
S0053,2025-01-14,2,mid,4,42.94770491817431,0,1,1,0,0,4.706055765470776,0.0,7.8303901195507635,0.4768813788719848,0.9958680999223006,0.2512591119035298,0.27190048975785985,0.0,0.45708856198961867,0.768593213240318,low,0
S0053,2025-01-15,3,mid,5,33.76864806738385,0,0,5,1,0,3.3075870333680237,0.0,7.00518117970943,0.45273869895992847,0.1390498139951667,0.4787668881222493,0.33693697083850416,0.0,0.3712822981433185,0.232195275565526,low,0
S0053,2025-01-16,3,mid,4,45.471269426259866,0,0,2,1,0,6.905644236275721,0.0,8.73145764704002,0.9339917871951645,0.8273926473486587,0.09886745007848918,-0.42051511123800744,0.0,0.7112943666916648,0.9743927950026582,low,0
S0053,2025-01-17,3,mid,5,42.5053735471337,0,2,1,1,1,4.883601937718477,0.0,12.956061980119506,0.8909352230076357,0.10087830336853221,0.06047447982750409,-0.4168825653995729,0.0,0.026242481221505076,0.6839887842804688,low,0
S0053,2025-01-18,3,mid,4,49.198752146501356,0,1,3,1,0,4.752996761426614,0.0,5.9797042383392025,0.8709931803269093,0.5627596094371143,0.5087086445705841,-0.8264858817907577,0.0,0.961986014574681,0.3471159314796992,low,0
S0053,2025-01-19,3,mid,4,29.9145367180201,0,1,3,1,0,9.815738337313721,0.0,5.443987476979309,0.7233862609712639,0.35585578539133156,0.022926142934631133,-0.9277972563458503,0.0,0.8548305564727485,0.12855260855181816,low,0
S0053,2025-01-20,3,mid,4,49.81426665142862,0,1,1,1,0,4.17974170467106,0.0,12.556079068595533,0.6066073310719251,0.012005112210754287,0.3658079150683671,-0.9958981761892634,0.0,0.16545827357721665,0.44785043047131845,low,0
S0053,2025-01-21,3,mid,3,46.20698482135511,0,1,1,1,0,0.9181938417035269,0.0,13.488933274550188,0.014931696792809035,0.9094921382218332,0.2583761443148066,0.10679089674084885,0.0,0.5891442908479496,0.4988090227902201,low,0
S0053,2025-01-22,4,mid,4,30.492451945299063,0,0,3,0,0,2.7119464921537553,0.0,9.55230731636956,0.7788386091217523,0.4773222703925938,0.6256458231356443,-0.2519695421731152,0.0,0.20072271968043431,0.8065084637882626,low,0
S0053,2025-01-23,4,mid,5,41.25088449983416,0,2,5,1,0,6.980338789790723,0.0,4.638097057677506,0.18279287426553537,0.8336626450525751,0.7353608684662325,0.11717110854036128,0.0,0.7374943631257284,0.3166658337335978,low,0
S0053,2025-01-24,4,mid,5,40.95494453633373,0,2,3,0,0,6.139333961213336,0.0,7.9247649701429195,0.18469651228026873,0.2217507074667474,0.04817397742333873,0.32669859980110894,0.0,0.9289985992561431,0.4837644687065942,low,0
S0053,2025-01-25,4,mid,4,49.564536183342234,0,1,2,1,0,3.054019224812811,0.0,13.786669296892116,0.8553601855897258,0.8654270106396394,0.20253041972801933,-0.11922002266984122,0.0,0.4320126432897782,0.41004513530079567,low,0
S0053,2025-01-26,4,mid,4,45.037184699485735,0,1,2,0,0,3.153891992664892,0.0,7.964562059211319,0.5202322357836903,0.988096180056826,0.928457945232224,-0.08939049593589021,0.0,0.11133912817571068,0.8745913605069672,low,0
S0053,2025-01-27,4,mid,4,55.014770134622886,0,0,2,0,0,4.525839963515679,0.0,7.154828967694202,0.8238440395488335,0.13020448800646023,0.5544807757638369,-0.7354814121125723,0.0,0.04918284843948173,0.37870977456529276,low,0
S0053,2025-01-28,4,mid,3,53.88544429673449,0,1,3,0,1,2.8024396036007264,0.0,11.325970967908724,0.9801420543796645,0.6708492402165842,0.36867765373660455,-0.23769906717168832,0.0,0.9169337886722347,0.8950255234172643,low,0
S0053,2025-01-29,5,mid,4,51.295152435565264,0,2,5,1,0,1.0186989994784472,0.0,12.240325564880573,0.18571364215303654,0.5001481022022287,0.3413826339672049,-0.9225506344161425,0.0,0.7255060202316683,0.7325829199625044,low,0
S0053,2025-01-30,5,mid,6,48.75887517792012,0,0,1,1,1,4.880106246420066,0.0,6.998119266957735,0.16326222934297174,0.045015285347873246,0.7435929363814252,0.944226731734422,0.0,0.9784829563369111,0.8999837297798576,low,0
S0053,2025-01-31,5,mid,5,35.63046890461834,0,2,5,1,0,7.413479928207136,0.0,13.183293852408394,0.573651796007669,0.00969011439622025,0.6063517967866069,-0.7699573818947132,0.0,0.07806768925740004,0.696061584904948,low,0
S0053,2025-02-01,5,mid,5,48.31511715152582,0,0,3,0,0,4.4867802782238755,0.0,13.876348205691706,0.4364371637234774,0.5185896482760661,0.13578305188790973,0.4850889804302889,0.0,0.3000040316367636,0.5977789819247097,low,0
S0053,2025-02-02,5,mid,4,43.31490661818014,0,0,4,1,0,4.447460549379018,0.0,15.290283891651695,0.547040056942646,0.9940484437835113,0.5951157036774508,-0.56214106783009,0.0,0.9643797397192534,0.5377626824461089,low,0
S0053,2025-02-03,5,mid,5,41.538770311509516,0,0,3,0,1,6.7637147051269135,0.0,9.124987475956821,0.9275900779296463,0.3474909823997637,0.49895078397699666,0.9658445921794736,0.0,0.1781008458877097,0.29815323600574495,low,0
S0053,2025-02-04,5,mid,4,43.38389477345102,0,0,2,1,0,5.571660772350848,0.0,20.899650766338098,0.4172627411022405,0.3370075878838674,0.5789648783759497,-0.6464205112327743,0.0,0.026324967743095784,0.7866957487119691,low,0
S0053,2025-02-05,6,mid,5,58.93273123033054,0,2,4,0,1,4.85780783512508,0.0,5.541175401915909,0.5061213479377499,0.059721202155363806,0.12566564642211286,-0.15390519714919892,0.0,0.6426208765553482,0.2644169773403404,low,0
S0053,2025-02-06,6,mid,2,50.04394485887321,0,1,4,1,1,5.065963838397064,0.0,14.08712772214108,0.40949458969516805,0.3171960522146353,0.03284005701889381,0.12145078714474011,0.0,0.5089270140946051,0.21302484429835522,low,0
S0053,2025-02-07,6,mid,2,66.78159074229231,0,0,3,1,1,4.186282529634328,0.0,9.239335125225182,0.0697302506219537,0.646866369400544,0.94097886388748,0.3759992422881282,0.0,0.31185560861273953,0.33504659496639444,low,0
S0053,2025-02-08,6,mid,6,46.2397543771972,0,0,1,0,1,7.540779868557827,0.0,9.763260795038322,0.16699509159370263,0.015139431415506999,0.8817966977277667,0.06822308318947923,0.0,0.7448968714299643,0.6289222231895636,low,0
S0053,2025-02-09,6,mid,5,62.56551889230131,0,1,4,0,1,2.8129985879828525,0.0,11.761749635443815,0.3178723289884682,0.1427644990314486,0.7729937439058874,0.8279990409558324,0.0,0.02992880225111305,0.8135080348312418,low,0
S0053,2025-02-10,6,mid,4,28.77958483739477,0,2,4,1,0,4.352967446948205,0.0,12.64302497912626,0.9873151305698361,0.852394463692882,0.3376069915192076,0.7928307149095013,0.0,0.7552928303212915,0.7251370257538344,low,0
S0053,2025-02-11,6,mid,3,54.603549419164395,0,0,2,0,0,9.641183171908743,0.0,8.229837679775432,0.8005054142712031,0.32337447188446256,0.011145908220815626,-0.35335782837808916,0.0,0.9566783898808188,0.4822849857220396,low,0
S0053,2025-02-12,7,mid,6,49.069336933682855,0,0,3,1,0,3.1461857139352456,0.0,6.114476995717275,0.35246478091656375,0.6804588500021252,0.8636171170022067,-0.5560264788028999,0.0,0.4472827709965076,0.37851125903952143,low,0
S0053,2025-02-13,7,mid,4,55.9596024446709,0,0,4,0,1,3.759622353256627,0.0,14.716244397803157,0.20362888694892745,0.5059163770202552,0.46521700102013375,0.26787258500385813,0.0,0.07253831994026283,0.8193496305255951,low,0
S0053,2025-02-14,7,mid,4,38.15256340045312,0,1,5,0,0,4.229627080804129,0.0,11.996629069668861,0.9186259436863579,0.6151208192234063,0.645055444495933,0.7754721383701886,0.0,0.9854030088363466,0.30900809182395694,low,0
S0053,2025-02-15,7,mid,5,40.472140821755254,0,0,1,1,0,4.129974265575813,0.0,11.36187454939155,0.9790652893434416,0.2321926323466219,0.1499298509392426,-0.4107106126019622,0.0,0.5304533421568117,0.12443062040961839,low,0
S0053,2025-02-16,7,mid,4,58.78145615636977,0,3,1,1,0,3.5289602528278,0.0,6.2021707695230655,0.4479280274266044,0.46427068985030884,0.8851065754281086,-0.10036131120962044,0.0,0.9574263124606348,0.08381187265782275,low,0
S0053,2025-02-17,7,mid,4,32.105117187537175,0,1,1,1,0,4.199328070004712,0.0,7.7870459986186,0.0427653403388879,0.20370996868493196,0.32495245298119946,-0.7087074161480342,0.0,0.6649696553528436,0.28076502822903593,low,0
S0053,2025-02-18,7,mid,6,57.50165299057439,0,1,1,0,1,3.080067990538185,0.0,7.752651822093977,0.03897596604023412,0.4460319092600127,0.1356090968531788,0.0059579686615589544,0.0,0.45464411604027943,0.22271363223740792,low,0
S0053,2025-02-19,8,mid,6,28.992039328330872,0,2,3,1,0,4.501823000085355,0.0,10.759497847186077,0.19273412646185173,0.3394007664586657,0.2801665949052924,0.06307318386809468,0.0,0.7525792113728736,0.7932736944557736,low,0
S0053,2025-02-20,8,mid,4,40.059723273686544,0,0,2,1,0,2.5759140599950476,0.0,11.082524787404864,0.6943565948891763,0.8050197193270832,0.1810440512210988,-0.6715719279845984,0.0,0.6390818061953094,0.11617452237044268,low,0
S0053,2025-02-21,8,mid,5,56.233445371846,0,0,4,0,0,5.054202637747165,0.0,7.341956926230049,0.018770503129605154,0.2795742861949746,0.13694027813634424,0.24855000965462626,0.0,0.2486836670637934,0.28239816975264365,low,0
S0053,2025-02-22,8,mid,4,37.48951990717729,0,0,4,0,1,5.440170566860599,0.0,10.722837948601134,0.45085121916252646,0.4376015883011729,0.9259901635807495,0.3503026697093212,0.0,0.7093091137936446,0.35925318037822496,low,0
S0053,2025-02-23,8,mid,4,41.550257407344176,0,0,4,0,0,4.051070174029202,0.0,12.094703684903859,0.6792255218807519,0.7015202786914431,0.8703202106435368,0.9966152737325189,0.0,0.5575512931970142,0.48441392886948764,low,0
S0053,2025-02-24,8,mid,6,55.599819000174534,0,1,4,1,1,6.653330698392239,0.0,9.770306007889957,0.8005436724038013,0.6411487677803092,0.48303541181552145,-0.8107418154793298,0.0,0.815475931111073,0.4163687246210722,low,0
S0053,2025-02-25,8,mid,3,38.46914429372742,0,2,1,0,1,6.970511821551946,0.0,11.231577951649925,0.7522359815777421,0.9998313187333344,0.8638749688439841,-0.5778467987679672,0.0,0.9613889191433146,0.34013430863090943,low,0
S0053,2025-02-26,9,mid,5,46.46912359009469,0,0,2,1,1,4.16459127600814,0.0,10.30253545097976,0.4211613518024536,0.5277901896697687,0.19678878701010738,0.5403416933157588,0.0,0.43158118102555476,0.42314500439956415,low,0
S0053,2025-02-27,9,mid,5,42.19142081734715,0,0,2,1,0,5.264989517611682,0.0,6.944808982088012,0.8406378394583061,0.20144559156687913,0.6915653096511528,-0.22823786026647075,0.0,0.9430880632296454,0.08257314836325091,low,0
S0053,2025-02-28,9,mid,5,53.29699761639792,0,0,1,1,1,7.840548806901692,0.0,15.609806971048922,0.09257039168709591,0.9410659460618627,0.7068950302367579,0.004431436304801917,0.0,0.8574495425168013,0.7306989763481586,low,0
S0053,2025-03-01,9,mid,6,68.48943065323775,0,2,1,0,1,5.940118529978183,0.0,10.575977169331312,0.7508149740101938,0.5831107146439118,0.8639539354680342,0.784426120402063,0.0,0.7123856414990997,0.056284594220268325,low,0
S0053,2025-03-02,9,mid,4,32.473259382612554,0,2,3,1,1,4.982825034349398,0.0,11.681722696254521,0.7649216265885376,0.7019663210156557,0.6807385946520904,-0.1599023305048688,0.0,0.04234709655280178,0.7414469731172052,low,0
S0053,2025-03-03,9,mid,5,51.226666694819464,0,2,1,1,1,2.462984619750794,0.0,15.402378563513244,0.7993865563676231,0.6417090688953844,0.8722852091274783,0.9418859308127365,0.0,0.6512372432434244,0.9707221184109381,low,0
S0053,2025-03-04,9,mid,6,43.92742984895953,0,1,5,0,1,6.394351069358094,0.0,9.518424518360638,0.900803205731812,0.052583723913348646,0.12794109728725245,-0.22553940419045726,0.0,0.9293976515571535,0.8442051697664837,low,0
S0053,2025-03-05,10,mid,5,38.67693195805871,0,1,1,0,0,3.14668035236109,0.0,8.34536659097987,0.6518261296918547,0.47236232382104837,0.1297426612099739,0.8322747027596178,0.0,0.3677943463765001,0.2828413116929104,low,0
S0053,2025-03-06,10,mid,4,60.74603969641777,0,0,4,0,0,4.210592846434227,0.0,13.634915525243002,0.7435905356855468,0.792804500850439,0.06314428333222577,-0.2487236678233573,0.0,0.8859894925012046,0.7049759184234528,low,0
S0053,2025-03-07,10,mid,3,41.75708654441902,0,0,4,0,1,2.5778146968526516,0.0,11.997555487840486,0.8988730769309963,0.2002786237299945,0.237496199082868,0.8261212790251578,0.0,0.6875418662972714,0.5286363101881258,low,0
S0053,2025-03-08,10,mid,6,37.82340530065876,0,1,5,0,0,4.956103949980264,0.0,5.724964676644852,0.6352189854646604,0.30465007811874867,0.4804184004116585,-0.5258379099725732,0.0,0.5277130817235696,0.7872144801536947,low,0
S0053,2025-03-09,10,mid,5,37.86453449878305,0,1,1,1,0,1.0068954200358746,0.0,13.03816680184141,0.2711327070255668,0.5271806506222187,0.6890285964634723,0.5710704017283621,0.0,0.6339244750441213,0.5262959898284719,low,0
S0053,2025-03-10,10,mid,5,60.30161215879449,0,2,3,0,0,1.8108824199768225,0.0,13.410866026834777,0.7502144641953171,0.9932148550117847,0.40136503697796655,-0.6963025069576054,0.0,0.5541135525872803,0.3461765708407055,low,0
S0053,2025-03-11,10,mid,5,59.35240064360941,0,3,4,0,0,5.395757652259207,0.0,15.113480731077697,0.9506827373373291,0.8285673393728552,0.6558373208754616,-0.9241906055672942,0.0,0.28773350812184706,0.308210091365009,low,0
S0053,2025-03-12,11,mid,3,29.004985334569547,0,3,1,1,0,2.1604520482690828,0.0,9.327769816358353,0.39101040374300944,0.15639126052775354,0.3439959102135133,-0.9140412601521006,0.0,0.006023200955492136,0.869909222881396,low,0
S0053,2025-03-13,11,mid,6,62.83177480934711,0,2,5,1,1,4.835794819952576,0.0,9.079427310655687,0.43603586760993895,0.8218323316682081,0.01374341536485535,0.19723906427013782,0.0,0.8925788100152923,0.14762705845252178,low,0
S0053,2025-03-14,11,mid,5,53.91527975788414,0,1,5,1,1,6.421468351128242,0.0,8.77224586159887,0.8173333711811696,0.20502665011600008,0.1464259235787193,-0.795719831745096,0.0,0.06763797290024154,0.9846202023925147,low,0
S0053,2025-03-15,11,mid,4,42.0437702431412,0,1,1,1,1,3.1883908601601623,0.0,7.011132044007534,0.30770327299212497,0.02004233770041286,0.5702051733205572,0.0957800969137228,0.0,0.6508071304445529,0.15991580309652165,low,0
S0053,2025-03-16,11,mid,4,51.272127088351176,0,1,3,0,0,5.565237546251578,0.0,5.288595874614949,0.2506821933318629,0.9729173649245915,0.23941040519001144,0.5292443764506058,0.0,0.46971718710637644,0.037918938482738196,low,0
S0053,2025-03-17,11,mid,4,47.78752188645263,0,0,3,1,0,3.376742816092038,0.0,10.523141195747629,0.8065698912805918,0.963021987728105,0.2897590058957943,0.013230249621883239,0.0,0.8231875450067684,0.31465400604730287,low,0
S0053,2025-03-18,11,mid,5,38.035458545079784,0,3,3,1,0,4.563736870929861,0.0,9.19382151049,0.1852595333111352,0.9448701098272653,0.8002946556341385,-0.36371635119122003,0.0,0.816576802456731,0.7721351380942271,low,0
S0053,2025-03-19,12,mid,4,44.24287486121983,0,0,2,1,1,4.183416913753016,0.0,14.720315746097237,0.487936341606241,0.5820798288641306,0.06340699093150404,0.7263730427159696,0.0,0.8666779357525394,0.28141767280698426,low,0
S0053,2025-03-20,12,mid,5,50.33281585706987,0,1,3,0,1,1.765190136715559,0.0,4.678292052033903,0.2031233736235467,0.7078120051561908,0.6095915729505708,0.9838029740432455,0.0,0.1412442042024702,0.11373834873502087,low,0
S0053,2025-03-21,12,mid,3,45.54981472819468,0,1,2,0,1,2.4311497279616923,0.0,10.938266753764763,0.24198314009643962,0.02335162321771478,0.036906304893151054,-0.2995885984953697,0.0,0.8775600137691921,0.5658333124646825,low,0
S0053,2025-03-22,12,mid,7,52.11896329623555,0,1,4,1,0,2.715701968195168,0.0,9.657211745772889,0.28846189382469134,0.04902967421812998,0.5018109724269486,0.29933374378670763,0.0,0.42448330597889217,0.5632048989835985,low,0
S0053,2025-03-23,12,mid,4,42.45600717698845,0,1,2,0,1,6.936538866896097,0.0,11.600581700283602,0.3353907277090499,0.9299312391371575,0.3388312871699497,0.9396086194956395,0.0,0.0021569178726476013,0.6341733233886787,low,0
S0053,2025-03-24,12,mid,4,53.981161506696736,0,0,3,1,1,1.243723523836088,0.0,8.359891300510718,0.30260800654575504,0.18018334362732613,0.3497327810695573,-0.7444050174765828,0.0,0.8720360716900825,0.34688078195463445,low,0
S0053,2025-03-25,12,mid,4,45.80274766089598,0,0,4,1,1,5.607171922340496,0.0,8.84509041835482,0.477245638390396,0.5397694275614893,0.3746505752925574,-0.5785143182939008,0.0,0.0939016645423193,0.07592570306458868,low,0
S0053,2025-03-26,13,mid,5,41.72625673750001,0,0,1,1,1,7.235720600409939,0.0,10.67959261603065,0.05132951566498278,0.007572528555612412,0.7817512949915718,-0.23104056031871245,0.0,0.3691434849638554,0.23821859398101952,low,0
S0053,2025-03-27,13,mid,5,41.571751231245365,0,0,1,0,0,6.4775420938986725,0.0,8.577792829677255,0.31833369342244866,0.7126553533602723,0.992188814581423,-0.6456625006625942,0.0,0.4175459405037415,0.16512671076614827,low,0
S0053,2025-03-28,13,mid,5,34.77741767991671,0,0,4,0,0,3.1051059688549723,0.0,12.01752030533782,0.13511113372717098,0.002117337754852344,0.07332503301092752,0.2566510755969058,0.0,0.8854071175976481,0.9778397493736442,low,0
S0053,2025-03-29,13,mid,3,44.441531290475474,0,0,4,0,1,3.726191920064853,0.0,10.695531168833813,0.40027315555301046,0.6097530487071474,0.8553175446092103,0.624830052189677,0.0,0.5269500770175879,0.8833706973681431,low,0
S0053,2025-03-30,13,mid,8,56.84232006955328,0,3,5,0,0,3.6295233492538195,0.0,10.156394111663573,0.01079054769897303,0.10493976474988576,0.7353494709593003,-0.6189162435249207,0.0,0.5142747020766394,0.18590220089839948,low,0
S0053,2025-03-31,13,mid,4,41.517180495941595,0,4,2,1,1,7.461615973685326,0.0,14.401318201602773,0.35994580397347886,0.14911005595199234,0.6866049526758755,0.6357211398927929,0.0,0.5446237500375036,0.050869140115346934,low,0
S0054,2025-01-01,1,mid,5,43.01667770229708,0,3,3,0,1,4.89173959502871,0.0,9.276374890000122,0.7996199368725502,0.40531919974780595,0.851780059122683,0.4858499896217272,0.0,0.719353245988685,0.38104783309534296,low,0
S0054,2025-01-02,1,mid,5,47.442764812263334,0,0,5,1,0,7.976017167820566,0.0,6.871023026838897,0.28632840056518993,0.2246987428531778,0.9222378819955203,-0.5114038481966976,0.0,0.059277818940873805,0.7510880139748173,low,0
S0054,2025-01-03,1,mid,5,29.19391660386299,0,0,2,1,0,5.153913958065643,0.0,3.6522993074683683,0.9657832552602018,0.4073882862479439,0.6026571037428614,-0.8048092353965353,0.0,0.885917604994843,0.8058611034443959,low,0
S0054,2025-01-04,1,mid,4,45.951709958801885,0,1,4,1,1,3.1499322005915222,0.0,6.75475456419848,0.34408295375863973,0.10337828994348819,0.7689820530555985,-0.6736633930034941,0.0,0.7017545383655306,0.23250747418307371,low,0
S0054,2025-01-05,1,mid,3,46.07706817694867,0,1,4,1,0,7.268669028652527,0.0,10.343400606561918,0.7392174174664894,0.9662659567326525,0.4053359991826443,-0.0770905550576213,0.0,0.6153386857597826,0.4533124514941862,low,0
S0054,2025-01-06,1,mid,4,35.862711049853914,0,2,5,0,0,4.45959048545458,0.0,6.419544851734064,0.6817676726276226,0.8878305099039626,0.12708568501258077,0.11688854786276681,0.0,0.5326474779550197,0.3283686294057838,low,0
S0054,2025-01-07,1,mid,4,37.22900720821902,0,0,2,1,0,8.283739839532263,0.0,4.932736407713422,0.9285897870687977,0.3405815659089687,0.7596397455130505,0.5102437117916476,0.0,0.9284951938053967,0.8585893191831488,low,0
S0054,2025-01-08,2,mid,6,58.194927111410045,0,0,1,1,0,5.203915002637607,0.0,10.663052013640048,0.6006068563080895,0.5607859522193602,0.7228869585892236,0.06509555107567389,0.0,0.21591609172502846,0.007310645695287499,low,0
S0054,2025-01-09,2,mid,7,24.789104750933237,0,1,1,0,0,4.902856266469235,0.0,15.63497233992078,0.42128836282921167,0.8188968312176395,0.1729244939274701,0.3283078508743067,0.0,0.0210152988980693,0.006960713063091761,low,0
S0054,2025-01-10,2,mid,6,52.64213550985108,0,0,3,1,0,6.843609049302696,0.0,9.53122834217918,0.13507178317593072,0.00343695697720936,0.5683675995673368,0.9747700049674968,0.0,0.562352854539347,0.9805108395319128,low,0
S0054,2025-01-11,2,mid,3,36.000422261257455,0,1,1,0,1,3.2930332287912263,0.0,9.774781439663355,0.45499845873789513,0.612702544309042,0.5633180416101966,-0.18706697120738514,0.0,0.3696952757372959,0.2753987574758803,low,0
S0054,2025-01-12,2,mid,6,51.88681001175286,0,1,5,0,1,5.622472363222081,0.0,8.12285934578312,0.4660273476567086,0.717315340911916,0.4329012812578922,-0.5765136013564063,0.0,0.7152455438328483,0.0390553522428404,low,0
S0054,2025-01-13,2,mid,4,22.756227705442953,0,0,4,0,1,5.554394734002015,0.0,8.573576738821197,0.75704903977722,0.058965106035546944,0.8194191220038876,0.5518830277469862,0.0,0.9295963718255849,0.11854912255288841,low,0
S0054,2025-01-14,2,mid,4,49.86274259867069,0,1,2,1,0,4.125800039935378,0.0,9.39953076492621,0.49183198805116135,0.2966832096481694,0.590308551814762,-0.08710763715966352,0.0,0.24385308956767981,0.1029402185959305,low,0
S0054,2025-01-15,3,mid,6,58.22493677332784,0,0,2,0,0,8.852564188852764,0.0,9.437813034013939,0.7480481086200877,0.5441098577199295,0.37890918574610166,0.616852088945608,0.0,0.5541171212286026,0.11613728584639771,low,0
S0054,2025-01-16,3,mid,5,52.05049875650696,0,1,5,1,0,7.377472241875422,0.0,7.491229865265593,0.25422078980813856,0.5834339377276563,0.799553807144939,0.13235966066026372,0.0,0.30655256364296535,0.23343573391123285,low,0
S0054,2025-01-17,3,mid,6,41.53275428397827,0,1,4,0,0,0.6973964602435316,0.0,11.409809003615425,0.21927016497190988,0.243424067195532,0.9852949652561165,0.6732849122027904,0.0,0.8054726593152842,0.4192710074903869,low,0
S0054,2025-01-18,3,mid,5,39.75117238720536,0,1,1,0,0,3.570677353523786,0.0,8.259537304160101,0.1732538331330602,0.3604293095120823,0.6491812193185408,0.343724841439462,0.0,0.21096190065662423,0.131233451860838,low,0
S0054,2025-01-19,3,mid,4,43.393821450488055,0,1,3,1,0,5.978491516717628,0.0,13.543579176696836,0.32237310585828616,0.4055184947646141,0.6736172405573119,-0.6287437119973724,0.0,0.890320669089437,0.48288713419189466,low,0
S0054,2025-01-20,3,mid,6,61.15706069938428,0,1,2,1,0,5.918186731674902,0.0,4.081937858574039,0.09396386981864058,0.4811697882515781,0.4282804146405653,0.5198928119566788,0.0,0.7999982556362377,0.8722523398166044,low,0
S0054,2025-01-21,3,mid,6,59.808021833329775,0,0,2,1,1,8.89939621375234,0.0,11.357127267662499,0.9107298319849904,0.4210735575840988,0.6559240108994772,0.8367049834780012,0.0,0.5416805844305528,0.3082809800502456,low,0
S0054,2025-01-22,4,mid,7,39.44781210711389,0,4,2,1,0,4.138727631668187,0.0,8.153451397214974,0.33578140054281524,0.8061963271984326,0.32087912073824965,0.6519548454154758,0.0,0.2055933208477999,0.6010185413948924,low,0
S0054,2025-01-23,4,mid,5,46.0411106568432,0,1,3,0,0,4.076241039004383,0.0,10.756042253330493,0.22293827165861224,0.6271155211808765,0.2834653869239495,-0.4965326879867742,0.0,0.20234799300314,0.18572686353665158,low,0
S0054,2025-01-24,4,mid,6,47.22491421246613,0,0,5,1,1,5.09898043467652,0.0,12.240790739387723,0.4662855106777537,0.890741243950107,0.5071129373486559,-0.038802214302787075,0.0,0.9266525336023682,0.4744591229539643,low,0
S0054,2025-01-25,4,mid,7,26.745862599060032,0,3,4,1,1,3.5764167850494437,0.0,10.09670754094614,0.29500460372334447,0.5028493350454115,0.736684022633381,0.5498912992185376,0.0,0.7523060694218411,0.09482320954335954,low,0
S0054,2025-01-26,4,mid,4,64.09404656808036,0,0,2,1,0,6.358622361690091,0.0,9.903914065579315,0.8121814514361916,0.9736122659883045,0.8603084567520753,-0.3795603641618337,0.0,0.179152610058529,0.21054180444486847,low,0
S0054,2025-01-27,4,mid,6,54.083408512716815,0,0,3,1,1,5.1835679246317765,0.0,9.799782070035537,0.04155952973328392,0.5802418276221029,0.012825192911004257,0.47207918132928417,0.0,0.03374033421928102,0.7271545252083798,low,0
S0054,2025-01-28,4,mid,6,23.811834148717004,0,4,1,1,0,2.917585923913901,0.0,8.11645659624039,0.24395055361572648,0.5658989669835696,0.3811590204199494,-0.008869283529258754,0.0,0.8116124831636912,0.5022963847963366,low,0
S0054,2025-01-29,5,mid,5,30.36745682937336,0,1,4,0,0,4.655479264987054,0.0,7.702723622940974,0.7369493395994334,0.9374066273632651,0.3488102668392269,0.661022461926801,0.0,0.1967522576652706,0.035110369164783606,low,0
S0054,2025-01-30,5,mid,6,43.547816305324254,0,0,3,1,0,4.536323731890433,0.0,5.208126439797012,0.6130811391199174,0.14445603662431183,0.3571688606886352,0.29541368953694125,0.0,0.6397617174746266,0.8420573087367015,low,0
S0054,2025-01-31,5,mid,6,43.459452735328824,0,2,1,1,0,6.610599578229852,0.0,12.853189766658474,0.5299801793459549,0.5928291713896664,0.7723427120347177,-0.29711947572639796,0.0,0.13497111560052755,0.874299380502617,low,0
S0054,2025-02-01,5,mid,5,49.887757588144154,0,1,5,1,0,2.2158992906691233,0.0,6.577454402313975,0.7249977365838524,0.4187742696093967,0.6158743033137252,-0.4515503667988927,0.0,0.2654644493239873,0.1990625446299542,low,0
S0054,2025-02-02,5,mid,5,43.254660334559574,0,0,5,0,1,9.585301114123508,0.0,9.81690717281656,0.647941535485333,0.3667849281220461,0.13343096149405576,-0.6451736879417995,0.0,0.35932464413911525,0.560109687859328,low,0
S0054,2025-02-03,5,mid,6,46.70699864779541,0,0,2,0,1,6.565645344825528,0.0,10.299512839761615,0.19554846673611348,0.3624981774921293,0.4428544569065702,0.9069989219271861,0.0,0.7356149866256436,0.33215221812531237,low,0
S0054,2025-02-04,5,mid,6,27.402819815355627,0,1,2,0,0,6.57254847614303,0.0,11.936332077942797,0.9637295428719317,0.21067807061411814,0.30106617847547357,-0.3740785695702453,0.0,0.44525879330966656,0.8074043514237499,low,0
S0054,2025-02-05,6,mid,6,38.06028769397568,0,0,2,0,0,5.389858392988292,0.0,8.964051227921775,0.25259633042539476,0.18405611752304463,0.20320104908791636,0.944269069391249,0.0,0.6591134336498721,0.9778552417598017,low,0
S0054,2025-02-06,6,mid,3,52.26973302521651,0,1,3,1,0,4.278142895635857,0.0,11.205966939650812,0.12804177500586378,0.826480732036738,0.05339058458974122,0.9906114935152743,0.0,0.46739938779119683,0.927592556615408,low,0
S0054,2025-02-07,6,mid,6,54.32757561018609,0,0,2,1,0,7.489007526112498,0.0,13.741441535922005,0.45267065183854494,0.49032885525273784,0.45638251229005566,0.04215384602993222,0.0,0.14877779599515517,0.7947471119950124,low,0
S0054,2025-02-08,6,mid,5,40.67872048377758,0,0,4,1,1,9.254597334240444,0.0,8.236909078997405,0.05617129512540242,0.7580298631846681,0.9397112806630296,-0.46350357015356924,0.0,0.776222371651978,0.4179342612335003,low,0
S0054,2025-02-09,6,mid,7,53.182671393719545,0,0,5,1,1,2.25292902760807,0.0,11.559084807886626,0.7607462050304022,0.6756628762085292,0.9908814565254905,0.16864461579755496,0.0,0.7681177254890672,0.07452494388579123,low,0
S0054,2025-02-10,6,mid,6,39.637047939466484,0,1,2,1,0,6.600736599998401,0.0,11.899177710426724,0.7810679552601918,0.08092344236876048,0.7708291427522228,-0.8366914445644467,0.0,0.987164051333927,0.3704811776497281,low,0
S0054,2025-02-11,6,mid,5,64.39254488761372,0,0,4,1,0,3.860013824068502,0.0,10.01912851227428,0.5678031775430129,0.4572904518284864,0.8947268052822231,0.932006662131381,0.0,0.6511010162546604,0.18518767943169334,low,0
S0054,2025-02-12,7,mid,5,45.04373657189028,0,1,1,0,1,7.865370999620021,0.0,9.007975733974332,0.16427696262124092,0.500856417164145,0.07718692786921366,0.12234905840469867,0.0,0.16897360922478644,0.960045069716461,low,0
S0054,2025-02-13,7,mid,7,70.44214351737341,0,2,1,0,0,0.3312744345383072,0.0,9.047753606473464,0.2757541230085926,0.4505007961054732,0.575719243870154,-0.25103560860996343,0.0,0.9009874505667096,0.9959453002436672,low,0
S0054,2025-02-14,7,mid,6,33.377216351433326,0,0,2,0,0,2.9472822974344415,0.0,10.115208942037583,0.3256211439023974,0.5132371789178942,0.2025827500978543,0.15306652807087695,0.0,0.6852832338430006,0.6499600454817133,low,0
S0054,2025-02-15,7,mid,7,41.775650353653404,0,0,5,0,0,6.110051337732244,0.0,9.240138922849486,0.7162502498709614,0.5617208652808141,0.44521384894451554,-0.35406363143156905,0.0,0.6383054965880086,0.9702261809457527,low,0
S0054,2025-02-16,7,mid,5,57.438521940865584,0,1,2,0,1,3.9466690361469983,0.0,7.6897898205133295,0.1941710295774126,0.6534217837378402,0.14076140254590042,0.5850451027865058,0.0,0.25043629116419885,0.25547546197949633,low,0
S0054,2025-02-17,7,mid,6,36.42437207711758,0,2,5,0,1,1.9230992475426594,0.0,13.648392492074228,0.8628433234146519,0.13046627511853592,0.6390318780852128,-0.45383104861725765,0.0,0.5271746220517312,0.38748657044918444,low,0
S0054,2025-02-18,7,mid,5,49.047612018575386,0,1,3,1,1,5.930015593089295,0.0,12.504930842486385,0.6823590981205424,0.6607077572786171,0.9850515720764219,-0.543804447844271,0.0,0.030113684859411904,0.6779708644339175,low,0
S0054,2025-02-19,8,mid,6,35.52754950682312,0,0,2,1,0,3.293751025972651,0.0,8.859929816898985,0.913569160893126,0.621836490916805,0.875395946806438,0.36410412591515295,0.0,0.9919454060036618,0.5251527988606594,low,0
S0054,2025-02-20,8,mid,4,55.26090176405876,0,0,2,0,1,6.491883275851606,0.0,10.09362539530866,0.09067924830675589,0.357807450167401,0.5060492113911284,-0.7734648380556084,0.0,0.6878020232766745,0.5150280913172708,low,0
S0054,2025-02-21,8,mid,8,39.65770842708094,0,0,5,0,1,5.653473198626246,0.0,14.150208097971266,0.8155265916908596,0.08438916597323265,0.7104930879415959,-0.7023884774244984,0.0,0.5764840263681574,0.9857229477572166,low,0
S0054,2025-02-22,8,mid,5,37.57004049587865,0,0,2,0,0,4.220854842925522,0.0,5.930248931788613,0.602777356964514,0.31104588793238674,0.336197408906027,0.6148503670838816,0.0,0.8371813703234824,0.53294093242183,low,0
S0054,2025-02-23,8,mid,6,49.84816191082663,0,0,1,1,1,7.517181339613691,0.0,10.465009133488193,0.300837129868071,0.06547913314741116,0.6336205287851278,0.46160122609160603,0.0,0.7652538682911644,0.011060523435591163,low,0
S0054,2025-02-24,8,mid,6,54.923299226834324,0,1,1,0,1,4.102681176382357,0.0,11.496515559111057,0.477788863125842,0.48679942474079985,0.7771235330411236,-0.6140178591994971,0.0,0.29974973893906587,0.6631079606327435,low,0
S0054,2025-02-25,8,mid,4,37.77465507384081,0,1,2,0,1,7.035931114705496,0.0,13.495477022417152,0.27191940792707203,0.4610623986764335,0.1050889690913307,-0.8309633969472956,0.0,0.4600436563766783,0.5558086920513566,low,0
S0054,2025-02-26,9,mid,5,43.248308037272764,0,2,5,1,0,4.017394814604558,0.0,6.409663920439735,0.3240400971223949,0.5106838500438239,0.40090205256096256,0.5765781176805012,0.0,0.7680005531665673,0.7723747760369498,low,0
S0054,2025-02-27,9,mid,4,27.591816360164323,0,1,1,1,1,5.268185258245292,0.0,11.898050691531243,0.03521874825941829,0.1207268469151832,0.5324096301259863,0.5904168537945351,0.0,0.095606151027543,0.5654379420656599,low,0
S0054,2025-02-28,9,mid,3,37.73365252753546,0,0,4,0,0,8.865558277152822,0.0,4.782388067642756,0.27033800313214673,0.2597496510988164,0.3567850453979742,-0.47382979409317993,0.0,0.8584384045522442,0.6428423911128044,low,0
S0054,2025-03-01,9,mid,6,47.10060329409661,0,1,3,1,1,5.749629879023241,0.0,14.001348609580054,0.4611502595466028,0.8946106966482202,0.80455696158721,0.03357781466893872,0.0,0.27049080197404907,0.14727940395646666,low,0
S0054,2025-03-02,9,mid,4,49.65181680023979,0,0,5,0,0,4.1271600230746435,0.0,7.815330515555829,0.31311883694387566,0.6948546783162862,0.7207724285101569,-0.09896876181662861,0.0,0.37900446200784976,0.17708845341843227,low,0
S0054,2025-03-03,9,mid,6,39.85589834883275,0,0,4,1,1,6.306305742485291,0.0,11.942452983543827,0.19729789447273172,0.8235124481326502,0.1575794029521307,-0.6971366820646916,0.0,0.8089192879339613,0.2902191243075414,low,0
S0054,2025-03-04,9,mid,4,65.22007774056071,0,1,4,0,0,2.98580499831419,0.0,7.344515167100598,0.09767166066239075,0.16741998184330598,0.7300853477374203,-0.4215043146805002,0.0,0.44187796842293625,0.6903212451799658,low,0
S0054,2025-03-05,10,mid,7,51.17460560211469,0,0,5,0,0,2.646589057142013,0.0,8.548259542070616,0.0688249498695378,0.9397781208449404,0.003796736955755997,0.5840153922567191,0.0,0.26447934525260286,0.24244488802408648,low,0
S0054,2025-03-06,10,mid,5,40.66145526890368,0,2,1,1,1,4.948285661317574,0.0,15.173210935355806,0.2860399194676898,0.4615435588271707,0.2925678022346879,0.39990154495595953,0.0,0.6144342037646162,0.388092599090059,low,0
S0054,2025-03-07,10,mid,6,41.347570153755065,0,2,5,0,0,3.468406512131399,0.0,8.905877825534047,0.1401256212942904,0.21301105526003616,0.3377861089747387,-0.1263233464321336,0.0,0.9565682056943912,0.48523361626637096,low,0
S0054,2025-03-08,10,mid,6,53.5249208812854,0,0,4,0,0,3.354996398432543,0.0,7.124755372340651,0.17947569070933522,0.5537985473681842,0.14499695603144602,-0.46359477665527526,0.0,0.5304613546480865,0.2748312990775861,low,0
S0054,2025-03-09,10,mid,5,45.39936630424561,0,2,5,1,0,9.91857970737076,0.0,7.813714110870707,0.6054560672496068,0.8679771091648183,0.46741993613614274,0.4408859981551878,0.0,0.12719653375271744,0.7639988684909257,low,0
S0054,2025-03-10,10,mid,7,39.828700396703475,0,1,1,1,1,2.4656622237156616,0.0,8.50800570632955,0.7478343705157137,0.2707282636532402,0.3910192017823302,0.6060529511326418,0.0,0.3398026404036042,0.2915003091677629,low,0
S0054,2025-03-11,10,mid,6,45.29281541050692,0,0,2,1,0,5.730431368667734,0.0,10.561838435614817,0.10201096028236145,0.7448084521182475,0.32229239544123345,0.803821991383818,0.0,0.27821682029422157,0.6938619496459134,low,0
S0054,2025-03-12,11,mid,6,49.32908200092782,0,1,2,1,0,7.492647539112278,0.0,11.781568360466206,0.6535133098562338,0.5283954712096299,0.5198403720897657,-0.9740582023807178,0.0,0.23185364688854926,0.029008990347560215,low,0
S0054,2025-03-13,11,mid,7,41.06468444624485,0,1,4,1,0,7.360172314156873,0.0,12.34072617420136,0.8452447069851253,0.9141624305131054,0.180401383389027,0.9102343068588155,0.0,0.8058571911971223,0.8999123743003237,low,0
S0054,2025-03-14,11,mid,5,49.089768372576856,0,2,3,1,0,3.707672635912783,0.0,11.553508522571637,0.03264180255866722,0.45491991528671316,0.550641067963404,-0.4258779225961924,0.0,0.4625046658357518,0.6151604558348351,low,0
S0054,2025-03-15,11,mid,6,48.515808152770234,0,1,1,1,0,6.2581890049022855,0.0,10.084834870039533,0.8145892236030547,0.20642933465534863,0.3879681776945243,0.3257804237341715,0.0,0.5500903565989119,0.43070115634974204,low,0
S0054,2025-03-16,11,mid,4,28.535955405707632,0,0,3,1,1,5.151199398384416,0.0,9.988308735720349,0.28738877610696023,0.2826220534281473,0.371379571216121,-0.6613664532573211,0.0,0.7389917407128296,0.37934030124137164,low,0
S0054,2025-03-17,11,mid,7,54.0484395813716,0,0,5,1,1,5.802266102431264,0.0,10.392813554280513,0.7685190674247205,0.31727763758931016,0.11254248632584796,0.3365318477590118,0.0,0.6583831933771341,0.2922909652826755,low,0
S0054,2025-03-18,11,mid,6,56.705040674356916,0,1,3,0,0,4.188076200220733,0.0,15.777631720702157,0.5013227277198118,0.26986124200741046,0.3291791276202237,-0.35983484647834163,0.0,0.7263351086493569,0.555643101795994,low,0
S0054,2025-03-19,12,mid,6,60.62978817512408,0,1,4,0,1,3.6488111642959513,0.0,11.639342496472695,0.45270723889121023,0.05394243203766025,0.10527331893159031,-0.5384113983712113,0.0,0.6300450123192527,0.9200974576209132,low,0
S0054,2025-03-20,12,mid,6,22.119518106144064,0,1,5,0,0,5.381984618672008,0.0,8.889116945937754,0.1781365978210172,0.7578490106529152,0.4318761514946534,0.699938017413912,0.0,0.8703163736022755,0.8798329081563826,low,0
S0054,2025-03-21,12,mid,7,47.188561199772195,0,1,2,1,1,6.065911465874974,0.0,9.684155907868252,0.6426332464886779,0.20765846412018774,0.8088483015359567,0.308978750233462,0.0,0.9277165042872897,0.22875818136522474,low,0
S0054,2025-03-22,12,mid,6,36.20227290914973,0,2,1,0,0,3.967319237275989,0.0,10.091894225345467,0.30011901065544655,0.6989922182571519,0.9667295560964869,0.13748944037355648,0.0,0.19047583510426092,0.42681327131661695,low,0
S0054,2025-03-23,12,mid,4,44.654510724097605,0,0,3,1,0,1.2929319175030995,0.0,4.467605592390496,0.4206440715387658,0.1175805445886795,0.4869722433144995,0.5234093842440493,0.0,0.3230368726762173,0.8185864542669129,low,0
S0054,2025-03-24,12,mid,7,51.10755348697649,0,2,2,1,1,4.136807241836578,0.0,7.444928892048424,0.2941868683771288,0.02853760955459217,0.5678704680697783,0.7960629389553953,0.0,0.5388566642467874,0.06380813246796768,low,0
S0054,2025-03-25,12,mid,5,70.0349073136494,0,1,2,0,1,6.2674693286581435,0.0,7.04977219899115,0.6328200276547318,0.38012243023578685,0.21214412676695582,0.9848513890061243,0.0,0.6430201120365632,0.0017477542625116138,low,0
S0054,2025-03-26,13,mid,5,39.71211372341962,0,2,2,0,1,2.7626762543837837,0.0,3.9925409017541487,0.7397181379698226,0.16554007822474726,0.5698924908844702,-0.45542171421068334,0.0,0.5156537444187628,0.6266153268814936,low,0
S0054,2025-03-27,13,mid,4,49.02513138895576,0,3,5,1,1,5.511814952023857,0.0,11.333924341546414,0.4306968933357336,0.13055237070184833,0.8698928375567314,0.4324995078230667,0.0,0.13179747041798628,0.08803608081172609,low,0
S0054,2025-03-28,13,mid,6,47.777036111366506,0,0,2,0,1,2.2654693611675083,0.0,8.276772993469342,0.2302104121003895,0.892980988121682,0.32645250403171033,0.4445642159116434,0.0,0.2373814932084618,0.8090412282265614,low,0
S0054,2025-03-29,13,mid,7,52.83368739817752,0,2,3,1,1,4.768950643648882,0.0,6.672081452783403,0.9178756196656414,0.021685107971407658,0.27627560729898326,-0.4328273518453791,0.0,0.3049526028018895,0.0247049691131771,low,0
S0054,2025-03-30,13,mid,5,44.65467499221721,0,3,1,0,0,6.877794027905175,0.0,13.41094923522856,0.4300319884066619,0.3315754309960387,0.4106360620568714,0.20292963770269545,0.0,0.94674443385966,0.20697283980959325,low,0
S0054,2025-03-31,13,mid,6,54.46242874256744,0,2,2,1,0,5.89729725206955,0.0,7.33443437315328,0.9735594399719393,0.24689631417966096,0.7139128343202711,0.06408122360663704,0.0,0.8438415328663382,0.3888859923772905,low,0
S0055,2025-01-01,1,mid,3,49.34319387170185,0,0,3,1,1,6.411322246737102,0.0,9.811095176949571,0.38496285307322586,0.7285166243343448,0.7103525766383085,0.6417930047375957,0.0,0.7383826358154603,0.03537950697039116,low,0
S0055,2025-01-02,1,mid,6,46.209215639466564,0,3,2,0,0,3.440232390722541,0.0,4.5984391538070915,0.8721766683651511,0.5179278357107884,0.704743820672414,-0.008377043224099712,0.0,0.6174712972808798,0.09258699767782219,low,0
S0055,2025-01-03,1,mid,4,52.31413998597793,0,3,5,0,1,3.2497455586020108,0.0,5.143908899329201,0.934274835857182,0.669199031406507,0.965423766549513,-0.8300574304920141,0.0,0.04548591843098426,0.0584254196074635,low,0
S0055,2025-01-04,1,mid,5,47.0050103072814,0,1,2,0,1,6.786364919406736,0.0,7.077872224388275,0.10991289048407449,0.2615275908245487,0.598357492488906,0.19528866042584525,0.0,0.5536111415719134,0.1234982267901179,low,0
S0055,2025-01-05,1,mid,5,54.89581371850609,0,1,5,1,1,0.0,0.0,8.339477739082417,0.8725391078245213,0.2948657055090499,0.826093928866812,-0.11701102325493329,0.0,0.6215048826536037,0.3648306230370346,low,0
S0055,2025-01-06,1,mid,4,38.87546593132113,0,0,4,1,1,4.024169740455603,0.0,8.780427559175369,0.8425641022780279,0.41036559895171987,0.8468836856685722,-0.150621978679786,0.0,0.021684861846444248,0.374873037893272,low,0
S0055,2025-01-07,1,mid,3,66.44726509762826,0,2,1,0,0,1.1537524806682096,0.0,10.186363012462106,0.2429007273228676,0.41049640879353444,0.9227559817177892,0.13877918278600565,0.0,0.4686201261744519,0.1955011866786739,low,0
S0055,2025-01-08,2,mid,5,50.74803010618676,0,1,2,1,0,4.054108458991724,0.0,8.262403001009394,0.872312803104723,0.8311589256585767,0.8215707246002876,-0.5827684420372596,0.0,0.05825667233320386,0.5234148587854598,low,0
S0055,2025-01-09,2,mid,4,50.08602393163887,0,1,4,1,0,5.1508781741200576,0.0,-0.19477481812378983,0.40601855078779114,0.7156134783525574,0.9531906854155976,0.10698827238252906,0.0,0.563400231430593,0.5223002889831072,low,0
S0055,2025-01-10,2,mid,5,52.25757148700594,0,2,2,1,0,0.9995082659536365,0.0,10.86410923755443,0.5484823356832738,0.3321195265554958,0.18365794771751853,0.34565445398269,0.0,0.03842894086583626,0.895385526853862,low,0
S0055,2025-01-11,2,mid,5,34.65832594228357,0,1,3,0,1,2.536913829103825,0.0,13.120387831721668,0.0898440384624406,0.5041571494990172,0.4863024383983955,-0.40990547175388836,0.0,0.5637964040499541,0.6085609371779342,low,0
S0055,2025-01-12,2,mid,4,49.974554069884555,0,1,1,0,0,6.113799555410949,0.0,11.719480668965573,0.5904131585780901,0.7461442279361431,0.9885051679024108,0.8450160160461035,0.0,0.6114489488658152,0.5114014237606473,low,0
S0055,2025-01-13,2,mid,2,67.0070883356498,0,1,5,0,1,3.5859151112355176,0.0,8.025119285003104,0.8328561800876509,0.4197238506593226,0.525132267121614,-0.061695329415295985,0.0,0.8536812868816237,0.49971980108750935,low,0
S0055,2025-01-14,2,mid,3,52.23641674307986,0,2,3,0,0,5.458435376579001,0.0,12.16157702028557,0.3898639366451585,0.6070972156689125,0.06389352683031357,-0.7912796359704393,0.0,0.0809226144344678,0.8170531870014422,low,0
S0055,2025-01-15,3,mid,3,44.478099438641806,0,1,2,1,1,3.5636812454778406,0.0,9.904867850994341,0.6853825598067395,0.8857352411390201,0.09003688185745706,0.45611498657451466,0.0,0.821139382737603,0.16321070995268128,low,0
S0055,2025-01-16,3,mid,5,27.04059434467331,0,2,5,0,0,3.7477579201791418,0.0,8.90667485218064,0.04209132817358796,0.6158610572350285,0.9007805446071685,-0.7411679869606227,0.0,0.795709025573487,0.3793399100804813,low,0
S0055,2025-01-17,3,mid,6,51.05354317869069,0,1,4,1,0,2.174548726916928,0.0,10.402334302092303,0.49814085243901185,0.9268028573767177,0.6105975851612236,0.5464414592263604,0.0,0.018704017191788824,0.6343621373337398,low,0
S0055,2025-01-18,3,mid,4,69.2294731522181,0,3,1,0,0,7.996228492701336,0.0,9.981456898000436,0.91598987445208,0.587363212870797,0.9923154022018227,0.1338241325697096,0.0,0.8063263111639638,0.13885115688880434,low,0
S0055,2025-01-19,3,mid,6,63.895526245884255,0,1,4,0,0,6.690369218135193,0.0,14.329653074751178,0.9027699842867554,0.18065643419148536,0.4320809451563531,-0.19980878219199627,0.0,0.11251849360226784,0.16482763496471975,low,0
S0055,2025-01-20,3,mid,6,36.46384647557133,0,0,1,0,0,7.322259134200921,0.0,11.250769576752855,0.05466500627774773,0.843238086611248,0.10142645285581942,0.33721200085063896,0.0,0.22793944944789668,0.04669667058232263,low,0
S0055,2025-01-21,3,mid,4,29.963638719421418,0,0,2,0,1,3.3410073588806055,0.0,6.636580095382832,0.13126635112459895,0.8397415618981243,0.9246582199130278,0.09792266768290725,0.0,0.5670347960703908,0.993781467956743,low,0
S0055,2025-01-22,4,mid,4,54.44938829723529,0,1,5,1,1,6.241784329994474,0.0,9.846976398714416,0.7212946202659195,0.9519403789428295,0.704574872426067,-0.8445783796679096,0.0,0.6163053699275335,0.9803497053489981,low,0
S0055,2025-01-23,4,mid,5,38.74262836509807,0,0,5,0,1,3.0592251650831868,0.0,6.688218128904565,0.8244663778339926,0.5470149913444864,0.9317691820096397,0.9007281802379699,0.0,0.9915484431784731,0.13152814785502853,low,0
S0055,2025-01-24,4,mid,4,50.95430516038502,0,2,3,0,1,3.6614724446787212,0.0,11.450902905085442,0.030014173045798787,0.6052649689644379,0.21029555425982116,-0.2015254963853581,0.0,0.23113663997470135,0.9180617328862675,low,0
S0055,2025-01-25,4,mid,4,25.17349335422684,0,0,4,1,0,4.620267460025839,0.0,13.98814742860575,0.8165212704313441,0.7028314026639783,0.9387200715803253,-0.27040873271978905,0.0,0.040384437165278175,0.08642554204413977,low,0
S0055,2025-01-26,4,mid,5,55.53270128723253,0,2,1,0,0,7.526616953513402,0.0,7.6759390620612304,0.8446293786570812,0.7227505153695296,0.006925354715853538,-0.7660463999890679,0.0,0.730981997971438,0.9423966586184593,low,0
S0055,2025-01-27,4,mid,3,52.31037366996254,0,0,2,1,1,3.529786531189603,0.0,8.947350610579651,0.3976937919109842,0.13994565775687506,0.14684358345164772,0.8053446850825279,0.0,0.9939039656886843,0.9944266373763386,low,0
S0055,2025-01-28,4,mid,3,41.36982426208948,0,0,2,0,0,3.482697873013395,0.0,12.627891519272628,0.38296419264927406,0.5529867255662884,0.8504611766760519,0.24147607936271553,0.0,0.022098824013375373,0.30478456559086387,low,0
S0055,2025-01-29,5,mid,4,50.40104716809556,0,1,1,1,1,8.605488824613955,0.0,9.783641678481677,0.879664201892149,0.5709999328757792,0.6825783888591281,0.4202605492513263,0.0,0.01597092819724122,0.9424858689051187,low,0
S0055,2025-01-30,5,mid,3,40.271428597137145,0,1,3,0,1,4.236629022729164,0.0,15.97697540586945,0.34466071748639127,0.6298015936230628,0.8427866771553829,-0.931795280429804,0.0,0.5354622712979302,0.6502639843263973,low,0
S0055,2025-01-31,5,mid,5,50.18275796265064,0,0,2,0,1,4.842881885374048,0.0,10.89513822325106,0.19584278905771624,0.4266367211653924,0.6569253420560275,-0.11638823105282481,0.0,0.2856838754505736,0.49523339394145294,low,0
S0055,2025-02-01,5,mid,5,44.208982103872934,0,0,2,0,0,0.0,0.0,15.088232103952976,0.5227056270551659,0.4324803902407529,0.906557514690062,0.778060179107106,0.0,0.1256985553637704,0.5328928005062453,low,0
S0055,2025-02-02,5,mid,5,49.86152782433514,0,1,3,0,0,6.100592975083461,0.0,6.308007576098623,0.16091689727933478,0.4647462618879076,0.48017751246353535,-0.0738228480980827,0.0,0.822501915410475,0.4894454247028933,low,0
S0055,2025-02-03,5,mid,5,49.69089523090523,0,2,3,1,0,5.579092090814032,0.0,7.654415036043083,0.11327163696366871,0.9066265657553721,0.7038686541253535,-0.5475865200585328,0.0,0.2792116610234281,0.7099737174181607,low,0
S0055,2025-02-04,5,mid,5,48.47538419623675,0,1,4,1,1,4.411395367476239,0.0,10.86490860771061,0.6843577461691444,0.9602439334483366,0.2560615861493638,0.4334560534315046,0.0,0.25891743146068,0.30709640874815713,low,0
S0055,2025-02-05,6,mid,5,44.63850067771948,0,0,1,1,0,4.486781222109567,0.0,3.4030706392599592,0.8754785460988419,0.01791734083862595,0.5482496506918623,-0.8878271097362547,0.0,0.11560074734259174,0.6906658644055712,low,0
S0055,2025-02-06,6,mid,4,39.82126363337432,0,2,2,0,0,4.264080138926774,0.0,10.93718015801697,0.3826817668808681,0.26227824166289826,0.29653485367609056,0.20371332347414706,0.0,0.16435215235611844,0.4458738902715982,low,0
S0055,2025-02-07,6,mid,5,48.43307481101672,0,1,3,0,0,3.6342096918978806,0.0,5.900097001526627,0.7778292648002352,0.2528147869970194,0.8446296330240802,-0.42978691715841255,0.0,0.6030768968879645,0.9709762822654435,low,0
S0055,2025-02-08,6,mid,4,50.97191013311895,0,0,3,1,1,7.096540015231496,0.0,12.388673943336853,0.43308564226507484,0.16717295844399782,0.21153195198709274,0.07921225528421516,0.0,0.5889411891223602,0.8686359926559921,low,0
S0055,2025-02-09,6,mid,5,30.329171357498545,0,0,3,0,0,3.1042705193653983,0.0,13.025518151820338,0.989870683163845,0.28073474217542915,0.15902514557532343,0.5563891705979902,0.0,0.8390753349421332,0.3937952665191362,low,0
S0055,2025-02-10,6,mid,2,56.114195246136276,0,0,2,0,1,6.265547845468358,0.0,11.978585889025785,0.499632194069607,0.9329002404126815,0.013433355884779119,-0.009588732739411299,0.0,0.2534608239701601,0.7619294994178737,low,0
S0055,2025-02-11,6,mid,5,44.05957044854466,0,1,1,0,1,4.37373715314839,0.0,8.34423850952639,0.7221371784026575,0.8040434338588961,0.46892451229451293,0.5786902168887404,0.0,0.9351270509575684,0.9357874347648402,low,0
S0055,2025-02-12,7,mid,3,34.15150121358203,0,2,4,1,1,7.225989592066965,0.0,9.387256503192996,0.3218983193760594,0.8500866405361128,0.9631670486653929,-0.7545076133241784,0.0,0.4772356761420089,0.23079429103953153,low,0
S0055,2025-02-13,7,mid,4,47.58546503327024,0,2,1,0,1,4.432011848331054,0.0,8.520530512519244,0.913389645033844,0.44197334563583324,0.4028568391708034,-0.905329736704455,0.0,0.8843153211320398,0.7534081548564944,low,0
S0055,2025-02-14,7,mid,5,36.562736313088976,0,0,4,1,0,6.400981329624778,0.0,7.494804175073879,0.7964696911098172,0.7129592370404921,0.996078001993556,-0.04148474801430657,0.0,0.5613454773238284,0.40899242264509006,low,0
S0055,2025-02-15,7,mid,5,50.769074115960166,0,2,4,0,0,5.757761915973235,0.0,9.72150625448788,0.19140451828985416,0.5911070435525249,0.08424985262169937,0.6649716631921752,0.0,0.6682063508995996,0.5221102166030347,low,0
S0055,2025-02-16,7,mid,4,47.96120874580063,0,1,3,0,0,4.2642829578231485,0.0,11.386576192046483,0.2418741860871555,0.09261258802469785,0.9103242204019236,-0.34655331845559045,0.0,0.1718413527100473,0.9536449213713657,low,0
S0055,2025-02-17,7,mid,6,37.014532243724155,0,0,5,1,1,7.763144160635845,0.0,9.17947317801588,0.7302718310265631,0.9354856241717242,0.3766223083958945,0.5086702533366916,0.0,0.9688435317656056,0.33630902757443626,low,0
S0055,2025-02-18,7,mid,5,37.39595265867571,0,1,4,1,1,6.573723065345211,0.0,8.23129586366451,0.6116035216312187,0.13941735687543488,0.42646656287238927,-0.960939689134011,0.0,0.80226195576604,0.46105850907670587,low,0
S0055,2025-02-19,8,mid,5,37.32391445460622,0,2,4,0,0,6.380950471358492,0.0,10.206670711350663,0.21005616221286294,0.8848450660982248,0.3093564109653716,-0.9389688931025952,0.0,0.7870875556362003,0.9300175172525583,low,0
S0055,2025-02-20,8,mid,5,30.124651377127886,0,1,3,1,1,8.315070316865256,0.0,9.108417599065028,0.19868386271647487,0.8151121939843261,0.5021791097331857,0.8077810324200785,0.0,0.5657859322136682,0.44685458168055825,low,0
S0055,2025-02-21,8,mid,4,41.837032767320885,0,1,5,0,1,6.328337478223832,0.0,9.38220015199587,0.8525590216611222,0.8729265535914751,0.6090435408579532,-0.05663321663520193,0.0,0.36790640869012026,0.11969504597513081,low,0
S0055,2025-02-22,8,mid,6,25.552719675727225,0,0,3,0,1,1.0901928309077298,0.0,11.333064154251122,0.11575198370149076,0.7903070159658696,0.33817403820639735,0.945703589854322,0.0,0.7061826284813189,0.8397199347968404,low,0
S0055,2025-02-23,8,mid,6,65.32680015563355,0,1,2,0,0,3.0278327867926187,0.0,13.280719034355082,0.09116639255243375,0.09286797400874891,0.7362610760106546,-0.9432522784365365,0.0,0.8164092489684818,0.3664764492147162,low,0
S0055,2025-02-24,8,mid,4,32.26961361804903,0,1,1,0,0,6.4124766698794256,0.0,17.597595310849897,0.7548754506776693,0.7326465306143461,0.006278402546455841,-0.43631100268729783,0.0,0.9320129912766036,0.9602021670369151,low,0
S0055,2025-02-25,8,mid,7,49.89560507036839,0,0,2,1,1,4.224965881563621,0.0,7.78527226738381,0.6648921890525386,0.43633337117969906,0.3490582871819876,0.45361541188376897,0.0,0.8137200898216089,0.8692024680654618,low,0
S0055,2025-02-26,9,mid,6,40.60295285762743,0,3,2,1,0,2.0478477416106893,0.0,9.700561849981494,0.43428752377419766,0.6498865461339068,0.49184346981851124,-0.5029631375748964,0.0,0.387022224564624,0.594481593260136,low,0
S0055,2025-02-27,9,mid,4,54.01596079117067,0,3,4,1,1,6.78357943283544,0.0,12.313005389912945,0.15947296508299869,0.4600880879941748,0.6951980104421526,-0.18823181832315572,0.0,0.5644871001045498,0.759666312400847,low,0
S0055,2025-02-28,9,mid,7,45.810462840425394,0,0,4,1,1,5.338885814004477,0.0,14.200490908161854,0.33392188097849596,0.64045222226076,0.2253701480371012,-0.7262305659384358,0.0,0.5383306182832632,0.47862618815567726,low,0
S0055,2025-03-01,9,mid,5,33.149873440912884,0,2,3,1,1,3.6147579760236543,0.0,12.553207926306088,0.991902549194355,0.17639454246828523,0.7508600739333752,-0.2095614053849486,0.0,0.3568690670710145,0.285159229625653,low,0
S0055,2025-03-02,9,mid,6,42.13147524347776,0,2,5,0,1,5.185304504088565,0.0,11.59785921032902,0.8144216978183336,0.014190256495794973,0.6605348296493635,-0.6980231569298019,0.0,0.698556003279308,0.5701036588693167,low,0
S0055,2025-03-03,9,mid,5,30.929364818821963,0,5,1,1,1,5.733333144634938,0.0,8.255122760789053,0.37411508199127974,0.4797782678089779,0.06859323921840221,-0.5748524158710753,0.0,0.9536460345830929,0.41795048705533977,low,0
S0055,2025-03-04,9,mid,5,40.39976080719377,0,1,2,0,1,7.219616068721626,0.0,11.875759766820034,0.11434455800324572,0.9662457765878882,0.39451719708403776,0.8491792888036565,0.0,0.5396971360509019,0.644052000009694,low,0
S0055,2025-03-05,10,mid,3,41.37763815489519,0,2,3,1,0,6.956242126790135,0.0,14.655807253523783,0.8535941757711406,0.5185451341659922,0.7282920817482831,-0.12483387519763789,0.0,0.9839785300634951,0.5594110664886007,low,0
S0055,2025-03-06,10,mid,4,47.15987503193252,0,1,1,0,0,4.946307745308905,0.0,13.576440318640866,0.5854755006443275,0.6275977355223163,0.3731928942041949,0.4026500114887581,0.0,0.6081476200864536,0.35435873635572923,low,0
S0055,2025-03-07,10,mid,4,39.52264183864811,0,2,5,1,1,8.05939615987927,0.0,10.131076103819852,0.6424322734098624,0.21550286271292118,0.4333482361881832,0.05725050081892258,0.0,0.41895085728842296,0.23758150838627057,low,0
S0055,2025-03-08,10,mid,4,28.90942999412928,0,5,4,1,0,5.412570547466872,0.0,6.670095950544593,0.02300072155863142,0.18946512227577772,0.7122947228196413,-0.44621529234080115,0.0,0.4199622425512265,0.8320609672265722,low,0
S0055,2025-03-09,10,mid,5,34.257424823271094,0,0,2,0,0,4.3194515974057675,0.0,13.348046754925793,0.9753947375265535,0.975466742041046,0.12497834418760467,-0.0410558394712659,0.0,0.05336728260566459,0.35775726962677945,low,0
S0055,2025-03-10,10,mid,6,48.696731779746095,0,1,1,1,1,3.358341662233032,0.0,7.894503516729334,0.11089806804923452,0.9377866381857298,0.13100213150016193,-0.4743266632781413,0.0,0.33516398240691536,0.6246279640439408,low,0
S0055,2025-03-11,10,mid,5,58.867001751005375,0,1,3,1,1,5.131678702876949,0.0,9.931021352346322,0.4478013086822643,0.10278653912874314,0.6382445943674474,0.5868720140695016,0.0,0.5813082635651563,0.7748224123179056,low,0
S0055,2025-03-12,11,mid,5,26.2242189672451,0,1,5,1,1,4.276544455464759,0.0,11.32759613484915,0.992592467720301,0.419237171251714,0.2754513189443458,-0.9948012969419342,0.0,0.12502310411603845,0.7565090242323639,low,0
S0055,2025-03-13,11,mid,3,52.390049453910954,0,2,5,0,0,7.744209761492412,0.0,12.917493293341565,0.39588110915351526,0.7371587026887,0.9915666515186401,0.22389641465685672,0.0,0.6492838557600032,0.3738423855676818,low,0
S0055,2025-03-14,11,mid,5,55.26955085797252,0,0,3,0,1,6.56232772103728,0.0,11.032365883859883,0.4253414118168216,0.2039260790250479,0.569272809900136,0.9451148941331684,0.0,0.0753059387818773,0.003472238061101307,low,0
S0055,2025-03-15,11,mid,4,38.11413821889995,0,1,1,0,1,8.177402186247438,0.0,3.994322802957491,0.10840545797244305,0.39864403913577806,0.4349105139713342,0.33897669055289037,0.0,0.6575353033399012,0.5488744803596967,low,0
S0055,2025-03-16,11,mid,5,41.59449530353124,0,0,1,0,1,5.439398503788498,0.0,6.236941082156099,0.8503750144235958,0.7940661138786262,0.25315977997474615,0.7604785755519603,0.0,0.06962974302737968,0.33183877884636537,low,0
S0055,2025-03-17,11,mid,5,32.41833004840409,0,0,2,1,1,6.85966466734526,0.0,12.495938121221776,0.9258259870632598,0.8242375163338415,0.6395823696109467,-0.6193931289871235,0.0,0.5940504826068478,0.43468515787416984,low,0
S0055,2025-03-18,11,mid,5,38.75205121588123,0,0,2,1,1,3.455223322484765,0.0,8.502963634005347,0.20309678474827697,0.7829710183614684,0.4410634328944464,-0.13181713934825767,0.0,0.5248574027204211,0.08911232579868344,low,0
S0055,2025-03-19,12,mid,4,43.754376784634445,0,1,4,0,0,7.02153807402326,0.0,11.039007854425984,0.331917535044267,0.627552959817589,0.98887714676377,0.7035984329036695,0.0,0.779284683577158,0.43930020118257584,low,0
S0055,2025-03-20,12,mid,4,16.0096450675111,0,1,4,0,1,4.858389225255372,0.0,6.145378361536791,0.2521169395325783,0.36558169848328936,0.33258309193743385,-0.4620705346300613,0.0,0.38027635603217014,0.5052883693829332,low,0
S0055,2025-03-21,12,mid,6,43.96487983772959,0,0,2,1,1,4.94128744093501,0.0,14.243294695320037,0.06653538200291187,0.44038292396571,0.3982643690100719,-0.5077310363680045,0.0,0.3721032453414631,0.18835540309183496,low,0
S0055,2025-03-22,12,mid,2,32.832604980753715,0,2,5,0,1,5.3399351039097995,0.0,9.89916334490166,0.8563872446710644,0.7609020593356399,0.7197164386598031,0.1342230308868817,0.0,0.32909723245833067,0.4328534340392046,low,0
S0055,2025-03-23,12,mid,4,42.29951422285278,0,1,5,0,1,3.7140582894732326,0.0,9.536477003546342,0.6830289316541465,0.7737512575524629,0.9443024765674262,-0.1824645507717566,0.0,0.2580480554602833,0.9258080054638049,low,0
S0055,2025-03-24,12,mid,4,46.48040831086789,0,1,4,1,0,3.1933900439761356,0.0,10.562822132412363,0.1001429505561775,0.5715270272494303,0.31498097987517937,-0.777177680902357,0.0,0.3100026104832089,0.1906495458066646,low,0
S0055,2025-03-25,12,mid,4,40.6864316822592,0,1,3,0,1,4.655015093296372,0.0,5.633380129223084,0.4444989175518226,0.4764510644993979,0.3758801790415762,0.7603601132618403,0.0,0.8845840804116911,0.6579049322766107,low,0
S0055,2025-03-26,13,mid,4,39.42824016235414,0,3,2,0,1,0.0,0.0,12.277969143014907,0.6697524950076565,0.313545262541725,0.029865359219214183,0.4471392096950979,0.0,0.9422115946822812,0.3942635471942312,low,0
S0055,2025-03-27,13,mid,5,67.18174994369704,0,2,1,1,1,5.839983235934814,0.0,7.2741756374199955,0.5404577852417657,0.7742783203935619,0.09307331979988887,0.13297424233307398,0.0,0.4860693972099104,0.8546868765581009,low,0
S0055,2025-03-28,13,mid,4,34.13976613177995,0,0,5,0,1,2.003297207952899,0.0,14.44802059808589,0.5556233234207099,0.7246002290548825,0.9431935313244935,0.5446967309337796,0.0,0.31507376572504775,0.6718300471159877,low,0
S0055,2025-03-29,13,mid,5,53.53153967937965,0,0,1,0,1,3.5963680791631867,0.0,11.987242940139037,0.13905707502305098,0.7008860034768012,0.1404230086042012,0.9066313298655297,0.0,0.44582777078338365,0.03081505998730505,low,0
S0055,2025-03-30,13,mid,4,37.23786485501094,0,2,1,0,0,6.178358050575305,0.0,8.74844587218331,0.8282018634509479,0.7936100447174389,0.2937573636246966,0.5194545304393423,0.0,0.26181806249523976,0.30976165722630544,low,0
S0055,2025-03-31,13,mid,5,57.54199526513472,0,0,3,1,1,4.454380743979037,0.0,11.203110715150796,0.5593790306132187,0.9204990385888598,0.04547279053109665,-0.6108643743279742,0.0,0.3463149143816623,0.6784683995688591,low,0
S0056,2025-01-01,1,mid,3,40.03248334096989,0,2,3,1,1,4.924992613460894,0.0,13.891789536162921,0.4475720755906839,0.13525520152228443,0.6796582858962039,0.7680020763619304,0.0,0.6921078842874684,0.31688460284685194,low,0
S0056,2025-01-02,1,mid,3,64.17048096587345,0,2,4,0,1,4.7109205542766714,0.0,9.650356247573628,0.11945602327407245,0.05899782068165427,0.6909269418376096,0.18596611053333612,0.0,0.5644775811890766,0.581610826895166,low,0
S0056,2025-01-03,1,mid,2,41.218770378843885,0,0,1,1,0,6.587547842431693,0.0,13.347778106451692,0.052222216477939565,0.7249218030324875,0.9011226916716356,0.8604445934901785,0.0,0.6851934043951636,0.7865880365040907,low,0
S0056,2025-01-04,1,mid,3,27.99250461421524,0,1,5,1,0,6.9743788517148095,0.0,12.558039926287806,0.8288488036511041,0.8342224148811654,0.7795523805034251,-0.868146835541235,0.0,0.623203351476146,0.019789431981759975,low,0
S0056,2025-01-05,1,mid,3,46.631808679422896,0,0,2,0,1,9.049475132173436,0.0,8.973745212256269,0.08892259749457809,0.488533681544857,0.8195663407043189,-0.843607673240033,0.0,0.21703717507603537,0.7773010965053851,low,0
S0056,2025-01-06,1,mid,5,39.923039878765515,0,1,1,0,1,4.722041759972118,0.0,12.498442934677595,0.35946127382193604,0.9292574175986013,0.05283816011542286,0.5010802134405739,0.0,0.17750882624590292,0.46550129150108355,low,0
S0056,2025-01-07,1,mid,3,50.61850692888461,0,1,2,0,0,5.67315313816052,0.0,12.614029709098023,0.11802766526115471,0.3634726889934594,0.8114153411960101,-0.7193936035246853,0.0,0.2302653042911712,0.5414065231213139,low,0
S0056,2025-01-08,2,mid,2,34.76357319383061,0,3,4,0,0,6.607590719376287,0.0,2.301751715439601,0.17812831860834266,0.5844208594765088,0.9526532351818938,-0.8988822673114651,0.0,0.26128715396227453,0.6943811631540167,low,0
S0056,2025-01-09,2,mid,2,31.21495627955462,0,0,4,0,0,3.294376618587837,0.0,5.0995433426664585,0.2888655004388273,0.550543407413032,0.8717976094188538,0.5763468389233339,0.0,0.578987899493228,0.7242491088587129,low,0
S0056,2025-01-10,2,mid,2,46.931769827111374,0,3,1,1,0,6.265954290154591,0.0,8.395411687428112,0.5507479094428182,0.40411554298828045,0.14675708855608005,0.3440741801658336,0.0,0.8181573679496527,0.461094115433459,low,0
S0056,2025-01-11,2,mid,4,41.682356604836656,0,2,2,1,1,3.816949672812388,0.0,6.702344240678725,0.7593987953247905,0.9451053631666453,0.07790446801992634,0.3454538840846779,0.0,0.9431691117039657,0.102950452316242,low,0
S0056,2025-01-12,2,mid,3,35.12889804688358,0,1,4,0,1,2.6790213701305956,0.0,4.565910205360583,0.3076085192089061,0.4262704807672013,0.9896269183214795,-0.2731704605083225,0.0,0.6655097535505546,0.3196064333144788,low,0
S0056,2025-01-13,2,mid,2,44.32190732520733,0,2,1,0,1,5.877214989770369,0.0,8.066006913327401,0.9871458251748636,0.39000512556346445,0.8634973843299767,-0.2037926646829462,0.0,0.6567776555781616,0.48672544243330906,low,0
S0056,2025-01-14,2,mid,2,52.52272379416172,0,0,2,0,1,6.32179998012006,0.0,14.275720238797284,0.20881962477774185,0.2185158109135722,0.44582932458884994,0.5081085321106791,0.0,0.00392960408150278,0.044275266660976476,low,0
S0056,2025-01-15,3,mid,3,47.624542004995305,0,1,2,1,1,8.036850495309807,0.0,7.265796757824212,0.4561980822876971,0.7309289198737415,0.1933088813596826,-0.03086416166453443,0.0,0.37686635300136506,0.24505370047816777,low,0
S0056,2025-01-16,3,mid,3,68.40585385958953,0,1,3,0,1,1.0508016326817735,0.0,10.936710358022879,0.4069724681654876,0.17385508330114996,0.735103725778269,0.8965230479888713,0.0,0.7007439222328326,0.492284176925908,low,0
S0056,2025-01-17,3,mid,4,23.242511148982047,0,1,4,0,0,5.0162435682997755,0.0,13.653530147020945,0.4345967408325081,0.12089893539236118,0.5842066785115605,-0.8219772742059832,0.0,0.8659633720978842,0.3022827084085652,low,0
S0056,2025-01-18,3,mid,2,37.96131644021618,0,1,2,0,1,2.927466300928655,0.0,3.924803171937441,0.13006579679923014,0.13561305771810184,0.1012250208587655,-0.70691339682347,0.0,0.9001925578420774,0.6849525350170027,low,0
S0056,2025-01-19,3,mid,2,49.27265620271816,0,1,5,0,0,7.341389480868662,0.0,6.892936947225183,0.4544212862289887,0.76649755924534,0.8130652346751994,0.3144688100214499,0.0,0.4179726084710915,0.9884772503451602,low,0
S0056,2025-01-20,3,mid,3,25.58768675242604,0,1,4,0,1,7.95835009573542,0.0,9.395858036107809,0.9729586888505152,0.6293314567790491,0.8701407057474003,-0.3125533185421301,0.0,0.13685807536866135,0.832978800498214,low,0
S0056,2025-01-21,3,mid,2,52.56434782911536,0,3,4,0,1,5.977315592668259,0.0,9.285607129067879,0.5918891102026382,0.5096655880504019,0.8356617644905698,0.7789887570995104,0.0,0.7012490668976693,0.025036283229809775,low,0
S0056,2025-01-22,4,mid,4,48.64740332189053,0,3,5,1,0,9.498491011605507,0.0,7.971810750118294,0.4988878101758175,0.46111990523028923,0.18265446175078615,0.8869423203022346,0.0,0.7286550649612503,0.5667978423371616,low,0
S0056,2025-01-23,4,mid,2,31.925194136883206,0,0,1,0,1,4.449278209063648,0.0,12.121552490865021,0.028835515636407627,0.663225386569844,0.3447111773880783,-0.6167050076905547,0.0,0.10856445584464891,0.19602636204589763,low,0
S0056,2025-01-24,4,mid,3,38.572688697679155,0,2,3,1,1,4.235853912490423,0.0,9.849173917128857,0.2483140448221084,0.8113172933344144,0.6221910846019983,-0.43585348787659406,0.0,0.8419626380379117,0.7351613882231158,low,0
S0056,2025-01-25,4,mid,2,45.022935512530836,0,4,5,0,0,8.540706420136429,0.0,10.365781776465726,0.5203694601137206,0.4725482437703967,0.2833549546598302,0.5360641654857525,0.0,0.08939395306103526,0.2317234410859047,low,0
S0056,2025-01-26,4,mid,2,44.205521103080535,0,0,4,1,1,3.0618748498756965,0.0,8.236224566454482,0.28951359983166924,0.5440419822621522,0.02108109952099324,-0.8714370169933536,0.0,0.855739335195612,0.5223197373966306,low,0
S0056,2025-01-27,4,mid,3,44.503704270444494,0,2,3,1,0,3.631899696995707,0.0,8.693361622299241,0.551195730590837,0.12881497931543362,0.35738239339425837,0.15952214998425007,0.0,0.20755113571690353,0.4137752870065802,low,0
S0056,2025-01-28,4,mid,2,40.29495363422661,0,2,1,1,0,2.1211957673080826,0.0,11.231136320207552,0.6674689191948928,0.5254318938040661,0.9997522309574156,0.724645082806169,0.0,0.33663274193534476,0.5284824290976942,low,0
S0056,2025-01-29,5,mid,4,35.87675533015661,0,1,3,0,1,8.401004772747031,0.0,12.342153507385603,0.6171751476390236,0.08402809876520734,0.8295552640787399,-0.9230107828303857,0.0,0.6907749515759818,0.1413089718906685,low,0
S0056,2025-01-30,5,mid,1,46.349548984489566,0,2,2,1,1,4.135117355960869,0.0,6.230839736704357,0.18907114561022753,0.9043035038887705,0.25765534886755737,0.8389752249281954,0.0,0.9849430208509203,0.75480335642126,low,0
S0056,2025-01-31,5,mid,3,27.982940179252864,0,0,3,0,1,2.33578771772628,0.0,9.511791855543576,0.3761056303632574,0.5291228381359574,0.2295896170464108,-0.9477202867034973,0.0,0.25778842562093973,0.6825739704682092,low,0
S0056,2025-02-01,5,mid,1,57.72591165051358,0,0,3,1,1,0.3847681783927328,0.0,6.257851149520842,0.6237906851048259,0.44093335955088087,0.5889786719943285,0.7234059057802313,0.0,0.1420285248490737,0.2441473194415833,low,0
S0056,2025-02-02,5,mid,2,51.75051445555341,0,2,1,1,1,8.871643360791975,0.0,8.758360866947392,0.7107792247547741,0.6263101485938884,0.34056774861057804,-0.845565529012142,0.0,0.9321132870105966,0.19045716827712644,low,0
S0056,2025-02-03,5,mid,2,47.061446402912,0,0,2,0,0,7.352735200729317,0.0,16.3734601075529,0.24649279157678772,0.7082745942193351,0.5660500056724631,-0.19263413997904855,0.0,0.05213085257054084,0.3312637958482837,low,0
S0056,2025-02-04,5,mid,4,39.096224692906944,0,2,5,0,0,7.149654707649104,0.0,9.160775213424081,0.6310322396152528,0.6791488638627574,0.6364665809190768,-0.35319517104005826,0.0,0.8291912263319496,0.033741947387208926,low,0
S0056,2025-02-05,6,mid,3,43.69248905136472,0,1,1,1,0,4.676059200401485,0.0,14.21495647952959,0.4963123796693958,0.869861589065789,0.49272500717874224,0.35875914759267924,0.0,0.8093028881598029,0.9078812162556511,low,0
S0056,2025-02-06,6,mid,2,46.26957408423178,0,0,3,1,1,1.20211344080932,0.0,14.093856572304949,0.8777822836703864,0.0450106946264045,0.6379093427927587,-0.9050362622350718,0.0,0.11325515894283533,0.3687259348377919,low,0
S0056,2025-02-07,6,mid,2,40.27645568976542,0,1,3,1,1,4.908168768968495,0.0,11.244302860350224,0.3501376144133159,0.2539405893195755,0.04974086365929986,-0.643171756936475,0.0,0.09341506621846762,0.4941015546897811,low,0
S0056,2025-02-08,6,mid,2,69.95783411119007,0,1,1,0,0,6.357179734730058,0.0,10.12869988695245,0.6498328470640565,0.7734305088642885,0.0927017158854716,0.5218740011970173,0.0,0.9828488371354669,0.6574955612425847,low,0
S0056,2025-02-09,6,mid,4,41.079601789608084,0,1,3,0,1,4.2735540606345594,0.0,7.683978207202736,0.8559662302890301,0.31392803770534894,0.6113556149131265,0.8706404216479693,0.0,0.2599660564467252,0.1313653280757877,low,0
S0056,2025-02-10,6,mid,2,36.05358359451344,0,0,5,1,0,7.234421800331983,0.0,10.781431692513337,0.10027004793190819,0.6094176959666173,0.11564137092595628,-0.03572117746277059,0.0,0.46346237737297646,0.26515536493123404,low,0
S0056,2025-02-11,6,mid,2,51.114273079567646,0,1,4,0,0,5.392213580865978,0.0,12.133897410644037,0.9603486196737527,0.45759817411299486,0.19063476562504045,-0.25964804862379043,0.0,0.9289918956112903,0.11530767612429449,low,0
S0056,2025-02-12,7,mid,3,54.76901395244849,0,0,5,0,1,4.569512987026612,0.0,9.042360493317418,0.020229160348111397,0.885066235149491,0.44473854923937794,0.8503904168494079,0.0,0.4680993303350859,0.8621831063595694,low,0
S0056,2025-02-13,7,mid,2,48.70854762421203,0,2,2,0,1,5.584695420700455,0.0,9.743233070183999,0.6416166124708796,0.15356328824938725,0.0673378872334911,0.08980106674704191,0.0,0.7410740436698791,0.018063815375064074,low,0
S0056,2025-02-14,7,mid,3,41.41934200053894,0,2,4,0,1,3.798350817186373,0.0,10.414602268734917,0.5409642684142519,0.09872340981853334,0.33221489497981105,0.7213785173951666,0.0,0.8935273151405528,0.7672985305134441,low,0
S0056,2025-02-15,7,mid,4,26.345646746891,0,0,3,0,1,3.773905994634437,0.0,5.8709368421201855,0.11077460413201878,0.9983099563941763,0.2576027330268573,-0.7988327832146216,0.0,0.2052205694187038,0.5715564656701823,low,0
S0056,2025-02-16,7,mid,2,40.267143957263684,0,1,2,0,1,2.263111885396359,0.0,9.314373864198252,0.38482161553333694,0.4180882210916229,0.22433039098565566,0.27851148414925664,0.0,0.030854005302240917,0.1975646638392099,low,0
S0056,2025-02-17,7,mid,4,59.17664814634619,0,0,2,1,1,0.8947817181219841,0.0,11.002333528622785,0.9842723214881153,0.7373872269828269,0.2484298995173838,-0.5268734408195761,0.0,0.7741734934903923,0.3880109205294222,low,0
S0056,2025-02-18,7,mid,1,28.088527975570837,0,2,3,0,0,7.055982345991646,0.0,12.977809078263707,0.7940302901938885,0.269047319783027,0.41652088734032333,-0.5205833093084502,0.0,0.3085818901226971,0.9685084924838729,low,0
S0056,2025-02-19,8,mid,4,43.18026728677631,0,1,3,1,0,5.590596418974677,0.0,12.952664660405592,0.23098821461208086,0.2957171478225058,0.020399481204735892,-0.31291766715872793,0.0,0.899418141071708,0.07523530326584404,low,0
S0056,2025-02-20,8,mid,2,51.59193353417068,0,2,4,1,1,7.386516785185793,0.0,14.838585877484759,0.44223071802466574,0.2838012948767852,0.430833257591122,-0.7020861095730404,0.0,0.26190676535659274,0.4873854202791492,low,0
S0056,2025-02-21,8,mid,3,40.508159958311474,0,0,2,0,0,6.065986006442324,0.0,6.815293714102886,0.6585453100122807,0.6388849567785164,0.8783545072314064,0.45149964362933304,0.0,0.3274892802897742,0.3147928154515879,low,0
S0056,2025-02-22,8,mid,2,35.41141371128354,0,1,3,1,1,4.966169822653379,0.0,13.475434055657352,0.12735711089738244,0.6720730018620997,0.2230777421837724,-0.8363472494566815,0.0,0.2825716301495371,0.2968950020534672,low,0
S0056,2025-02-23,8,mid,2,52.612611325664545,0,2,3,0,1,5.555372910159928,0.0,8.710633306659838,0.5436381934642578,0.8166865135885557,0.3164032609761822,-0.03579710609034703,0.0,0.8235977197839108,0.8317813833585729,low,0
S0056,2025-02-24,8,mid,4,40.62790542856491,0,1,2,1,1,6.267429351834296,0.0,17.669268128719942,0.6564839254003796,0.2921190343756469,0.39216249904054734,0.61008809084636,0.0,0.3839796124709831,0.6535945173349046,low,0
S0056,2025-02-25,8,mid,3,48.72925844204032,0,3,3,1,1,5.8746718319800895,0.0,11.373132019902535,0.0626849459651293,0.2148303734974627,0.9389449307002757,0.4798123322753758,0.0,0.8343524047891457,0.5141232464035769,low,0
S0056,2025-02-26,9,mid,4,33.49212936239752,0,1,1,0,0,8.639048417302623,0.0,18.089761814529975,0.5907695497429704,0.11622365525292,0.9149229974755625,0.48411224631411587,0.0,0.13096410011265036,0.07934394378785825,low,0
S0056,2025-02-27,9,mid,1,57.35793601538553,0,0,5,1,1,5.406057309685737,0.0,8.534183324422088,0.7031254266423537,0.6293514544638996,0.8746761749922699,0.4975283046271335,0.0,0.1617269127369182,0.2501982738172671,low,0
S0056,2025-02-28,9,mid,0,36.94966415309367,0,1,1,1,1,4.027316748204499,0.0,7.2813982178803744,0.7076669639384412,0.6025712332676777,0.13638574362577494,0.9760973961897945,0.0,0.9377891233993442,0.2241172842546595,low,0
S0056,2025-03-01,9,mid,2,50.9939661061714,0,2,5,0,1,4.736626998688756,0.0,14.820508143317712,0.5669111978485807,0.8455576979362869,0.6986455376360908,0.05500655079060235,0.0,0.4612915959244017,0.12676565200176826,low,0
S0056,2025-03-02,9,mid,2,36.6606456323525,0,3,1,0,0,6.561102709485874,0.0,9.43295981091319,0.4673378176002905,0.87129662342327,0.017656450670396118,0.008735637338103341,0.0,0.9224522159175857,0.2612828857752453,low,0
S0056,2025-03-03,9,mid,2,36.75921103590696,0,0,5,0,0,0.16191789864261974,0.0,8.773493491622146,0.9221476386495957,0.8860146614868031,0.7480708911134119,0.3186166220780151,0.0,0.20434106023000342,0.6018262583796167,low,0
S0056,2025-03-04,9,mid,2,33.45114335788767,0,1,3,0,1,1.4909334877314184,0.0,7.552946420097206,0.566300376317086,0.3731305337423523,0.03469218498477766,-0.16473939966728213,0.0,0.19608966655108584,0.09991366518359457,low,0
S0056,2025-03-05,10,mid,3,52.47158164966331,0,2,3,0,0,5.5921124169830945,0.0,9.296566081267308,0.6037765497758473,0.5564143297470507,0.5046846646081359,-0.5693798432181938,0.0,0.969410444276991,0.9670446294744156,low,0
S0056,2025-03-06,10,mid,4,37.97075716885631,0,0,3,1,1,0.058118218202692695,0.0,10.49799129926495,0.11783114297379049,0.5930771429299544,0.2138436093822711,-0.1110404373902869,0.0,0.23101068983084772,0.8575852416265553,low,0
S0056,2025-03-07,10,mid,3,41.77879106326351,0,0,3,1,1,4.890402800638329,0.0,7.966926815936696,0.4597496265170642,0.9178048836993432,0.36992286837399724,0.7931893271648247,0.0,0.6150816437323074,0.3900980442327494,low,0
S0056,2025-03-08,10,mid,2,45.594350535176766,0,2,5,1,0,2.4581076730617584,0.0,10.908285671227752,0.2624920904379473,0.6248845291896271,0.6135862240850151,0.10944566696355529,0.0,0.7681393659872465,0.8146571979027818,low,0
S0056,2025-03-09,10,mid,2,40.09653434091786,0,0,5,1,0,4.723059201851572,0.0,6.766594017135041,0.7927361443890442,0.5007955755922623,0.9368243524869729,0.7967233524227193,0.0,0.47324917536335465,0.08295795576839815,low,0
S0056,2025-03-10,10,mid,2,58.63103753349496,0,1,4,0,1,6.172445169275152,0.0,8.012538731359962,0.11186255452454497,0.4726907811972283,0.5084681496558192,0.12745489621183292,0.0,0.3614390343656123,0.8561183548188198,low,0
S0056,2025-03-11,10,mid,2,25.757526595543197,0,0,2,1,0,1.6158724521065548,0.0,8.569279355786954,0.040129553773105675,0.7964317985012744,0.8201401786080039,0.8014278193700379,0.0,0.9798868692874079,0.11324278661272802,high,1
S0056,2025-03-12,11,mid,3,31.029613431939893,0,1,1,1,0,3.8466373575534174,0.0,9.889293612963236,0.5483618355825707,0.8699737669656148,0.9010181629474432,-0.3476167448214553,0.0,0.5587966086759943,0.7767974316097154,low,0
S0056,2025-03-13,11,mid,3,28.40046794984522,0,0,5,0,0,3.6517324721367173,0.0,13.990136973071143,0.3304422147666668,0.6396930465868197,0.23256488465219693,-0.27896575753519337,0.0,0.8151346119567534,0.21071498822020018,low,0
S0056,2025-03-14,11,mid,3,57.63006435148502,0,1,3,1,0,3.06159167476173,0.0,14.124954852005848,0.8107251943517226,0.22120493288559107,0.7143402532065306,-0.22916664328361125,0.0,0.6948613012790273,0.03242338963529312,low,0
S0056,2025-03-15,11,mid,3,43.976180198293015,0,1,5,1,1,5.217882470145574,0.0,10.560618770479595,0.5317846363302735,0.9794002354210168,0.19471876534103727,0.28314383559781375,0.0,0.6093810282736377,0.34045424491986054,low,0
S0056,2025-03-16,11,mid,1,44.120942843782935,0,1,4,0,0,8.770293705641961,0.0,10.039030336873765,0.19692999017803192,0.1272297179160361,0.9024219296465643,0.1818650466377909,0.0,0.49335087188299764,0.5211500356541103,low,0
S0056,2025-03-17,11,mid,3,43.45316674774469,0,0,3,1,1,6.97884032885447,0.0,9.236969279490602,0.5727980826348216,0.19156457304200958,0.054868926089992276,0.11018079897821464,0.0,0.566860511085983,0.8600676933004142,low,0
S0056,2025-03-18,11,mid,3,20.587733831215754,0,1,5,1,0,6.336100539161398,0.0,7.25929682087277,0.6822610774532164,0.6754210361580787,0.9076895495664157,-0.08625737943188061,0.0,0.7591372711709572,0.6682157127197883,low,0
S0056,2025-03-19,12,mid,3,49.726982333632094,0,0,2,1,1,6.737487902247385,0.0,11.233703529132551,0.43004914710559683,0.6367360090397318,0.9539494887790461,0.9176046292506828,0.0,0.07107761415375435,0.0018843449508305632,low,0
S0056,2025-03-20,12,mid,3,50.65703640441327,0,2,1,0,1,5.523531519025511,0.0,12.158114102411849,0.18026924729155103,0.5597920145678857,0.32816393838945124,-0.7056360603869476,0.0,0.18186944739479882,0.5592571578102024,low,0
S0056,2025-03-21,12,mid,4,48.1290804439901,0,0,5,0,0,2.3827050112658537,0.0,4.567195841337648,0.8840193742763941,0.6210403328996639,0.811925373038017,0.5515328818534722,0.0,0.5740920000818251,0.7478580879466146,low,0
S0056,2025-03-22,12,mid,2,63.58880556532325,0,0,3,0,0,1.6690481980752043,0.0,12.141868285891402,0.2053652058105695,0.03554886211172881,0.21252468175547978,0.07815749951162432,0.0,0.13962135774734685,0.02935556570916409,low,0
S0056,2025-03-23,12,mid,2,39.64976190421284,0,1,5,0,1,5.463234965396607,0.0,3.9925600417758513,0.417568504597267,0.8936241241401841,0.9998179441584153,-0.863224044027542,0.0,0.7320311359833183,0.36799862394825367,low,0
S0056,2025-03-24,12,mid,2,34.53226965251697,0,1,2,0,1,3.9525258085350954,0.0,9.584327513680627,0.34762499963701865,0.2928973302630966,0.9194652474201127,0.6135662517151785,0.0,0.16008813161220226,0.9315572403183691,low,0
S0056,2025-03-25,12,mid,2,61.96054674168966,0,2,5,1,1,3.563280048247563,0.0,5.690302322633633,0.1414145927689885,0.27981827554533767,0.747817877956384,-0.31190694869648006,0.0,0.20783489732484794,0.10844403856484153,low,0
S0056,2025-03-26,13,mid,4,31.4125966296372,0,0,3,1,1,4.637573023029752,0.0,10.026738067461347,0.45675278015392506,0.02181708482533673,0.5734860821408575,0.2654835619599656,0.0,0.20140833364373356,0.9864973213454409,low,0
S0056,2025-03-27,13,mid,2,57.547470489662345,0,0,3,1,0,5.525338796054543,0.0,15.194088171286893,0.013749349330529403,0.3058432329730367,0.06468666979227922,0.852229100111406,0.0,0.7946485934168029,0.983841683676411,low,0
S0056,2025-03-28,13,mid,2,55.1582400928185,0,2,5,0,0,8.488630499726133,0.0,14.130694789039543,0.399831331157004,0.7393151142899435,0.08134276763372783,0.45231792555841555,0.0,0.7307613136069561,0.5159433953813776,low,0
S0056,2025-03-29,13,mid,3,27.800760274957398,0,0,5,1,1,3.9378312460552722,0.0,10.039676356999813,0.21158518014975447,0.9335699722751704,0.8168244710530753,0.171912611777421,0.0,0.07673209185274821,0.13853710254393403,low,0
S0056,2025-03-30,13,mid,3,53.12469512171721,0,1,5,1,1,9.11059531499319,0.0,6.198799523159028,0.6011854512054094,0.003139916460562109,0.02745446036035737,-0.709469578375439,0.0,0.5111295551542567,0.4305265204071711,low,0
S0056,2025-03-31,13,mid,4,46.855532382819256,0,3,4,1,0,4.114175086570225,0.0,5.295764771620904,0.2706427877760039,0.21424659068459617,0.4409838063123913,-0.25678309109865305,0.0,0.42579102576602457,0.8080837584525994,low,0
S0057,2025-01-01,1,mid,2,45.517201368913916,0,3,4,0,1,3.4244139536283362,0.0,11.368169987411921,0.7129181452940373,0.9861252959746832,0.9595997374999224,-0.18161184363789973,0.0,0.8822597075903154,0.5913659363389828,low,0
S0057,2025-01-02,1,mid,2,47.458459597737466,0,2,5,1,1,4.741615032441748,0.0,14.202877833187303,0.887593111672327,0.24761093276395107,0.8009059206273234,0.42382063153502214,0.0,0.014441172398682256,0.563334608845687,low,0
S0057,2025-01-03,1,mid,2,49.86165237604515,0,1,2,1,1,3.6786863061875437,0.0,10.563154622812043,0.1377951401980082,0.552089180690467,0.18117288202400228,-0.002617657582403954,0.0,0.6900292989276751,0.8097717089074284,low,0
S0057,2025-01-04,1,mid,3,38.63039183143887,0,0,2,0,0,7.501386182888462,0.0,10.168675497786278,0.10643141965147063,0.8276807581905714,0.452768395747439,0.6465432054448683,0.0,0.958387710036401,0.15965260930152791,low,0
S0057,2025-01-05,1,mid,1,52.42266055016838,0,0,4,0,0,4.909681852252439,0.0,14.165764519541117,0.6734487526091242,0.14595483762822503,0.667469194541961,-0.5398073811494348,0.0,0.11734997898245048,0.13466097620599315,low,0
S0057,2025-01-06,1,mid,2,40.915992090191,0,1,1,0,0,5.356105579518951,0.0,6.69210175931265,0.04593596618444262,0.9369927338782191,0.06183667028616102,-0.2174988893146812,0.0,0.8939698175010442,0.9483783204927172,low,0
S0057,2025-01-07,1,mid,1,14.317805400053317,0,1,1,1,0,5.44702292051991,0.0,8.861004358185053,0.09496188771892233,0.7328131954428719,0.889385095197193,-0.3006092358186374,0.0,0.3123695837559468,0.9329978513967588,low,0
S0057,2025-01-08,2,mid,2,39.00869357067542,0,2,4,1,1,4.136872130356277,0.0,11.246872667740762,0.6466835066166392,0.8509834331953974,0.09427252884122095,-0.5108266839584494,0.0,0.9779800497686602,0.4618753780536854,low,0
S0057,2025-01-09,2,mid,0,49.305644669661945,0,1,1,0,0,3.9736298685365856,0.0,7.221975657266295,0.07658642450446862,0.8484011563136163,0.7247754521946763,-0.12502599352495158,0.0,0.43001526608936436,0.16637179808135938,low,0
S0057,2025-01-10,2,mid,3,42.764346721798695,0,0,3,0,0,5.290466784162548,0.0,13.369677582894642,0.6504512511457633,0.5967919802920948,0.16900701686010244,-0.9235127746277174,0.0,0.24320157199255932,0.9908916198025732,low,0
S0057,2025-01-11,2,mid,3,43.559035576409116,0,0,5,1,1,6.4576451256642855,0.0,13.792779651538648,0.6763098884305904,0.2365702834892348,0.39962263427452804,-0.4832406194825123,0.0,0.06812592947342677,0.2039411870120753,low,0
S0057,2025-01-12,2,mid,3,36.52487303066511,0,2,1,0,0,3.897228643210035,0.0,7.829753004246627,0.9869176491252277,0.7286799417933217,0.7828504747379101,-0.9398816797352607,0.0,0.3821339398108915,0.55524887709238,low,0
S0057,2025-01-13,2,mid,3,43.46573132605503,0,0,5,0,1,6.605372362413809,0.0,9.84211164514181,0.24985347085554788,0.6424082359350876,0.6990542697836722,-0.42547649461831094,0.0,0.36725721129381117,0.551451154305333,low,0
S0057,2025-01-14,2,mid,2,20.936686423695274,0,1,3,1,1,6.755130052665909,0.0,7.474688439602529,0.047982394760122005,0.9836393953563223,0.2738295205869714,-0.3596044439302035,0.0,0.24788488784255092,0.6023907798824866,low,0
S0057,2025-01-15,3,mid,3,38.017749199933405,0,0,3,1,1,4.54108077800199,0.0,6.580180266448625,0.4446841660247983,0.9609157976811618,0.795257100050577,0.6180891902764452,0.0,0.3681104084078308,0.6955300587628178,low,0
S0057,2025-01-16,3,mid,3,39.70618409510564,0,2,4,0,0,4.281172902306,0.0,13.095709847097941,0.36340407438703237,0.7940633902315788,0.24126972470623387,0.4340769822744235,0.0,0.07708695711629032,0.6356250637591676,low,0
S0057,2025-01-17,3,mid,2,51.85661100695442,0,1,4,0,1,5.000264479994819,0.0,9.904874829563129,0.41927816058215517,0.5327030616730226,0.7153122812823517,-0.4332178945979761,0.0,0.5052596768465978,0.25338875028622454,low,0
S0057,2025-01-18,3,mid,0,39.609034210064664,0,1,1,0,0,4.248626709617623,0.0,14.633397833471538,0.7656991529733711,0.24304762573832583,0.9031450642008787,0.5769351970919896,0.0,0.7325727802324149,0.8048532300603002,low,0
S0057,2025-01-19,3,mid,1,39.58534402020677,0,0,1,1,1,2.8894792265848177,0.0,12.548868280478912,0.4593178994346546,0.5389101228964761,0.4582341587372808,-0.8322126868848978,0.0,0.7374744386284878,0.2399902077606364,low,0
S0057,2025-01-20,3,mid,3,49.03762589161246,0,2,3,0,1,2.7476013371447023,0.0,9.695927894586104,0.421925884745719,0.7485603561765523,0.855791716618471,-0.8376978403239876,0.0,0.24389901293873428,0.9619633025905353,low,0
S0057,2025-01-21,3,mid,2,43.82895837665228,0,0,5,0,1,2.819041419585188,0.0,4.371041649822331,0.6471239930346191,0.17287133261309273,0.8278146214452561,0.8773404408057879,0.0,0.09798860614154536,0.022455681055802312,low,0
S0057,2025-01-22,4,mid,3,39.311873076391215,0,0,2,0,1,4.17689912313679,0.0,4.2132475080989344,0.22392309925339815,0.5616653823771726,0.7569950814404183,-0.14319915278052497,0.0,0.3837305967452974,0.2517646029071937,low,0
S0057,2025-01-23,4,mid,1,31.005492291210018,0,0,2,1,0,6.245065326954709,0.0,12.624627237151778,0.5641610495695367,0.4498132522315518,0.6652746436267345,0.1684263278794742,0.0,0.7339110716370888,0.9938430053320368,low,0
S0057,2025-01-24,4,mid,1,32.55761974675124,0,2,4,0,0,5.414803615477212,0.0,8.397647982758805,0.7706436470194115,0.4493069886164782,0.3939094696878319,0.19354371424398042,0.0,0.5514539522664452,0.4901706911184498,low,0
S0057,2025-01-25,4,mid,2,49.22681287472443,0,4,4,1,1,4.448540513746929,0.0,7.6341348323244365,0.41280413564618434,0.7610294165349256,0.14813058033186444,0.6336811526757526,0.0,0.4428916595164145,0.7999579230227235,low,0
S0057,2025-01-26,4,mid,2,44.92236850099988,0,1,5,0,1,6.123935845944089,0.0,5.366254512403797,0.43461277549082233,0.2782807436221122,0.4096422593579844,0.9324852706197009,0.0,0.021032565064954878,0.14697450270930146,low,0
S0057,2025-01-27,4,mid,3,42.25508716997513,0,0,3,0,1,7.217867211709344,0.0,9.665000220960144,0.05282861275969386,0.16381329567919867,0.2576936686594936,0.7763172537745475,0.0,0.35404095634792054,0.18689672528983148,low,0
S0057,2025-01-28,4,mid,2,54.565852369227024,0,0,4,1,1,3.4348662811369612,0.0,7.599896787612371,0.13393911851612372,0.1579654581515636,0.5019713932230635,0.8794835866935373,0.0,0.697200450761806,0.6575784571678969,low,0
S0057,2025-01-29,5,mid,4,40.02062608668659,0,1,2,0,0,5.1468017132212145,0.0,13.299804823711096,0.1617294752195786,0.9872599757454935,0.6556711967264288,-0.702628892257789,0.0,0.7400499779747322,0.4391558691674905,low,0
S0057,2025-01-30,5,mid,2,53.11675209503903,0,1,1,0,0,4.934435263437024,0.0,6.733040620094187,0.5730582308334122,0.9067499870164563,0.9197193310782971,-0.8797509806394166,0.0,0.6318811285292703,0.7963907450592507,low,0
S0057,2025-01-31,5,mid,2,45.81958140385732,0,0,1,1,1,4.30729584659516,0.0,3.2731839426495046,0.21849420238700712,0.5033415515112717,0.12447595380894372,-0.9967180329382954,0.0,0.6982024182993346,0.8345482993210089,low,0
S0057,2025-02-01,5,mid,1,49.01999591626199,0,1,1,1,0,5.187327408022888,0.0,10.721151689417196,0.6969974599141742,0.1025033916938235,0.23294892906927034,-0.21770629141092446,0.0,0.20523464648573575,0.8094602110302023,low,0
S0057,2025-02-02,5,mid,1,49.40586047615746,0,2,3,0,0,4.310091725855139,0.0,10.391591271881714,0.004646776240027406,0.5940015794594683,0.9764992988602612,0.047998979106626205,0.0,0.35389438091756653,0.9389259355340039,low,0
S0057,2025-02-03,5,mid,3,42.81227031722048,0,1,3,1,1,7.5705095245931835,0.0,13.104110270131141,0.8801127624996188,0.4157844044467194,0.2950053436194984,0.2531217247352897,0.0,0.7249250698700586,0.1709792766425574,low,0
S0057,2025-02-04,5,mid,2,37.9276058449102,0,0,5,1,1,5.627832086519735,0.0,11.3949345978687,0.3101154788900726,0.9693385275437688,0.9190687570248879,0.2600726197195382,0.0,0.509978023873925,0.516420167200611,low,0
S0057,2025-02-05,6,mid,2,62.29721070074255,0,2,2,1,0,5.000925515274093,0.0,8.176143376114249,0.7474337507131936,0.10370474819212283,0.7770869562451689,0.2950045450423835,0.0,0.9849553029516246,0.14086579751327655,low,0
S0057,2025-02-06,6,mid,3,46.48648884768765,0,1,2,1,1,5.084463959087451,0.0,7.985400112432918,0.6785081349574901,0.7454233978711896,0.5039187934570891,0.1498110728351849,0.0,0.45368057062192946,0.7232601333394941,low,0
S0057,2025-02-07,6,mid,1,36.9912654264787,0,0,1,1,1,4.080642682795744,0.0,14.99451999212075,0.5132149585758302,0.5790319219912614,0.2756600889133334,-0.807256201218336,0.0,0.018659352523677897,0.43092210373700224,low,0
S0057,2025-02-08,6,mid,3,31.252748917388267,0,1,4,1,1,5.123717387038534,0.0,9.257157269324924,0.8681037132409403,0.043715167122635346,0.29069417797787855,-0.5841023227227637,0.0,0.9980960736094993,0.9856243362363589,low,0
S0057,2025-02-09,6,mid,2,42.20462537007585,0,0,2,1,1,6.029378871958686,0.0,10.314802885062184,0.5529110627819684,0.7117421272806844,0.5754159621053728,-0.7903284377677389,0.0,0.946464010689174,0.07198493559839825,low,0
S0057,2025-02-10,6,mid,2,39.82042834933723,0,3,4,0,0,4.306138027136954,0.0,8.829467669668112,0.7222177168312464,0.4352772728632365,0.8422681165290627,0.058291640658031385,0.0,0.28270214056464116,0.6793083267282066,low,0
S0057,2025-02-11,6,mid,3,44.31009307380371,0,1,5,0,0,4.13664544032443,0.0,11.490761831356672,0.06742363311083965,0.790957520381636,0.6404463543909258,0.6070080517933074,0.0,0.5665967601471509,0.4285378933083749,low,0
S0057,2025-02-12,7,mid,3,43.198923994892375,0,1,5,1,1,3.9393694771227192,0.0,8.659770869054059,0.3565935802578384,0.5626225780576194,0.7199798483344162,0.8056075943342855,0.0,0.15854763317187814,0.5782835149154907,low,0
S0057,2025-02-13,7,mid,1,67.44386914920497,0,1,3,1,1,5.463797080671951,0.0,13.241003911712697,0.15620965657586117,0.958701488944178,0.6226999319575273,0.6149492494135584,0.0,0.05502177533563102,0.8968253781713157,low,0
S0057,2025-02-14,7,mid,4,56.40335077455311,0,0,4,1,1,2.6463758689878074,0.0,6.4886733873967355,0.1756711529431464,0.7205764514179916,0.15762734209095486,0.27242557458468464,0.0,0.6653613387012587,0.2866349132604713,low,0
S0057,2025-02-15,7,mid,5,43.625990108742826,0,0,1,1,0,4.190982245879063,0.0,13.03420142886841,0.45717019220428956,0.5117940058121316,0.8251667279860974,-0.8479992384853279,0.0,0.5511242670892074,0.43056823918462506,low,0
S0057,2025-02-16,7,mid,1,31.88180113389536,0,1,4,0,1,5.311232801358799,0.0,15.406099744715732,0.6212327390244351,0.3988308556446646,0.7186166367614364,-0.06829639854951797,0.0,0.22271311404293515,0.8169302184747269,low,0
S0057,2025-02-17,7,mid,3,58.11748635106032,0,1,1,0,1,5.621714079058618,0.0,9.040255304845086,0.29091933068310305,0.1723862099544694,0.5368927403640806,-0.8502825947178299,0.0,0.7104223980666204,0.8413449380601421,low,0
S0057,2025-02-18,7,mid,3,34.506448397997616,0,0,1,0,1,0.549978362071351,0.0,9.954106894733922,0.21067304913596474,0.21345430803242804,0.3869702400899242,0.3636715617392423,0.0,0.3371491688412267,0.3260171191666176,low,0
S0057,2025-02-19,8,mid,3,44.74893524104937,0,0,5,1,1,4.272522382156439,0.0,13.509031265076374,0.05405845915505236,0.888899096832655,0.39899197230270755,-0.0409058132876543,0.0,0.08569518952841348,0.6925412169958686,low,0
S0057,2025-02-20,8,mid,2,61.14452053433895,0,1,4,0,1,5.8584793432014,0.0,7.586863855192233,0.06710731259027125,0.4034100244232539,0.841710043807598,-0.07808095495719414,0.0,0.03361343328465227,0.24032864368798712,low,0
S0057,2025-02-21,8,mid,2,37.05404253221618,0,2,3,0,0,6.518599388613429,0.0,5.328180192612214,0.4636209918427777,0.3380826191976726,0.7170251706031577,-0.22594060273696548,0.0,0.9084150443393493,0.5316943948416615,low,0
S0057,2025-02-22,8,mid,0,42.869848583457944,0,0,1,0,0,3.0467318654132165,0.0,12.553269656180603,0.13282270642643346,0.49515968607007876,0.19295135768791583,-0.5447704057174192,0.0,0.6344318010928014,0.5148353527227018,low,0
S0057,2025-02-23,8,mid,3,47.71931951457463,0,1,4,1,1,4.279595747535781,0.0,9.010911142621257,0.07794060631429756,0.2418063427128999,0.14631623216240652,0.5972827459892192,0.0,0.23997169014422837,0.5162076078032655,low,0
S0057,2025-02-24,8,mid,3,56.32025797351045,0,0,1,0,0,4.940678423309868,0.0,10.800186734281898,0.5387889771611545,0.257582599234632,0.33914745994372264,0.3091760587376633,0.0,0.34172687530500023,0.7185479302294927,low,0
S0057,2025-02-25,8,mid,3,37.23340496800082,0,1,1,0,1,6.426055468383053,0.0,6.764079599050483,0.5527056626815586,0.4951077525183468,0.5409065537247928,-0.45559973904033857,0.0,0.03708063848330645,0.7591639607454838,low,0
S0057,2025-02-26,9,mid,2,53.53345421035266,0,3,1,1,0,4.131932421678013,0.0,13.8335829940754,0.8419115452601051,0.009050472721289116,0.7997472018548702,0.37608032541844927,0.0,0.3796780997618201,0.7915858279214585,low,0
S0057,2025-02-27,9,mid,2,41.591961018751206,0,2,4,1,1,6.439644153814677,0.0,14.106822125971126,0.9409210674737084,0.4821371307292762,0.8802446598175745,0.23916787935974448,0.0,0.73746667884871,0.4648321851134215,low,0
S0057,2025-02-28,9,mid,1,59.9931695265782,0,2,5,1,0,6.34234248376983,0.0,9.609705862355458,0.8245720242591132,0.7469167283854643,0.24124413262360112,-0.27447598819068597,0.0,0.8489807315624607,0.023139766499565395,low,0
S0057,2025-03-01,9,mid,2,58.64878748126907,0,2,2,1,1,4.682598619753259,0.0,9.725191037225535,0.8329794316251632,0.039456196097414464,0.9459791231445043,-0.7777636158712777,0.0,0.8576346476790055,0.23724322224909844,low,0
S0057,2025-03-02,9,mid,1,57.739070332536095,0,0,5,1,0,4.253805481196423,0.0,9.22979009159507,0.3525879938713512,0.713544105958214,0.3396310556329344,-0.38143986568045585,0.0,0.48806572949883453,0.02120014362069622,low,0
S0057,2025-03-03,9,mid,3,44.948486538777146,0,1,1,1,1,6.428957638171292,0.0,8.032298258981339,0.8491993380600145,0.52931576662535,0.019697026971121523,0.7874300464090962,0.0,0.38276522602397567,0.039680534188093364,low,0
S0057,2025-03-04,9,mid,2,57.524081902460864,0,0,3,0,1,2.6222847444487685,0.0,14.181556841950076,0.8481632553821655,0.45826938721360133,0.5365147537480331,0.7779925166703674,0.0,0.7685756311269442,0.8088435715719168,low,0
S0057,2025-03-05,10,mid,4,44.09704929736689,0,0,3,0,0,8.135842370635734,0.0,11.90714767938358,0.19754709781784097,0.1666920150322737,0.6822876967739255,-0.6655576438812447,0.0,0.5130356454149851,0.2625204160436939,low,0
S0057,2025-03-06,10,mid,3,34.173626114353915,0,0,2,1,0,3.671482820231737,0.0,10.774245129077956,0.8903666189780993,0.04116640772411129,0.14302860848178178,-0.4446394903959161,0.0,0.10060257171711628,0.9115219778877812,low,0
S0057,2025-03-07,10,mid,4,52.26352255220411,0,3,4,0,1,2.8345020704766655,0.0,13.19927277482378,0.09341345948829916,0.7780870659288138,0.217879413959585,-0.11812583414841149,0.0,0.5308590667143719,0.6854423179362207,low,0
S0057,2025-03-08,10,mid,4,43.74917425369449,0,2,3,0,0,7.983236851383209,0.0,12.52503664675292,0.6122863999249041,0.5544095244639364,0.0812750788082478,-0.7434155229222308,0.0,0.041034011245930424,0.8124309798841954,low,0
S0057,2025-03-09,10,mid,2,28.3261950379206,0,3,4,1,1,6.067485341335334,0.0,7.894430621397607,0.7834227190544623,0.04638958366359014,0.5468117537246384,-0.7297091081352314,0.0,0.4995541273002818,0.34792980869988954,low,0
S0057,2025-03-10,10,mid,3,50.628974831850584,0,0,1,0,1,5.166403817496885,0.0,9.083211338659073,0.003314403397516763,0.5045035083313951,0.7365595847471672,0.2427019157052872,0.0,0.6276350964661471,0.3266044944204285,low,0
S0057,2025-03-11,10,mid,3,48.711118030057314,0,1,3,0,0,3.771836140133016,0.0,17.282878621833184,0.4172713324109394,0.40764129197798427,0.6328568606510329,0.795168234043881,0.0,0.6500596519780011,0.2643697368373993,low,0
S0057,2025-03-12,11,mid,2,26.069750590446727,0,0,5,0,1,2.4149064560585516,0.0,5.583353401385805,0.4960089644504292,0.40200137877543407,0.16844103557433832,-0.5379459612188917,0.0,0.33082626395172887,0.019890508427114373,low,0
S0057,2025-03-13,11,mid,4,39.88056861932758,0,1,2,1,0,5.541400492127577,0.0,6.584751615748508,0.6724004124562467,0.29473640120988986,0.2779820189719684,-0.9587032984625752,0.0,0.28494626761484354,0.959311588873448,low,0
S0057,2025-03-14,11,mid,1,35.19241875663842,0,2,5,1,1,5.609532650509346,0.0,12.014517278169153,0.4972728897302743,0.24644585346410575,0.44599169479371326,-0.15551893347837153,0.0,0.9626776922337739,0.03694665374521511,low,0
S0057,2025-03-15,11,mid,1,34.806528578200435,0,1,1,1,1,7.162371043977648,0.0,11.47490951698314,0.06617609831491555,0.4361849792744925,0.784206836470232,0.5366037275826074,0.0,0.07364055927293556,0.011395589642960169,low,0
S0057,2025-03-16,11,mid,2,48.57269208498345,0,1,3,1,0,6.1741908041917215,0.0,8.862998373141357,0.45143894857274014,0.6944164578934963,0.8999811575952446,-0.4168089526152723,0.0,0.1357635621790817,0.5404598432603397,low,0
S0057,2025-03-17,11,mid,4,40.302498084750034,0,0,5,0,1,4.3303382983136975,0.0,9.366500800773856,0.5568887963569144,0.5376195462534835,0.6319141723481814,0.9334051307440534,0.0,0.3234871845364745,0.35957137658146054,low,0
S0057,2025-03-18,11,mid,4,30.282066187530095,0,1,1,1,0,8.038687061397646,0.0,12.302042708681,0.2767297228511433,0.9114920933345287,0.0351627219430064,0.19139376965463484,0.0,0.8123500519306939,0.866285480329225,low,0
S0057,2025-03-19,12,mid,2,25.529656359295565,0,0,5,1,1,2.758255463834658,0.0,7.930005572219528,0.2516924766545665,0.68478565707439,0.7257972780688937,-0.5670138404243403,0.0,0.2399899599109151,0.3233890828514163,low,0
S0057,2025-03-20,12,mid,3,43.705344788432726,0,0,4,0,1,5.5652410891851725,0.0,11.156752795105918,0.10264896687654745,0.29086288055413345,0.27111652600484837,0.06852069709327124,0.0,0.1199653581742891,0.8162636371578761,low,0
S0057,2025-03-21,12,mid,3,49.14964354394101,0,0,4,0,1,5.7318271556449805,0.0,10.620583065253514,0.15515658522799658,0.22441381985171405,0.44153130419333875,0.4966047048018494,0.0,0.658697022053559,0.3275335810060329,low,0
S0057,2025-03-22,12,mid,2,44.25355111978426,0,0,1,1,1,7.68275265103115,0.0,7.589657317700036,0.4356905854110539,0.06317372599460747,0.347391733151325,-0.7806066109139747,0.0,0.21188578756498488,0.12931763170992638,low,0
S0057,2025-03-23,12,mid,1,51.84193086719998,0,0,2,0,1,4.814435725794004,0.0,7.852861159011112,0.09911965198526673,0.9057311320953739,0.8293291184033433,0.23952257894805906,0.0,0.4524396929677499,0.4541954019645855,low,0
S0057,2025-03-24,12,mid,4,42.60396912451445,0,0,3,1,1,5.289953190094169,0.0,12.265615418688867,0.6669469992384283,0.4541187352966374,0.35539799051511967,-0.7742923952614642,0.0,0.22361572295366117,0.5876321793526238,low,0
S0057,2025-03-25,12,mid,2,41.42890997693811,0,2,5,1,0,3.7010475048784928,0.0,9.23322247349499,0.7141269653282362,0.9019671502231753,0.3189969439314979,-0.4692822745080907,0.0,0.7148594390371984,0.7282038340778642,low,0
S0057,2025-03-26,13,mid,3,52.08970969573666,0,1,3,1,0,2.4405509414416193,0.0,8.036443409282425,0.9680846389330361,0.7898165349846519,0.7612441415334618,-0.8451361131859363,0.0,0.1920236062239159,0.018517961517369175,low,0
S0057,2025-03-27,13,mid,2,54.1492710425987,0,0,1,0,1,5.093447550173548,0.0,13.906645196408457,0.5724639731189186,0.1325945373361186,0.27664451081564645,-0.7579954688450581,0.0,0.21437249890703347,0.3945282331530403,low,0
S0057,2025-03-28,13,mid,4,54.15816222554337,0,1,2,1,1,5.26189959136447,0.0,6.182424273743135,0.625254550311821,0.4201997720682389,0.26639259812651706,-0.8656158428432554,0.0,0.04979312898239485,0.04082010297478178,low,0
S0057,2025-03-29,13,mid,5,53.02143665560292,0,0,2,0,0,3.894005324959222,0.0,9.247496994007513,0.11350565894951581,0.8395351673405025,0.24959950737485537,-0.354890121853652,0.0,0.1735847428492373,0.4042140384321954,low,0
S0057,2025-03-30,13,mid,3,46.30352295940786,0,1,5,1,0,5.813818436058385,0.0,9.529303561902733,0.6585413415705287,0.4761368746876343,0.23057869081902915,-0.816123011056926,0.0,0.18817430884506103,0.5700323002871469,low,0
S0057,2025-03-31,13,mid,2,45.10800081038403,0,1,3,1,0,1.6355059337713191,0.0,11.769619430874537,0.7128402647342271,0.8801061173878931,0.2964676533310271,-0.35097683752116016,0.0,0.4385487054484807,0.21728977178156839,low,0
S0058,2025-01-01,1,mid,2,46.200659482129254,0,3,2,0,0,2.8203214101532246,0.0,9.548914157914064,0.2532131594577748,0.0990124060345533,0.3349667677760443,-0.38278509546672046,0.0,0.7776328846318789,0.9867362644946306,low,0
S0058,2025-01-02,1,mid,2,53.88208130823209,0,0,3,0,0,5.254071030428911,0.0,10.980988352769701,0.9193190029525001,0.2002625698133036,0.4911602486097254,-0.9310361391625306,0.0,0.677052151914907,0.7840162680089244,low,0
S0058,2025-01-03,1,mid,2,46.97869579726012,0,0,5,0,1,4.261226706608185,0.0,7.334976726546069,0.9971843686049139,0.8610436618668207,0.6207695199289404,-0.38230948643218343,0.0,0.1640431007477321,0.7439112863524595,low,0
S0058,2025-01-04,1,mid,2,31.700777570894857,0,1,5,0,1,2.7534978484595065,0.0,9.858551773470463,0.6078108037731873,0.9302542794146765,0.9573880979447257,0.439541809331647,0.0,0.4935734912974119,0.1866837497314917,low,0
S0058,2025-01-05,1,mid,4,59.464192517652634,0,0,1,1,1,7.019531950924176,0.0,16.53028055355302,0.29116035434541776,0.4462034799907506,0.7396510254286001,0.25416006213820985,0.0,0.4817407392691434,0.2723164486277253,low,0
S0058,2025-01-06,1,mid,4,59.79117454691879,0,1,2,1,0,1.4981532140322278,0.0,8.954028182863519,0.2982268992260022,0.37070921405317303,0.32066314317615685,0.32441298916319106,0.0,0.007451204366029418,0.36627237068078533,low,0
S0058,2025-01-07,1,mid,4,65.4542935957241,0,1,4,1,0,4.603708316007586,0.0,10.299807705977743,0.7362525590212183,0.5048952311065252,0.7828574031656477,0.7104738754360858,0.0,0.76775845107217,0.07807491518734999,low,0
S0058,2025-01-08,2,mid,1,40.74724372188098,0,2,3,1,1,2.378639711588541,0.0,9.579691874318472,0.6082130757274076,0.6103726742603278,0.3164345337321437,0.23364443323790085,0.0,0.11654717950839999,0.6340084179530797,low,0
S0058,2025-01-09,2,mid,2,54.54503288351886,0,2,5,1,1,3.764249054312762,0.0,9.65535699641569,0.8374252886458681,0.7300596094804495,0.9217475147201544,0.0034138059089567907,0.0,0.10327253342248877,0.5839854567647166,low,0
S0058,2025-01-10,2,mid,3,56.63932375000542,0,0,3,0,0,6.832832674052037,0.0,7.419457870431598,0.4007779179836035,0.7063117421249359,0.12639120436046436,0.10702180335614608,0.0,0.3794608422368547,0.9973050626606006,low,0
S0058,2025-01-11,2,mid,4,53.496174568646275,0,0,3,1,1,4.335354952639864,0.0,10.340198625229293,0.4417352890268016,0.5511761511012114,0.6650924308080446,-0.4175807525730084,0.0,0.6779127619540366,0.3958548049127256,low,0
S0058,2025-01-12,2,mid,2,50.86982263537641,0,0,4,0,1,4.881390596421342,0.0,10.236554249405447,0.942881769425601,0.7441869352702115,0.59056663899575,-0.9744981963998918,0.0,0.0519082161404375,0.772447990194043,low,0
S0058,2025-01-13,2,mid,1,51.49309953731427,0,1,4,0,0,7.185505872697734,0.0,11.635154573860202,0.7693616089489035,0.8128340276080288,0.4602621393379639,-0.8743625082918647,0.0,0.6395762645460042,0.21021474768458548,low,0
S0058,2025-01-14,2,mid,3,51.99322306307867,0,1,3,0,0,3.2966277268111455,0.0,5.9136503792287805,0.2623795982447148,0.9824057012110073,0.25753053505157764,0.29411937634807006,0.0,0.19215696537792615,0.5567994280768125,low,0
S0058,2025-01-15,3,mid,5,49.88529731374442,0,0,5,1,1,4.150626305104346,0.0,5.708320823638747,0.46173740506899363,0.26633149124426336,0.15032296849496474,0.12613943698169283,0.0,0.4091892122998335,0.4262658750198378,low,0
S0058,2025-01-16,3,mid,3,54.34939825448643,0,1,4,1,0,4.79922682386652,0.0,11.140916296128111,0.20898214061810205,0.914519658634523,0.1444370052044155,-0.4052294838448254,0.0,0.20414593984667684,0.5658295853131899,low,0
S0058,2025-01-17,3,mid,1,38.07956632127214,0,3,1,1,0,5.4953439319933945,0.0,11.515118501481307,0.6251529642080553,0.7303198561818103,0.2679558624134405,0.8595871602299003,0.0,0.19948914435561294,0.13808552946537045,low,0
S0058,2025-01-18,3,mid,2,49.15721764552981,0,1,1,1,0,4.595391725247244,0.0,7.665274411313783,0.682173066863429,0.09341173299918115,0.8565849515531103,-0.8741827653875232,0.0,0.6081937601500949,0.1891477032924117,low,0
S0058,2025-01-19,3,mid,2,37.871442071883486,0,1,1,0,0,3.2880716518871544,0.0,9.230661509636596,0.7648933630364381,0.38942559802255705,0.031239684957199976,-0.45860022541164036,0.0,0.3327429022555376,0.4531906625984148,low,0
S0058,2025-01-20,3,mid,4,51.61190564984434,0,3,5,1,1,1.5779785561150312,0.0,7.013342084994135,0.16885157858375288,0.08879406164317771,0.8188902968641937,-0.6300708463090219,0.0,0.69983679454009,0.7267618399077193,low,0
S0058,2025-01-21,3,mid,3,26.6566965318429,0,1,4,1,0,5.0637622089332925,0.0,11.215298733006781,0.8863608205336551,0.44722065185280335,0.6220230110448861,0.07148063571053975,0.0,0.219877319095789,0.7637982851020025,low,0
S0058,2025-01-22,4,mid,2,39.926925679798266,0,2,5,1,0,8.00827796363534,0.0,13.118756463365651,0.4038150363560824,0.5992132921474151,0.23341813039093362,0.27856372959898157,0.0,0.5330198354709266,0.582800286540508,low,0
S0058,2025-01-23,4,mid,3,38.20952427580273,0,1,5,1,1,3.684856232862122,0.0,10.236079336912693,0.5232675044145394,0.468585592394564,0.22346240617586222,0.6670693369800558,0.0,0.32054004027654037,0.5802546039285064,low,0
S0058,2025-01-24,4,mid,4,43.653762883430346,0,1,4,0,1,3.9960408409239667,0.0,8.18076297612104,0.19389525092833026,0.32212608925311614,0.3549927956039052,0.6223639569612109,0.0,0.36085196568425804,0.7272186774763434,low,0
S0058,2025-01-25,4,mid,2,40.47585562218001,0,0,5,0,0,2.2841042026733054,0.0,11.166205305590545,0.19755597241760003,0.5954470038107748,0.6646870368743888,-0.30759589578233637,0.0,0.7634075809872352,0.8372144893974902,low,0
S0058,2025-01-26,4,mid,3,52.14273220605005,0,0,1,0,0,2.34106591831996,0.0,5.78277894578783,0.02513106399865095,0.7270209538130278,0.8268991555172781,-0.9067698483060982,0.0,0.9452849613204043,0.0734691241588824,low,0
S0058,2025-01-27,4,mid,3,46.208185116946375,0,1,2,1,0,6.849986795513763,0.0,16.287034734771268,0.6377430119521432,0.5051977897755551,0.2224970148203982,0.38723690057089155,0.0,0.3840316836614899,0.12774151418395996,low,0
S0058,2025-01-28,4,mid,2,48.40243863223131,0,2,3,0,0,3.309503851571644,0.0,8.08069719060474,0.7608330792432537,0.28954210522873947,0.1435894829999721,-0.6581984911730996,0.0,0.6772640027018672,0.4574549912172152,low,0
S0058,2025-01-29,5,mid,1,38.95602408347187,0,0,5,1,1,0.0,0.0,12.070781927073158,0.3620866009951069,0.9782300371278067,0.5002716122907597,-0.9822730748542019,0.0,0.6992449266087623,0.583232769265016,low,0
S0058,2025-01-30,5,mid,3,36.94639941640746,0,0,4,1,1,6.6818144593774464,0.0,11.221073131507033,0.7502053082786331,0.6124260786031474,0.35051952916994333,0.7096071953081668,0.0,0.5661075900341751,0.8895847813669615,low,0
S0058,2025-01-31,5,mid,3,32.506857724611244,0,1,5,1,0,3.9415651843050714,0.0,8.324579065893467,0.10047662480465458,0.21046112175114606,0.10834112596482692,-0.45392809769303644,0.0,0.5804097361004134,0.8197440947173115,low,0
S0058,2025-02-01,5,mid,2,32.11461964509798,0,1,2,1,0,5.169625338328739,0.0,7.559511547763204,0.33323981897043575,0.5230903991522114,0.11407438992958474,-0.2646361322470461,0.0,0.07652973707696353,0.45309313745714375,low,0
S0058,2025-02-02,5,mid,1,38.46109487948402,0,1,3,0,1,4.95593797029725,0.0,9.09759433903074,0.5164959274373487,0.9993971498675541,0.6971081198435846,-0.7473176844815994,0.0,0.5553485950457091,0.15400828657607735,low,0
S0058,2025-02-03,5,mid,2,58.67274085149828,0,4,3,1,0,6.439156535809408,0.0,7.10218423108381,0.4068688598206257,0.8885507086852117,0.4871771947149759,-0.8620429772838114,0.0,0.4147229732153027,0.13396730377856947,low,0
S0058,2025-02-04,5,mid,0,54.11659362615693,0,1,3,0,0,2.7979765479871763,0.0,18.153479131807504,0.721840448169074,0.2386553015941052,0.31129174646957447,-0.23077757145691336,0.0,0.18239620018303038,0.4786214580142405,low,0
S0058,2025-02-05,6,mid,2,37.04154472469941,0,0,3,1,1,5.781262363992388,0.0,5.821747102346655,0.7781590073813289,0.8792442327316726,0.3362284080884961,-0.6548911477918278,0.0,0.685711783666675,0.6865293582519171,low,0
S0058,2025-02-06,6,mid,5,31.490026107279988,0,3,2,0,0,2.709954153281263,0.0,12.63539266820431,0.04482438333056349,0.4974432068884891,0.7130776151943958,-0.4627116412979322,0.0,0.16873601268273686,0.07528122942536275,low,0
S0058,2025-02-07,6,mid,4,50.75338641095439,0,2,4,0,1,3.763964219362242,0.0,12.014470357005658,0.13800314866773666,0.2120206912472632,0.07832805611864291,-0.5261181377937945,0.0,0.06810857734294962,0.8525181326434454,low,0
S0058,2025-02-08,6,mid,3,56.524842664010286,0,1,1,1,0,5.246964871985853,0.0,9.567533486778112,0.7604193060584424,0.18978824544144135,0.5455155994769132,-0.4387260039174121,0.0,0.13114198409000455,0.2453185006992482,low,0
S0058,2025-02-09,6,mid,4,56.14338579311433,0,0,5,0,0,6.624650821282037,0.0,7.971851505120824,0.43575481573706343,0.56383653926717,0.9020832175486602,-0.02144962699411712,0.0,0.33469421770601426,0.7273935795120007,low,0
S0058,2025-02-10,6,mid,3,53.029823324445545,0,0,3,0,1,3.2402900707489266,0.0,8.361451582629186,0.26369556568960784,0.5555284985247012,0.6857067617125755,0.9591923574852717,0.0,0.2157583865691357,0.20401623830104665,low,0
S0058,2025-02-11,6,mid,3,43.082750762003904,0,1,2,0,1,9.069557805853893,0.0,6.949708136203558,0.2019562964715279,0.7011432967986662,0.3100664213195863,0.03223581879241699,0.0,0.32324835265571505,0.6445344705208025,low,0
S0058,2025-02-12,7,mid,3,54.824646275689794,0,0,4,0,1,2.736131934306184,0.0,9.166934741268511,0.05316843872262067,0.5852202035796275,0.3635638249279417,-0.5854975850190676,0.0,0.11460614575752581,0.6800278026003035,low,0
S0058,2025-02-13,7,mid,3,42.44771951019291,0,0,1,0,1,7.234524238980891,0.0,9.459015210853998,0.04735300174450907,0.2724461461375779,0.8790684199168541,0.5174776601476303,0.0,0.0038889086112569027,0.5278984139433888,low,0
S0058,2025-02-14,7,mid,4,31.133710460015735,0,1,3,0,1,2.121085058595436,0.0,10.439316433947814,0.8799932408112163,0.07196624535796381,0.6827544672152708,0.6615169236053979,0.0,0.8320254669275,0.6552991160786755,low,0
S0058,2025-02-15,7,mid,3,28.529969432736607,0,2,5,0,0,7.248537016999746,0.0,11.27502313453534,0.0677079723583972,0.44289519466347194,0.4304439163087035,0.24163574746470462,0.0,0.34717520249991196,0.45348777055725165,low,0
S0058,2025-02-16,7,mid,4,43.546520114495415,0,2,2,1,1,5.534966910102009,0.0,7.907300331756186,0.3897058685347642,0.45571435721071907,0.6960186440944005,-0.5709212338582499,0.0,0.04392797676576854,0.4388892060165993,low,0
S0058,2025-02-17,7,mid,2,54.49068999319479,0,1,4,1,0,3.761009203370745,0.0,8.535896776341126,0.35025776801445785,0.03886544992214913,0.16645178461694343,0.46270697830939267,0.0,0.6491338489336766,0.31278081619018416,low,0
S0058,2025-02-18,7,mid,4,46.95466069554035,0,2,4,1,0,0.8761199342259802,0.0,5.867751396538371,0.1927834262284076,0.7833371447438421,0.8289341694993805,0.21980938074805367,0.0,0.7421418809625407,0.6526671119835534,low,0
S0058,2025-02-19,8,mid,3,35.66537822257578,0,0,3,0,0,5.939259037607478,0.0,7.486747787476519,0.6228572849291513,0.9446777976679388,0.348981717573393,-0.30476651848245084,0.0,0.6695340082602812,0.174157213165556,low,0
S0058,2025-02-20,8,mid,2,44.74967176359595,0,2,2,1,0,5.772203622825047,0.0,10.233157553910026,0.02868044043434037,0.7832075043741965,0.6653050382359554,0.7174935921577619,0.0,0.9453445407876311,0.8129873978130301,low,0
S0058,2025-02-21,8,mid,4,29.541279592684624,0,0,3,1,0,2.5036867480174685,0.0,12.735008247355703,0.21615596941108306,0.6254998663015056,0.9407779775408281,0.15622490233774422,0.0,0.8393048437748853,0.5654055485545575,low,0
S0058,2025-02-22,8,mid,3,63.47528965475327,0,2,1,0,1,0.0,0.0,7.361673919359416,0.06463424811221308,0.708021989428614,0.5410253415481961,0.9324425725135492,0.0,0.12762933570572355,0.391049084132161,low,0
S0058,2025-02-23,8,mid,3,33.09756145263444,0,0,5,1,0,4.890000603272176,0.0,9.814588708543608,0.5142689904607677,0.909799826874344,0.8098992674908246,-0.6350158529874328,0.0,0.5616901456967606,0.8469246415331297,low,0
S0058,2025-02-24,8,mid,3,45.83381410428434,0,1,1,0,1,4.230729431666934,0.0,13.920777772648437,0.052622435909634446,0.25241242852376666,0.8216204405642581,0.12040696965789643,0.0,0.881283863433357,0.38175223078022347,low,0
S0058,2025-02-25,8,mid,2,34.801287563855006,0,0,5,1,1,4.707393414128638,0.0,8.206637809133312,0.4000827515841322,0.069830648617621,0.185453317416296,-0.09431006268841213,0.0,0.9555673965991485,0.5701772881812028,low,0
S0058,2025-02-26,9,mid,3,40.58053939860373,0,4,2,1,1,3.3128131729350807,0.0,7.321219943035147,0.34405009025280253,0.6664504292449442,0.894332563754259,0.1874005141881807,0.0,0.7518017116321575,0.31673289663091775,low,0
S0058,2025-02-27,9,mid,3,79.55630917466667,0,1,5,1,0,8.092748185586794,0.0,9.183810359969069,0.2659856107642984,0.8677898034945435,0.29668360256676674,-0.3188012675992664,0.0,0.7176642320018347,0.7477587570042097,low,0
S0058,2025-02-28,9,mid,3,53.39722662128317,0,4,1,1,1,3.6944064363014997,0.0,5.970942193005758,0.7090629993223775,0.7938292583433841,0.3147646643544524,0.6856001808987529,0.0,0.05795673635250709,0.9858727959407777,low,0
S0058,2025-03-01,9,mid,1,36.651457599491195,0,1,1,1,1,4.9807786041917,0.0,10.008048771245408,0.5065585214598587,0.9957195042940772,0.7686764895301964,0.5387407965088005,0.0,0.7453842437346969,0.6833979502279939,low,0
S0058,2025-03-02,9,mid,3,37.99563622577888,0,1,1,0,0,5.136662118870083,0.0,7.34115606488409,0.000951459119968634,0.6089153482311243,0.9013415812019414,-0.6195146222733381,0.0,0.382769128158179,0.9163664951051658,low,0
S0058,2025-03-03,9,mid,2,49.135844370183506,0,1,4,1,1,5.356319390855336,0.0,8.712771218408687,0.6090227819156586,0.059342704191783,0.9748118915440798,-0.4951228579724938,0.0,0.3860235486431327,0.17759748924147,low,0
S0058,2025-03-04,9,mid,2,35.83635519921707,0,2,2,1,0,5.436652760202065,0.0,4.116490834553873,0.1440848447400841,0.8609448039935362,0.3626503385402686,0.8285995656519123,0.0,0.030090253005569334,0.771700547234436,low,0
S0058,2025-03-05,10,mid,2,34.39567312375083,0,2,2,0,0,5.894991204910697,0.0,14.788736650878779,0.4631614962595185,0.8350226802924361,0.2328772465846224,0.722903360491566,0.0,0.837354044431571,0.7371879846392699,low,0
S0058,2025-03-06,10,mid,2,42.67286428643897,0,2,3,1,0,1.8520859021191827,0.0,8.922153963006837,0.5778402683748389,0.9396466931706551,0.3456146090351083,-0.7700825782335028,0.0,0.3661212485848325,0.883199286901074,low,0
S0058,2025-03-07,10,mid,2,49.03839586398228,0,3,1,0,1,4.4728441099493885,0.0,9.156252568218026,0.6264455233051271,0.7798095162047772,0.6110702020307055,0.14074774715954597,0.0,0.7459623184074825,0.24360835708348738,low,0
S0058,2025-03-08,10,mid,2,60.63470532165927,0,1,3,1,0,5.0676982036681135,0.0,11.508895138321177,0.6110149710980236,0.228900510131831,0.46137962166351343,0.5124540238432838,0.0,0.3510987677020547,0.06966677310939151,low,0
S0058,2025-03-09,10,mid,3,37.44053605092575,0,1,3,0,0,5.489279662810373,0.0,8.631006937106108,0.6777743230562847,0.19835412850391232,0.5048719130048098,-0.3751897762546388,0.0,0.6249029583531703,0.7974885905262783,low,0
S0058,2025-03-10,10,mid,3,34.04736100064383,0,1,3,1,1,2.8121658952861113,0.0,9.539522259610523,0.4078763554488548,0.16013521590819835,0.9591579156053555,0.9002881960002747,0.0,0.45668566228558527,0.027627875876370056,low,0
S0058,2025-03-11,10,mid,3,42.38074365865333,0,0,3,0,0,5.238274716443561,0.0,8.073940987218027,0.0792749952188645,0.6668714208044998,0.18420943485480445,-0.9317007285754197,0.0,0.27883108689552927,0.5313420266440676,low,0
S0058,2025-03-12,11,mid,4,47.09264854754322,0,0,5,0,1,4.157647054495323,0.0,7.1832657779780025,0.7022329850078181,0.7617991460908952,0.9366899835175003,0.6038494114426969,0.0,0.02775859791635682,0.20637738330467992,low,0
S0058,2025-03-13,11,mid,3,43.46141313855489,0,2,5,0,1,4.633145758727326,0.0,7.092392042527187,0.1972960506909862,0.875211769782346,0.5092934241095392,0.9039322845995026,0.0,0.341431493525576,0.34139514275675076,low,0
S0058,2025-03-14,11,mid,1,36.361915383844824,0,1,4,1,1,3.039634383957506,0.0,6.2872205584512315,0.7326206810214344,0.4252453932223397,0.9979364907946072,-0.9310121523186103,0.0,0.35425144084689864,0.08593218112980272,low,0
S0058,2025-03-15,11,mid,2,25.510490942704948,0,2,3,0,0,2.837586947902213,0.0,17.53370926044215,0.06079270633558542,0.01135327090728766,0.34243152927730747,0.542504868128262,0.0,0.6472778949673703,0.12528094373052834,low,0
S0058,2025-03-16,11,mid,3,62.671515765325154,0,0,2,0,0,5.300150089386161,0.0,7.138820711280795,0.37950980706856396,0.353121741573164,0.7154913903828298,0.006455396383143963,0.0,0.07719315984476471,0.9095674865869405,low,0
S0058,2025-03-17,11,mid,2,54.025759419000316,0,0,2,0,1,4.3407709638261665,0.0,10.521183373339348,0.9091421752404253,0.9807527348583329,0.7756139290897094,-0.2931746635066208,0.0,0.40577477235298354,0.8696367267799678,low,0
S0058,2025-03-18,11,mid,2,40.63811808354746,0,1,1,0,1,6.982878864593474,0.0,12.069657762401736,0.7580499799286222,0.5740325653071626,0.9388749271519031,0.5609199035731058,0.0,0.8908583910564044,0.5078259172248426,low,0
S0058,2025-03-19,12,mid,3,49.179720307035076,0,2,5,0,1,4.000572652218098,0.0,5.328555280896327,0.8458475957005013,0.6875574174795215,0.8716348443733373,-0.9055753915223907,0.0,0.9556927280537837,0.07713689502759435,low,0
S0058,2025-03-20,12,mid,2,51.70407236122086,0,3,5,1,1,5.835643722326933,0.0,10.733934560154454,0.6265315870555869,0.6704719315999876,0.5718619616104786,-0.02367552554040686,0.0,0.6548605981239323,0.5611553958790942,low,0
S0058,2025-03-21,12,mid,3,46.19638190721834,0,1,3,0,0,6.3084487861669505,0.0,11.600293864488695,0.6430114565758923,0.7019975760783297,0.7903481762606229,-0.09181649186883445,0.0,0.002754558969690901,0.9669880461297989,low,0
S0058,2025-03-22,12,mid,2,40.56881989298665,0,2,5,1,0,6.174640208303316,0.0,9.829327436375321,0.09322174739639388,0.9376079234542698,0.4603648761954825,-0.0771312715773238,0.0,0.45332114537211576,0.43050011500043106,low,0
S0058,2025-03-23,12,mid,3,45.124924530902604,0,0,4,1,0,5.517832779680482,0.0,12.119111175681994,0.290467943135543,0.25809446384308765,0.5897231543837295,0.3944447559029962,0.0,0.253008568944015,0.34716285092224264,low,0
S0058,2025-03-24,12,mid,2,42.46836644567901,0,1,3,1,0,4.257594036980534,0.0,9.107439896147987,0.37782089279144526,0.4101872091739295,0.452746051782944,-0.01775862275980189,0.0,0.05825161525165201,0.6629654116463117,low,0
S0058,2025-03-25,12,mid,2,49.15658770743319,0,0,2,0,1,2.380328654937421,0.0,8.685798827622994,0.07346983578325128,0.2904653944810641,0.7792152240183842,-0.8833005103052569,0.0,0.36615663781113694,0.19278495110571003,low,0
S0058,2025-03-26,13,mid,2,57.25437632736572,0,1,3,1,1,2.992659654689273,0.0,13.606238977236579,0.7245276910928553,0.629658715798868,0.2962350003001216,-0.8942882296404848,0.0,0.2378648219077193,0.6195361809264887,low,0
S0058,2025-03-27,13,mid,3,70.35049731683996,0,0,4,0,1,4.00101041324937,0.0,9.240821112485731,0.7199124802923641,0.8295147881880219,0.7711578669241539,-0.9207576615649549,0.0,0.05498534138476574,0.10313117560313279,low,0
S0058,2025-03-28,13,mid,3,56.6307806617466,0,1,4,0,1,5.043542807982868,0.0,9.111794700830892,0.6335970223842108,0.8944841553917183,0.6792124610001558,0.6222655738951846,0.0,0.7699226013479671,0.21353486210328476,low,0
S0058,2025-03-29,13,mid,3,59.00174967778405,0,0,3,0,0,7.505274403761874,0.0,14.500934312237298,0.40780026278979975,0.6667791244887151,0.11180871164094919,-0.3571715863680447,0.0,0.03758300864272435,0.9144632791573027,low,0
S0058,2025-03-30,13,mid,2,47.026555237146056,0,2,1,1,1,4.859147918479416,0.0,8.266535474753628,0.5902588707350783,0.13041435560105752,0.5849939010499347,-0.39595172686239377,0.0,0.25964813971327383,0.7954832099621016,low,0
S0058,2025-03-31,13,mid,0,39.005906180503956,0,2,1,1,1,4.108370304424842,0.0,11.95080706086743,0.23430856829923197,0.5318828422332128,0.128564983278475,0.3928544948386843,0.0,0.8597858706999087,0.029504838977783,low,0
S0059,2025-01-01,1,mid,4,47.9452285770457,0,2,4,0,1,5.920969756552695,0.0,8.037670324708023,0.16935960445934006,0.40773996197124374,0.545001560608346,-0.47120851816950204,0.0,0.8324007167132816,0.40476727609792196,low,0
S0059,2025-01-02,1,mid,1,40.635863713794706,0,0,2,1,0,6.227911625679033,0.0,8.259059228768571,0.9228726961207261,0.40344219435269546,0.17281688931367056,-0.3801668890253238,0.0,0.2171147526084679,0.20142701778617655,low,0
S0059,2025-01-03,1,mid,3,44.731259597619584,0,0,3,1,0,7.073228943614055,0.0,6.895122836312223,0.2028357568640392,0.9987296497208092,0.04829924215368475,-0.727032664395779,0.0,0.7868809685982038,0.975998356644796,low,0
S0059,2025-01-04,1,mid,0,34.160513832319,0,0,5,0,0,4.069619326153388,0.0,8.769349647831223,0.2899793992052495,0.8957298356283478,0.37573324413812104,0.8134133629967755,0.0,0.7981070744204429,0.6069158400458915,low,0
S0059,2025-01-05,1,mid,3,42.84291940875261,0,1,5,1,1,3.6653730201284387,0.0,11.871378100175635,0.3746539256075,0.6047541538767262,0.7504166217753019,-0.6667501329464056,0.0,0.4576283725927268,0.16275438043427126,low,0
S0059,2025-01-06,1,mid,4,51.22654780165426,0,2,2,0,1,3.4151136612836,0.0,8.619560656234468,0.37263742470400985,0.6820949032309783,0.010756471461146444,0.30061496327144255,0.0,0.017826773835220244,0.667403172253234,low,0
S0059,2025-01-07,1,mid,2,55.24106898339318,0,1,5,1,1,4.29337482299409,0.0,8.683402147670297,0.47093968135204733,0.13305039783630723,0.9361193319441086,0.5509116407995323,0.0,0.3255578370843577,0.25835576210345734,low,0
S0059,2025-01-08,2,mid,2,55.21598635583158,0,2,5,1,0,3.195106537863614,0.0,12.441317190944744,0.7730334705926314,0.6792631663012973,0.9412098088765433,-0.3867546206089121,0.0,0.1515572960624436,0.49503749719432333,low,0
S0059,2025-01-09,2,mid,3,42.34635988716458,0,1,3,1,0,5.243123379392225,0.0,8.16458284916939,0.3424619837095414,0.6694104333897537,0.782042333585385,0.582798647828207,0.0,0.0376348242211374,0.9471953270934483,low,0
S0059,2025-01-10,2,mid,3,46.96295051321417,0,1,1,0,1,3.120934366728906,0.0,9.157788774118881,0.4354955542768244,0.8707916730079411,0.9007819951654523,0.1789754614894632,0.0,0.06223846960645729,0.7223555112336492,low,0
S0059,2025-01-11,2,mid,2,65.3311943713262,0,0,3,0,0,4.107949725992954,0.0,10.744656025340571,0.037531509538708874,0.6952744678518028,0.26072978548268855,-0.2289976096535391,0.0,0.3076329849446261,0.6148412084097864,low,0
S0059,2025-01-12,2,mid,3,37.48599929497388,0,4,3,1,0,4.62206806713047,0.0,11.814329143977266,0.9274545320095161,0.6354708053515818,0.2804646885957942,0.19950822451589656,0.0,0.8081154143893929,0.7858468825782777,low,0
S0059,2025-01-13,2,mid,3,48.206639473981824,0,1,3,0,0,7.386655224170778,0.0,9.256484413193572,0.010510205436028874,0.7048630198139704,0.20524031397181575,0.7642510342667705,0.0,0.37592665413435644,0.33895557769702966,low,0
S0059,2025-01-14,2,mid,4,54.6280891243001,0,1,3,0,0,3.0263030619213973,0.0,17.55490174531439,0.19873995848446746,0.26121196634753074,0.14130111151826796,-0.053415766211409865,0.0,0.256328338050283,0.21253357666435946,low,0
S0059,2025-01-15,3,mid,1,47.455845986852346,0,1,2,1,0,6.439330008190402,0.0,11.91782547205128,0.9857931761489803,0.016536817093795952,0.8098987179301986,-0.03622060462879162,0.0,0.1227293913629176,0.7577012544290384,low,0
S0059,2025-01-16,3,mid,1,49.8918266286934,0,1,1,0,1,1.9852535948040706,0.0,12.475532739533177,0.16859163829360457,0.5523650500112001,0.2784364942871874,-0.8533294109580585,0.0,0.1935823904919134,0.777906719880462,low,0
S0059,2025-01-17,3,mid,3,45.48774614443526,0,0,2,0,0,2.4130370929059533,0.0,10.145469732344543,0.9821321408509748,0.27270587271915503,0.5683765334865704,-0.11499464934417425,0.0,0.19931919603536985,0.7808175527194698,low,0
S0059,2025-01-18,3,mid,2,35.1208551092317,0,0,5,0,0,6.662685063087785,0.0,16.255941947326427,0.3240945878746001,0.9037784292062141,0.27004465228887053,-0.6812211381223312,0.0,0.7120501112450458,0.5465528389683162,low,0
S0059,2025-01-19,3,mid,3,41.1344803999122,0,0,3,1,1,4.483549871194965,0.0,10.863013029776223,0.8437894300631351,0.9958767933182523,0.39047854757223766,-0.10442984104390973,0.0,0.2859714618958903,0.11919445746468227,low,0
S0059,2025-01-20,3,mid,4,48.94492863420567,0,1,5,0,0,3.754681474071152,0.0,11.372934171003262,0.42542704645280727,0.8603230555960384,0.0031643894698377695,0.24698449763858243,0.0,0.7857370213633692,0.38385447191404365,low,0
S0059,2025-01-21,3,mid,3,50.517548386298024,0,1,3,0,1,7.340176359773347,0.0,15.191039716606205,0.0606484466387095,0.7784124983615321,0.7949561701029862,-0.7913750460158495,0.0,0.739654271252398,0.5038967701710129,low,0
S0059,2025-01-22,4,mid,1,43.88212649614717,0,0,2,0,1,7.419313796677584,0.0,7.237264032057334,0.6071233922219393,0.15685057332200802,0.14109664555828905,-0.8578015926625608,0.0,0.6835119190155697,0.31436437101004844,low,0
S0059,2025-01-23,4,mid,2,51.78020191056699,0,1,2,1,0,3.6343715649264046,0.0,9.790640421969691,0.5676954169297019,0.3975248123775045,0.1998799054853896,0.7930164090378766,0.0,0.736067188546189,0.2840682473724173,low,0
S0059,2025-01-24,4,mid,3,45.45330501440098,0,0,2,1,0,5.129415206613903,0.0,10.646814051136266,0.19425714968317132,0.836485321369717,0.8224384840641796,0.5059611698539039,0.0,0.11568704324038592,0.017905888291538385,low,0
S0059,2025-01-25,4,mid,2,51.561235164289165,0,2,2,1,1,3.689518917784124,0.0,11.42583301784515,0.03456856583754475,0.34433068735914374,0.5544482528964435,0.875879837878117,0.0,0.13239852437878707,0.4402257489752438,low,0
S0059,2025-01-26,4,mid,2,47.22191355644676,0,2,4,0,0,1.2637199047867154,0.0,1.176111381653504,0.9952629335710733,0.3646729107247718,0.2650993282668075,0.9264893996644736,0.0,0.5925256470973398,0.2894814389370427,low,0
S0059,2025-01-27,4,mid,2,42.539159359855276,0,2,4,0,1,2.5089954648500705,0.0,7.696454216252988,0.24329332635267598,0.3165139671725329,0.9919748998803326,-0.27834694891106904,0.0,0.5245998953782295,0.2746751320367966,low,0
S0059,2025-01-28,4,mid,3,35.543223805072365,0,1,1,0,1,8.06613624461318,0.0,7.692010495219613,0.8850703200234485,0.4482124712226725,0.6750213412577285,0.6867992337084505,0.0,0.2463330317658482,0.8852216355329223,low,0
S0059,2025-01-29,5,mid,2,44.259534826733265,0,1,4,1,1,6.518726617612636,0.0,10.33109818896491,0.46158700255647767,0.9827784440584023,0.955260080919778,-0.9597626942858013,0.0,0.40616286666852297,0.949952899021263,low,0
S0059,2025-01-30,5,mid,2,50.889466548471454,0,1,5,1,0,3.5646009216169485,0.0,11.021238915329112,0.34001228353405943,0.7488020836505556,0.7503875655601164,-0.6600169158312608,0.0,0.4701476664165226,0.8073110969398538,low,0
S0059,2025-01-31,5,mid,3,48.63850928846518,0,1,5,1,0,5.212234748890236,0.0,3.4348896911950035,0.27498123184138046,0.3598290313863307,0.9711966454754937,-0.9895951021826519,0.0,0.3026434397657257,0.5839540160204696,low,0
S0059,2025-02-01,5,mid,3,33.202314626687546,0,0,3,1,1,3.910738192173864,0.0,13.459577333591895,0.9722863942028087,0.7449309469223124,0.7572997185199831,0.9206960893680702,0.0,0.43066964897317517,0.04141395170854856,low,0
S0059,2025-02-02,5,mid,2,50.22624635574936,0,0,3,0,0,7.681230835844595,0.0,7.785211922746372,0.3357125848128574,0.708885349061282,0.7991793203928633,0.11613093923563267,0.0,0.6195446229714249,0.7077605708819467,low,0
S0059,2025-02-03,5,mid,4,54.258861957746866,0,1,4,1,1,1.582106207529196,0.0,9.935463360899822,0.9135919735444992,0.49647020440368517,0.7665936481326563,-0.9117475307527754,0.0,0.38160967091591524,0.15879178813491568,low,0
S0059,2025-02-04,5,mid,4,40.346121236133925,0,2,5,1,0,4.812927690381387,0.0,13.153308343103665,0.8533069562441334,0.4439082915298569,0.05338981315430125,0.23515046048867627,0.0,0.4356804961353621,0.49135319861806104,low,0
S0059,2025-02-05,6,mid,2,51.392709586277746,0,1,3,0,1,5.5278274395465905,0.0,10.317699756339199,0.4603657107024911,0.384697498261233,0.3610881874594939,-0.27136259825117137,0.0,0.03764386370004469,0.23622049214648821,low,0
S0059,2025-02-06,6,mid,2,39.75416181825477,0,0,3,0,1,6.081847486211842,0.0,3.1343516697521387,0.27900387075873656,0.36430221797063445,0.7298161363577517,0.43644044125639603,0.0,0.028091706064487965,0.9442315656308552,low,0
S0059,2025-02-07,6,mid,3,42.48410250947016,0,1,2,1,1,7.366004852931555,0.0,10.49640444283839,0.34605367718474267,0.34873928811578914,0.10405380404994291,-0.9976302284570073,0.0,0.9517551691961171,0.45769939319210395,low,0
S0059,2025-02-08,6,mid,3,48.93973279879031,0,0,4,1,0,4.991474702868795,0.0,10.077389034863117,0.07154912687720072,0.01757518256292112,0.5989563720102191,0.22945931262374364,0.0,0.5247931641969694,0.06639917520354155,low,0
S0059,2025-02-09,6,mid,1,31.08659615717197,0,1,5,0,1,5.920669784808415,0.0,7.770368585593131,0.7865571667964073,0.788595994050932,0.27073215901114456,0.9172754275767938,0.0,0.017737880780060333,0.37983944707024464,low,0
S0059,2025-02-10,6,mid,2,36.560706444377296,0,0,5,0,1,1.7377000720236606,0.0,11.196969092066002,0.3906354768510749,0.838048073254532,0.5701148036193924,-0.9367428782850433,0.0,0.8712275302445261,0.5384640315099133,low,0
S0059,2025-02-11,6,mid,3,36.13749362064352,0,1,2,0,1,1.1537660358769095,0.0,11.559190196610853,0.29818046741410964,0.5056413555921396,0.7148596011684303,0.20962738678821924,0.0,0.1173353826166349,0.9223768689125312,low,0
S0059,2025-02-12,7,mid,3,61.78495437438605,0,0,1,0,0,3.039942696269721,0.0,7.03393515350915,0.4026007552047577,0.8801895428067154,0.8586391366418185,-0.4210800572136639,0.0,0.5417761689142617,0.47517014667954993,low,0
S0059,2025-02-13,7,mid,1,51.15281771317481,0,0,4,1,0,8.087125540468431,0.0,7.455129039926737,0.8330275397682947,0.49500606168183403,0.5450831757638718,-0.5832919854764951,0.0,0.3532030981744907,0.46816083178946866,low,0
S0059,2025-02-14,7,mid,3,46.99755284265904,0,0,5,0,0,5.680509307529707,0.0,10.967050117686284,0.6606879021981275,0.19462778820367965,0.7798118108622146,0.15709976419648952,0.0,0.9613339006890892,0.9532163414972903,low,0
S0059,2025-02-15,7,mid,3,45.77980773121913,0,0,3,0,1,3.5955191944042193,0.0,3.769585216497883,0.41863094404832046,0.9362157655854354,0.8095901342329027,-0.8185918707961992,0.0,0.313866369538948,0.05568854021525327,low,0
S0059,2025-02-16,7,mid,1,46.368322944562735,0,0,2,0,1,6.792168326268378,0.0,7.739286135079357,0.5115718989704052,0.8171158656836873,0.41448125865915453,0.6297244293134052,0.0,0.5381636975246944,0.08795385749989248,low,0
S0059,2025-02-17,7,mid,5,31.348406353108743,0,2,2,1,1,5.797334765215029,0.0,13.245209373056177,0.2961998672332654,0.27654538912834326,0.22865544933861404,-0.7070534213428483,0.0,0.39257458023515956,0.8560482402999942,low,0
S0059,2025-02-18,7,mid,3,35.87986310773185,0,0,5,1,0,2.8915259667768316,0.0,8.694192724913092,0.04973254118227388,0.27390332657673977,0.8198279404044748,-0.4655340629719318,0.0,0.6963430619598678,0.5260234525492805,low,0
S0059,2025-02-19,8,mid,4,46.05623785885435,0,1,2,0,0,3.8209094835360253,0.0,13.392679199897696,0.4669727572615333,0.77990973881372,0.5375948845910702,0.11431284255323226,0.0,0.9425452906553687,0.9576081645678092,low,0
S0059,2025-02-20,8,mid,3,50.91900339745606,0,0,3,1,0,4.080117581915301,0.0,15.102078429236926,0.22221283343806175,0.2518217996735036,0.14902676238692691,-0.4328393312183785,0.0,0.7920213928425286,0.6206600649850652,low,0
S0059,2025-02-21,8,mid,3,48.1129995894095,0,1,3,1,1,4.537456946332671,0.0,7.821550246695993,0.1721034576798801,0.5032045854835231,0.5261098264068678,0.21631173431109518,0.0,0.602830996978811,0.6748781299340595,low,0
S0059,2025-02-22,8,mid,3,36.10584871748519,0,1,1,1,0,5.316516497337473,0.0,10.974934907044544,0.9343030959519507,0.27950338590276136,0.724609334156487,0.19658271059260546,0.0,0.2967974435652082,0.21114969293804753,low,0
S0059,2025-02-23,8,mid,3,60.26125260652357,0,1,3,0,1,7.005412053117496,0.0,15.227840919886535,0.39049418609993625,0.8042717447477858,0.3431587372459054,0.20791651291901436,0.0,0.9960579197075955,0.8458484350362864,low,0
S0059,2025-02-24,8,mid,4,56.36392545554273,0,1,2,0,1,3.7395072469663964,0.0,9.599469669294534,0.4014958219840957,0.5321939666567572,0.893216520410516,0.31360530096445793,0.0,0.7104964370720344,0.20263128438727718,low,0
S0059,2025-02-25,8,mid,3,63.106971973144454,0,1,3,1,1,1.6757220965096806,0.0,8.715087191042013,0.44055271661128337,0.6982579211032989,0.8409821843246916,0.5698094923608981,0.0,0.584863308753126,0.8969788063998803,low,0
S0059,2025-02-26,9,mid,3,49.96004262192896,0,1,5,1,1,6.975476037654921,0.0,11.074186420858197,0.4853980662026921,0.030843557928017518,0.492040853423067,0.4515763844606764,0.0,0.0653271460548206,0.10030154663346436,low,0
S0059,2025-02-27,9,mid,3,47.8898304040896,0,2,1,1,1,5.971867287411052,0.0,12.25297660410246,0.3501244195017099,0.7176944482195495,0.9256227276073368,-0.5725370232485836,0.0,0.5476326115784752,0.9666503871653389,low,0
S0059,2025-02-28,9,mid,3,56.49143264703315,0,0,1,1,0,0.9407852948624083,0.0,13.77775527759246,0.3791947048410236,0.9119815393319861,0.6675352192698891,0.33941230750042495,0.0,0.1337206184405325,0.38966428076151394,low,0
S0059,2025-03-01,9,mid,3,60.16037597933302,0,2,2,0,0,3.5949738877843664,0.0,11.174738195650864,0.32462509922773586,0.6959148238387388,0.030753740620271586,-0.37799874187127314,0.0,0.00825566637134445,0.15022919750340435,low,0
S0059,2025-03-02,9,mid,2,67.53551809618972,0,0,1,0,1,4.2879436475019315,0.0,7.245227949891566,0.97994902622684,0.14300169248769845,0.3569435865005809,-0.44839845526349476,0.0,0.7902168717684871,0.025506306944573565,low,0
S0059,2025-03-03,9,mid,3,42.39123876578619,0,1,5,0,1,7.529628538125411,0.0,16.295303223030203,0.8240188365406277,0.5100838736188189,0.4728495763124064,-0.38845218933353975,0.0,0.18024173247014752,0.0014039465295745401,low,0
S0059,2025-03-04,9,mid,4,30.57621058199015,0,1,3,0,0,1.7548143781091068,0.0,13.23991908857083,0.21854360279201102,0.5626898695538464,0.9451480694794706,-0.8472983157310652,0.0,0.9529848392945501,0.46475814388781533,low,0
S0059,2025-03-05,10,mid,3,51.28170642301501,0,0,5,0,0,4.389820579439379,0.0,6.639243043218245,0.09120663195698031,0.1503519606686733,0.22650700883821362,-0.3326802677996683,0.0,0.4401757395962712,0.7206697956357409,low,0
S0059,2025-03-06,10,mid,1,30.94710472135926,0,1,4,1,1,5.347753346356079,0.0,8.265831381347823,0.22959986070314797,0.5766698345603726,0.7826122035924328,-0.18294301342146402,0.0,0.7688502743300797,0.7778685506436234,low,0
S0059,2025-03-07,10,mid,4,41.81407435852537,0,1,4,0,1,3.631660596646693,0.0,9.262227285556875,0.10229835615644034,0.18851161414637874,0.6729311192575993,0.455942844232329,0.0,0.630915852765238,0.3372683877001952,low,0
S0059,2025-03-08,10,mid,4,40.01858211471577,0,2,3,1,0,6.307945198385337,0.0,9.610026213182739,0.8907066078315099,0.03578921278122327,0.3649412663468087,-0.8521557872364425,0.0,0.23780107053745392,0.925684508011927,low,0
S0059,2025-03-09,10,mid,3,41.856433833610424,0,0,5,1,0,2.390640174663479,0.0,4.529915159823484,0.10922932979213851,0.4752435312783936,0.776216250598956,-0.4007343080899213,0.0,0.8278719822804261,0.6502232966415662,low,0
S0059,2025-03-10,10,mid,3,18.418747853643097,0,0,5,1,1,2.6834968723764625,0.0,9.644223478312238,0.7483950835810464,0.8232944222219537,0.43087744507692527,0.5270611867478072,0.0,0.5811207867998326,0.25755431463883594,low,0
S0059,2025-03-11,10,mid,3,49.726740260546826,0,1,1,1,0,3.5523194673685374,0.0,10.44863545872072,0.4790295294622964,0.3990345836217952,0.2507790191957502,-0.692493020625502,0.0,0.34371591281438185,0.9361252473913884,low,0
S0059,2025-03-12,11,mid,1,45.65625826951918,0,1,2,1,1,3.793414050043803,0.0,10.444373169920452,0.6587839108946044,0.5138574638532055,0.816520220384116,0.9454838736601652,0.0,0.8766101378732112,0.7199241447494895,low,0
S0059,2025-03-13,11,mid,1,41.65206661178771,0,1,3,0,1,6.912887868346912,0.0,9.1921279351353,0.6457800612296395,0.6472501035622416,0.7878930476363378,-0.3286959977264119,0.0,0.9581719516331904,0.22132149146456204,low,0
S0059,2025-03-14,11,mid,3,41.05950315760256,0,2,1,1,0,5.1679330561934895,0.0,9.749055005743674,0.40363803141925925,0.6397508454669215,0.04203809896272159,-0.5541277224985492,0.0,0.47818499199279574,0.28920954251691533,low,0
S0059,2025-03-15,11,mid,2,56.10263547092906,0,2,1,0,0,3.0768637616897645,0.0,16.110740553041758,0.27929706346353034,0.3155172386776963,0.9430809827649719,0.9040465206420032,0.0,0.1012608968684332,0.2036701163247454,low,0
S0059,2025-03-16,11,mid,3,52.30636301534567,0,1,5,1,0,5.900710350416891,0.0,9.516007819001812,0.16491573735206944,0.9917158222559296,0.906455268530643,0.1423063329662395,0.0,0.3424260435214227,0.7236442733501897,low,0
S0059,2025-03-17,11,mid,0,41.418110336170066,0,0,3,1,0,3.495084557218977,0.0,7.730167738872636,0.30222606995834367,0.945357656573099,0.8996493305124071,-0.9359666052081843,0.0,0.23818209156416115,0.44225796357687985,low,0
S0059,2025-03-18,11,mid,2,29.750078454475126,0,2,3,0,0,6.9403374170632945,0.0,15.1095700437767,0.5681933903036063,0.7344630096059506,0.25117225597403636,-0.31504998190738775,0.0,0.12670167763714835,0.5877108640638118,low,0
S0059,2025-03-19,12,mid,5,52.7003460977118,0,3,3,1,1,5.67438805418479,0.0,8.077188970948404,0.23795895205810458,0.9010366972913528,0.20048883546062768,-0.7198512274374365,0.0,0.43871295786233144,0.49668076530303873,low,0
S0059,2025-03-20,12,mid,3,51.75253147369557,0,0,2,1,1,4.725555147535463,0.0,12.348818337290531,0.5050263353011951,0.19042699627025161,0.43918072853526013,0.5344082396561185,0.0,0.5224844681564998,0.9734420083574875,low,0
S0059,2025-03-21,12,mid,3,34.784878264558344,0,1,5,1,1,6.335102571472175,0.0,11.44999341715129,0.07299223482932315,0.38381957825448654,0.284983908631844,0.587724692451081,0.0,0.30854822473497356,0.5010496494600759,low,0
S0059,2025-03-22,12,mid,4,40.55362489986338,0,1,1,1,1,8.32936895847627,0.0,8.66453753741063,0.3648181493523539,0.6506667368651153,0.7689665350821125,0.760105882796603,0.0,0.22437439566132056,0.704252435842969,low,0
S0059,2025-03-23,12,mid,1,67.87533408919668,0,1,5,0,1,5.1794758012133935,0.0,7.616682820780168,0.15997110177489593,0.45951287708425814,0.4824159063442549,0.46411554766319485,0.0,0.20899594611372818,0.2950017112100727,low,0
S0059,2025-03-24,12,mid,4,45.06120522145713,0,2,5,0,1,4.355875576309876,0.0,6.961154043933086,0.06606388616795444,0.42167329775194007,0.1823620907039778,-0.8073814044131982,0.0,0.31698522955425,0.0034192533068624353,low,0
S0059,2025-03-25,12,mid,2,49.74422100628422,0,3,1,1,1,6.6731105086032905,0.0,9.35068645597071,0.5704680950711963,0.9177899724441332,0.8734309428128307,-0.8480874012566706,0.0,0.05574046634463048,0.29781636401045575,low,0
S0059,2025-03-26,13,mid,3,55.317620694776124,0,1,3,0,1,6.9398694638742295,0.0,7.198387671489085,0.1419121109257202,0.40893373091437757,0.11646560100850345,-0.9950391856289269,0.0,0.61316223567599,0.4809819287996192,low,0
S0059,2025-03-27,13,mid,2,43.48674933097264,0,2,3,1,1,8.245736595982553,0.0,10.181040932727992,0.2689981679937292,0.6670200439423504,0.01878067925690763,0.6253269684409757,0.0,0.21767652518303293,0.9123926430424434,low,0
S0059,2025-03-28,13,mid,0,52.45476391777682,0,1,4,1,1,5.994481543179598,0.0,16.187004859520677,0.45989346046921276,0.9291885193373636,0.437747555872659,0.6201852124702607,0.0,0.0038699232625177826,0.8924347003813187,low,0
S0059,2025-03-29,13,mid,1,37.3924871306546,0,0,2,1,1,9.521192516631398,0.0,10.722714561020423,0.24319623724327832,0.16811861058886035,0.06330849720759724,0.6511535816493934,0.0,0.7104846038369663,0.29335214153649847,low,0
S0059,2025-03-30,13,mid,3,48.27079998910516,0,0,2,1,0,1.7452153109709951,0.0,9.443296107347521,0.9815733140204397,0.38400286192186284,0.9336290878100019,0.22123705845874153,0.0,0.891826015260855,0.9491177138956006,low,0
S0059,2025-03-31,13,mid,2,43.40968067946702,0,0,3,1,1,6.849097343266254,0.0,12.117133292485278,0.31333889939650494,0.27037501448116186,0.20678091374033114,0.5567418045584795,0.0,0.6985884881024731,0.3420939687542398,low,0
S0060,2025-01-01,1,mid,4,55.620646144948836,0,0,3,0,1,5.121055388881879,0.0,13.292485235360227,0.476720114292141,0.7782532081609689,0.6526387443949316,-0.9807554065790507,0.0,0.6854480653944199,0.7123974074961079,low,0
S0060,2025-01-02,1,mid,5,36.491834332736644,0,1,1,0,1,6.333954314690607,0.0,9.832078692007894,0.286213222198637,0.6518747203337909,0.4869335736481659,0.46479270452364996,0.0,0.4722920580273572,0.16054232439230054,low,0
S0060,2025-01-03,1,mid,5,52.967213573520425,0,3,1,0,0,3.144716283306582,0.0,8.137975356965201,0.1998786654652276,0.822560413246096,0.0657369845114214,-0.004210161226336551,0.0,0.1943024929361531,0.6517705935531974,low,0
S0060,2025-01-04,1,mid,5,58.75803167367046,0,2,3,0,1,4.673167958420022,0.0,15.844033077507603,0.08368828206787293,0.7012361094184765,0.28110486544084234,-0.8482561271867006,0.0,0.1697859813232745,0.28721960241181466,low,0
S0060,2025-01-05,1,mid,6,42.96110916830737,0,1,3,0,0,7.905757347845499,0.0,11.508907706655,0.6960894862052144,0.6571199712278516,0.7153325407866165,0.5630642682748159,0.0,0.21049375885822885,0.6881807456913931,low,0
S0060,2025-01-06,1,mid,6,55.0366380348422,0,0,1,0,1,6.370911060954725,0.0,9.406933458966925,0.11370825069361368,0.17247966327472897,0.18534918164786174,-0.4290540208758453,0.0,0.9006334398029657,0.3766087387162539,low,0
S0060,2025-01-07,1,mid,2,33.152552213224325,0,1,3,1,0,4.102028791125456,0.0,10.012015313562237,0.5374066635719097,0.1845301258684715,0.1958164209307658,0.2007490074831848,0.0,0.22638349619206433,0.2139810714334639,low,0
S0060,2025-01-08,2,mid,3,47.41886192429978,0,0,1,1,1,4.7861323993692455,0.0,12.683064002723665,0.013094686776569775,0.22465208430410954,0.9578178476911795,-0.007218197312884422,0.0,0.3588896693483432,0.31511150771587093,low,0
S0060,2025-01-09,2,mid,3,41.04266688796023,0,2,5,0,0,3.744593222608582,0.0,7.051599856983293,0.22792304366632732,0.25783989655786166,0.5165938841900091,-0.32493599213266045,0.0,0.48983796981455263,0.03066941961759695,low,0
S0060,2025-01-10,2,mid,5,46.273291595829136,0,1,1,0,0,6.357351899673887,0.0,8.16680931170341,0.9979843233194875,0.4860138894260627,0.21077078902175161,0.6954360330330465,0.0,0.39431150890691924,0.27264227335407865,low,0
S0060,2025-01-11,2,mid,6,44.68605465672057,0,0,4,0,1,5.579701509982957,0.0,9.755650036185056,0.24721065745120208,0.6765863723560108,0.6610517322471432,-0.15532502334700204,0.0,0.9321450206112055,0.7695446506684922,low,0
S0060,2025-01-12,2,mid,4,40.87584800683342,0,0,3,1,1,0.8986597072160389,0.0,11.61613831316447,0.2585368230404347,0.7768327379845397,0.7537320733937737,0.6635985745398778,0.0,0.6966949957072696,0.3117273009816357,low,0
S0060,2025-01-13,2,mid,5,24.77920064767693,0,1,1,1,1,6.602019153505463,0.0,13.396003388801354,0.20822838109862074,0.8270212316501486,0.7846104076378139,0.5948361807163749,0.0,0.4703511788750919,0.3286396230955567,low,0
S0060,2025-01-14,2,mid,5,56.080534404184434,0,1,1,0,1,4.875763455915087,0.0,7.146508967185508,0.08631195101905875,0.07336126297499412,0.7212294822436394,0.5794340724569795,0.0,0.05245185762094928,0.8424674176666397,low,0
S0060,2025-01-15,3,mid,5,32.11226142995881,0,2,3,1,1,5.885005920648663,0.0,12.82631982150555,0.9748603833447225,0.333399469124686,0.08796363739139013,-0.5186181532192657,0.0,0.09917456064087948,0.48703480378310726,low,0
S0060,2025-01-16,3,mid,5,50.37086037472204,0,0,5,1,1,5.349102841567539,0.0,11.189736319137408,0.5018308173768706,0.2901698452194902,0.9413398771449772,0.08999577074277942,0.0,0.995381254787087,0.9182920023410247,low,0
S0060,2025-01-17,3,mid,5,42.006801971652145,0,2,3,1,1,5.650688831129701,0.0,10.663457457332397,0.18255344127254614,0.2962924130619653,0.004324776520069018,0.7131432057888811,0.0,0.9471282505146061,0.2794456775721794,low,0
S0060,2025-01-18,3,mid,3,25.540114932046617,0,1,1,1,1,5.256890715476488,0.0,9.463214408358036,0.9410571444523782,0.49063850052798375,0.06155167241861281,-0.3543284689067121,0.0,0.12259439380126524,0.9804078885878794,low,0
S0060,2025-01-19,3,mid,4,45.37417763468806,0,2,2,1,0,5.874800316870622,0.0,6.933733656889634,0.07277118063272703,0.34953220438325805,0.01597308368688455,-0.11686056322087435,0.0,0.8320135943794096,0.6973186664308535,low,0
S0060,2025-01-20,3,mid,4,39.96910147065849,0,2,1,1,0,5.449593523027671,0.0,6.0469234081466,0.8038302269241029,0.12434602042260978,0.7895707679600563,-0.4600734321185618,0.0,0.28084607597327416,0.9455955550685323,low,0
S0060,2025-01-21,3,mid,5,27.76222026080528,0,1,2,1,1,3.5009650269120174,0.0,5.744713749544429,0.4985359942104761,0.1442857160662001,0.6299365890172232,0.02940498695284277,0.0,0.3030103275294368,0.692651802512543,low,0
S0060,2025-01-22,4,mid,6,45.51097016101387,0,2,1,1,0,7.808707917379478,0.0,3.90136330357843,0.4635258703320526,0.8631723722974867,0.3707143269851232,0.8861810247974695,0.0,0.8049654097033334,0.07565442305140468,low,0
S0060,2025-01-23,4,mid,4,45.89745751993367,0,0,3,1,0,4.032621043084946,0.0,11.213046264854913,0.008060370509283765,0.9295237399517305,0.48459831618965643,0.9703817758519486,0.0,0.45299723436097006,0.5907926366806492,low,0
S0060,2025-01-24,4,mid,4,54.65876908765914,0,0,1,1,0,6.405251606563116,0.0,9.181882002723055,0.9379297535476842,0.05760382999297897,0.14162375492839097,0.7644562983578409,0.0,0.27228503870226584,0.4010990670456639,low,0
S0060,2025-01-25,4,mid,4,43.09485185459758,0,1,5,1,0,5.313669311898853,0.0,12.464512222248715,0.7774769106115064,0.01997049024933495,0.20149182415311406,0.5357260566432387,0.0,0.1061880136228941,0.0427266770737148,low,0
S0060,2025-01-26,4,mid,4,45.97637159889846,0,0,2,1,1,3.9296513362197665,0.0,11.689858390095912,0.5811613013502778,0.961809702367865,0.6370927040626135,0.19761327176696586,0.0,0.029456251606079564,0.18264946509167534,low,0
S0060,2025-01-27,4,mid,6,53.49436347319869,0,2,4,0,1,6.351293542994297,0.0,9.895482435224807,0.7327879988456069,0.968151424216616,0.7748753512719287,0.4512588746063322,0.0,0.42758390853762807,0.10647296503881543,low,0
S0060,2025-01-28,4,mid,4,67.29284703279642,0,1,2,1,1,6.52199076761148,0.0,5.29132417968646,0.18780729913657523,0.7692296937752868,0.48169949619143515,0.7671749932144729,0.0,0.938890844609923,0.38297297950131093,low,0
S0060,2025-01-29,5,mid,5,32.63880780777738,0,0,5,1,0,4.823939322012624,0.0,0.8813493422384067,0.6274288931876342,0.0038139696066361584,0.2564203748715669,-0.6594915768759382,0.0,0.7104466596661444,0.8323271779288098,low,0
S0060,2025-01-30,5,mid,4,36.91981964695228,0,1,4,1,0,0.9761044880633918,0.0,8.70938138422278,0.46882755620157157,0.5772642505452521,0.16601812958449214,0.5957878211289986,0.0,0.11261810665797534,0.40434410885323235,low,0
S0060,2025-01-31,5,mid,4,36.30777854969303,0,1,2,1,1,5.280120963766601,0.0,11.777646905661637,0.9277223920624063,0.12709817235745913,0.031978667585295106,0.08656450496019219,0.0,0.17521938309766638,0.8598338778389958,low,0
S0060,2025-02-01,5,mid,6,40.726103750427676,0,1,2,0,0,3.41171519823331,0.0,13.85173363446744,0.9182546707708527,0.7906691580696523,0.6989466909336358,0.07230182416127295,0.0,0.7170318000134275,0.9587705441313026,low,0
S0060,2025-02-02,5,mid,4,48.5386260447775,0,0,5,1,1,4.953331006164387,0.0,10.375416743999882,0.5455803735863569,0.6007473203296312,0.5585617424071002,-0.8193738295339512,0.0,0.1150406679617707,0.8887554838552338,low,0
S0060,2025-02-03,5,mid,6,56.64888214211494,0,1,1,1,0,6.038567852965793,0.0,11.752306933878824,0.25149728873465116,0.3375741197757457,0.20856719046388217,-0.993376555770445,0.0,0.06461102774863703,0.9863196257993518,low,0
S0060,2025-02-04,5,mid,5,44.640367981255416,0,0,3,1,1,0.7617678901699989,0.0,12.994848415028192,0.5715936872470707,0.16119265186893494,0.07847281768188286,0.09625227316078644,0.0,0.07049671195643692,0.6608693228423563,low,0
S0060,2025-02-05,6,mid,5,41.138014959670535,0,0,3,1,1,3.585093300016972,0.0,9.347345562764392,0.14649396283572658,0.14645050189906206,0.2260565339923466,0.7414030822477704,0.0,0.29523668236258915,0.27386805670470127,low,0
S0060,2025-02-06,6,mid,5,37.38275206248508,0,4,1,0,1,4.739370202380377,0.0,10.01161307901958,0.6796573698367713,0.4416802865363453,0.25946566698398543,-0.45759468737824815,0.0,0.04230979518922895,0.2226128802283085,low,0
S0060,2025-02-07,6,mid,4,34.99983769422951,0,2,2,0,1,5.1039377315485295,0.0,12.024894467902392,0.555861998977148,0.544259245509799,0.5244130896854032,0.8768558668478228,0.0,0.6020242052244974,0.48512521493605154,low,0
S0060,2025-02-08,6,mid,4,53.227092676255054,0,0,2,0,0,3.6967973930662685,0.0,4.949880594950857,0.578698729430628,0.54320343828115,0.36740187634770005,-0.31347384120604826,0.0,0.00131878102598737,0.8811127466145868,low,0
S0060,2025-02-09,6,mid,4,32.52380087782262,0,0,2,1,0,4.124313588525498,0.0,7.653808989183869,0.33395381181882733,0.7362658409454048,0.1287174723253035,-0.6264587698303059,0.0,0.9721160491700348,0.0708979132266252,low,0
S0060,2025-02-10,6,mid,2,53.18495685361126,0,1,1,0,0,3.351962861250155,0.0,10.567466540407292,0.9315470023145945,0.7485941013443189,0.807596247622146,0.16770001707776827,0.0,0.6309480694387494,0.22105784077481072,low,0
S0060,2025-02-11,6,mid,5,51.94284036699834,0,2,3,0,0,3.21086254408575,0.0,12.987555605376464,0.07592663977528702,0.8949649026809419,0.9723941276908268,-0.7363107665523261,0.0,0.8960657177926278,0.6481020070462027,low,0
S0060,2025-02-12,7,mid,5,34.40741110506781,0,2,3,1,1,7.00219301586154,0.0,13.553598721357666,0.6404349970507571,0.8798436941595755,0.5279457176123403,0.408458911065938,0.0,0.9546600831227934,0.13776384522039387,low,0
S0060,2025-02-13,7,mid,3,39.70786272682607,0,0,4,0,1,7.399483784696555,0.0,9.477081917659385,0.43690954095222334,0.9784093450729816,0.3109633712318206,0.3856416133365499,0.0,0.7589362553937489,0.6304039675629137,low,0
S0060,2025-02-14,7,mid,3,37.60457479134267,0,2,2,0,1,4.008766114026084,0.0,11.460018310204617,0.9333558343997098,0.6280328465319246,0.49675478172823184,-0.598270905888526,0.0,0.7301951730571267,0.9207951185337818,low,0
S0060,2025-02-15,7,mid,5,37.578549785265636,0,2,2,0,1,3.4767594917419036,0.0,9.363036892773893,0.38324736498694756,0.41159174679078836,0.6387358110207599,0.48828560945735844,0.0,0.6477981507138533,0.7071886787334852,low,0
S0060,2025-02-16,7,mid,4,23.464644305439514,0,1,4,1,1,8.135501168404895,0.0,8.167707813055364,0.6506072326106562,0.6672844865780451,0.42026374676842604,-0.8897401454363723,0.0,0.8727072696019301,0.07402280239352854,low,0
S0060,2025-02-17,7,mid,3,41.59158773875421,0,0,1,1,0,5.745377690489795,0.0,12.40380943990538,0.7169373077968102,0.06630563381803556,0.35654202139649604,-0.7640044122377723,0.0,0.5615664956759794,0.8376290808810547,low,0
S0060,2025-02-18,7,mid,3,40.38125051638594,0,0,4,1,0,1.758277521059119,0.0,12.440340375049951,0.4284401141382035,0.6279835953835684,0.7842795799385297,0.8928182792049772,0.0,0.12268045370479519,0.1916416989027514,low,0
S0060,2025-02-19,8,mid,5,46.05310417748557,0,1,1,0,1,1.7962574692054374,0.0,14.279864888977933,0.542621264998927,0.6947571926250318,0.21351267223669013,-0.3171098312557801,0.0,0.25051047634755264,0.96015951294083,low,0
S0060,2025-02-20,8,mid,5,23.732105828715312,0,0,4,1,1,4.59525608635763,0.0,3.1790180036908167,0.20216464632905584,0.2900903236932787,0.9474097726578796,0.040454102073508746,0.0,0.8696665294693974,0.26936628064889123,low,0
S0060,2025-02-21,8,mid,6,50.864375432286195,0,1,4,0,0,7.9601418701924045,0.0,6.328700532844982,0.5604725348271152,0.5606273379632406,0.4233709680886235,-0.8195386876926256,0.0,0.1215475772917668,0.8353214307016228,low,0
S0060,2025-02-22,8,mid,5,44.56971418915605,0,1,5,0,1,3.553552857026573,0.0,12.427117669911873,0.39029304720809377,0.04752455169386549,0.6502039137100202,0.3748972894306233,0.0,0.9016594320506303,0.8910206192960594,low,0
S0060,2025-02-23,8,mid,3,56.80759492605854,0,1,2,1,1,3.0898305655878153,0.0,6.264775127913788,0.469925434544209,0.22420066657724846,0.46542258901899103,-0.9815966288481441,0.0,0.8775365710046834,0.1622940401520182,low,0
S0060,2025-02-24,8,mid,5,45.01549480006635,0,3,4,0,1,7.61389360491605,0.0,12.600056700018863,0.7221406728673881,0.7403117720336917,0.02032201486121321,-0.5530042099460604,0.0,0.7295912297624376,0.12358177759289435,low,0
S0060,2025-02-25,8,mid,5,34.42938536685123,0,1,4,1,0,9.078745257786387,0.0,9.365753523670094,0.5741882967979983,0.09242296655109605,0.2855610356222975,0.8763307680118866,0.0,0.627642640321016,0.6581231658171347,low,0
S0060,2025-02-26,9,mid,4,37.19263516620836,0,1,3,1,1,2.2073805052407858,0.0,11.400819927042273,0.10635543247432833,0.9939249981064188,0.3083902314355582,-0.9320578814901666,0.0,0.39104609640774735,0.7480997352506704,low,0
S0060,2025-02-27,9,mid,4,54.87851848013847,0,0,5,0,1,2.9630135520936416,0.0,12.801713495095392,0.6232141901240277,0.8047302219034144,0.9142246172506864,0.8750409645992752,0.0,0.3020332442369713,0.20088094831487302,low,0
S0060,2025-02-28,9,mid,5,56.49243384046618,0,1,1,1,0,7.008615510421164,0.0,8.995754439741873,0.7544268541976422,0.01836617557402298,0.16649806337942907,-0.05193097209811515,0.0,0.6586802651598134,0.7151259495960555,low,0
S0060,2025-03-01,9,mid,5,42.49702274462485,0,2,2,1,1,6.149179677894854,0.0,4.087695030661445,0.33796527985962876,0.7031049911959458,0.36205317148541794,-0.06734788351065912,0.0,0.7188476319212982,0.4164413647755967,low,0
S0060,2025-03-02,9,mid,4,59.555711797313194,0,1,4,0,0,5.701852205368204,0.0,5.640778393293258,0.46901700294090076,0.7788868884719743,0.9357693706813426,-0.7785297748647027,0.0,0.9812063220636668,0.164908976934385,low,0
S0060,2025-03-03,9,mid,5,37.61215504557771,0,0,2,1,1,5.610742728389923,0.0,10.120027447933658,0.5929373321657543,0.3955447428218961,0.9664436051647277,-0.8527272015005716,0.0,0.5146445360076,0.632084037620202,low,0
S0060,2025-03-04,9,mid,4,42.38386898493928,0,1,4,0,0,5.2646983933933855,0.0,11.413523439603232,0.7162152100616747,0.10842110060894539,0.194010557011984,0.6197769428092386,0.0,0.567730858597319,0.04512152467278974,low,0
S0060,2025-03-05,10,mid,4,71.24707848171212,0,0,4,0,0,5.906032399712175,0.0,13.572269622041762,0.8713117199608678,0.42466626305428457,0.5119208893813475,0.5211689167292828,0.0,0.5462761907023845,0.571984186765138,low,0
S0060,2025-03-06,10,mid,4,74.44419757848804,0,2,2,1,1,5.174681830571348,0.0,12.81607637479806,0.8218409337238304,0.24182303996409704,0.07297563888537717,0.3700012681188318,0.0,0.3016103001431524,0.6346046657865956,low,0
S0060,2025-03-07,10,mid,4,45.084380796242144,0,2,1,1,0,5.4500851750173975,0.0,9.307060433371817,0.9655533662294432,0.6363821518837993,0.36477053563222617,-0.5578354658386908,0.0,0.7435588562273429,0.6383988786514332,low,0
S0060,2025-03-08,10,mid,5,38.82071212330047,0,0,3,0,0,4.361790637795182,0.0,10.47338425021994,0.6194723345024474,0.5094343075018747,0.0974433844437983,0.4126906203516578,0.0,0.3108897252979669,0.1822968927776999,low,0
S0060,2025-03-09,10,mid,5,27.39108257494101,0,1,1,1,1,9.042886529702109,0.0,8.565596521659744,0.42783816661480034,0.22315562357776408,0.666195075224988,0.705066716888709,0.0,0.5003995521880069,0.5576487049511838,low,0
S0060,2025-03-10,10,mid,6,26.914394100710627,0,2,5,1,0,4.5534597542440824,0.0,7.606479322337366,0.953160819570559,0.46048864551604174,0.5456226492199747,0.4844746942714575,0.0,0.9847975811975362,0.4117749836264415,low,0
S0060,2025-03-11,10,mid,5,45.19124539676595,0,1,4,0,0,7.694020579107502,0.0,11.568300484779352,0.9149894257153359,0.7615892597741369,0.42065933871943095,-0.647059565180476,0.0,0.7138241789040877,0.2467213432646994,low,0
S0060,2025-03-12,11,mid,4,56.38530427059399,0,0,4,0,0,2.201732708673783,0.0,7.9039979075309486,0.22555749894089017,0.391748888682495,0.8681002094114105,-0.8590883061722889,0.0,0.29624028429205373,0.5623084117857269,low,0
S0060,2025-03-13,11,mid,4,51.612092577312445,0,0,3,1,1,4.703798810696807,0.0,13.492044599465876,0.5690965876766735,0.5608809663054262,0.11930617139967115,-0.29011492735813094,0.0,0.24158541773888753,0.6830212411106327,low,0
S0060,2025-03-14,11,mid,5,36.025635387417694,0,1,3,0,1,4.0744511011490525,0.0,12.216536814313685,0.12242794567812376,0.5924944222023543,0.2815135911376757,-0.5965643210586027,0.0,0.6413047735761762,0.7503783823580129,low,0
S0060,2025-03-15,11,mid,3,48.01241262577039,0,1,1,0,0,3.0072048540689,0.0,10.793299331239245,0.4488362631718473,0.34672855122905966,0.867884868398304,-0.021227976461761555,0.0,0.42627563314192096,0.24388157186117243,low,0
S0060,2025-03-16,11,mid,5,43.05948327158747,0,2,4,0,0,6.1363339461309785,0.0,12.540109964308956,0.031396510359131935,0.45833450628298,0.07809094050021559,0.8572848927022116,0.0,0.6126185727465077,0.1565322730447951,low,0
S0060,2025-03-17,11,mid,3,46.59443512560256,0,0,1,1,1,1.0715312999077882,0.0,11.564137433491013,0.0006778299141398936,0.4720249760908304,0.5127733236952108,-0.3268675998180519,0.0,0.48432477904308013,0.1007228130873784,low,0
S0060,2025-03-18,11,mid,4,47.887718732386865,0,3,1,1,1,5.267455966808082,0.0,10.585449695997792,0.002519520343347126,0.5703617479408565,0.6998742699226039,-0.8931876723153476,0.0,0.11399963238101385,0.2785619783070018,low,0
S0060,2025-03-19,12,mid,5,46.88780475871411,0,3,1,0,1,4.299604152052835,0.0,11.443945690198799,0.7657565213240897,0.7342298630402508,0.7634136529918375,-0.8343540984166347,0.0,0.8094164267636754,0.26143256812724425,low,0
S0060,2025-03-20,12,mid,4,47.22138202903465,0,2,3,1,0,4.1981368145795965,0.0,9.517501600988222,0.5285103395469107,0.1999382102728947,0.940100349382989,-0.5237154336533272,0.0,0.5867856042097589,0.5585370494569829,low,0
S0060,2025-03-21,12,mid,5,40.765541855946886,0,0,5,0,0,1.6491460447921331,0.0,8.409151552818646,0.49539082972182635,0.3874138715153851,0.17909794498268716,0.4837755581612926,0.0,0.17662102510080258,0.54564521848216,low,0
S0060,2025-03-22,12,mid,4,59.0383346332718,0,3,3,1,1,4.4478107613883395,0.0,10.682541300492572,0.7581550151907976,0.5556837513638352,0.11761960498543456,0.2315067779994755,0.0,0.19240855078857666,0.1941197372157526,low,0
S0060,2025-03-23,12,mid,5,44.41350414067853,0,3,2,1,0,3.78481712413181,0.0,13.017313061815726,0.9848135974479875,0.8814520727132349,0.7971310041244846,0.43049653128326804,0.0,0.03873946279506102,0.02240374208772078,low,0
S0060,2025-03-24,12,mid,5,35.148195343181435,0,2,3,0,0,5.461524111820734,0.0,6.775028193313155,0.6712343485914284,0.5187690010361763,0.6142944566443864,0.21311292512127133,0.0,0.12424016941865001,0.21580910731722425,low,0
S0060,2025-03-25,12,mid,5,39.63278882981138,0,2,4,0,1,8.512550102907637,0.0,8.334406741004035,0.2686567144512043,0.22862336459775456,0.898271573810741,0.9920151962388264,0.0,0.3864083182851712,0.23660435056150952,low,0
S0060,2025-03-26,13,mid,3,37.02446982018844,0,2,2,1,0,5.198283523745368,0.0,9.745108405574614,0.6300287648058939,0.9281321914765218,0.9381670702221078,-0.6616733107457786,0.0,0.5131653883375621,0.1954606650512689,low,0
S0060,2025-03-27,13,mid,2,25.695135198827433,0,4,4,1,0,4.493769731679237,0.0,13.532904762546162,0.6281959712268428,0.27753940533648735,0.08417111857886628,0.05160789082604644,0.0,0.4246708662155375,0.9699180713069877,low,0
S0060,2025-03-28,13,mid,6,50.8340775209019,0,0,4,0,0,3.698509631474429,0.0,8.480356389701345,0.6022653988232091,0.3588798956206597,0.13124322476760875,0.5945277786421925,0.0,0.34978794838780614,0.4451684698868067,low,0
S0060,2025-03-29,13,mid,3,61.56243273405901,0,2,3,0,1,6.353668140577428,0.0,9.544102276455408,0.8194178989128473,0.9886660615180359,0.641753673891386,-0.9369473545146645,0.0,0.15388502352367395,0.820313663260606,low,0
S0060,2025-03-30,13,mid,3,50.343341108018606,0,0,5,0,0,2.2272307260820954,0.0,14.522505561643118,0.2695173162395811,0.5648928738728664,0.7946711043644239,0.7899850180077672,0.0,0.5914858598889131,0.528796718067563,low,0
S0060,2025-03-31,13,mid,4,41.30712360285199,0,0,5,1,0,6.729606447343427,0.0,14.256353412610036,0.9121943358755007,0.036287162078958324,0.16128911390043088,-0.6203668044068391,0.0,0.05964768081540184,0.6182876438851594,low,0
S0061,2025-01-01,1,mid,7,43.147055996756755,0,1,1,1,1,4.495236845798139,0.0,13.332997465799378,0.06166878883225635,0.6193585932658209,0.19768170798376228,-0.3227381687453805,0.0,0.32769897723036256,0.07242416883828773,low,0
S0061,2025-01-02,1,mid,6,51.2221512674575,0,0,5,0,1,4.248944171754962,0.0,3.651391026898911,0.6696193270361513,0.1995222291014851,0.5378807845769441,0.625980041605904,0.0,0.22249153206455352,0.5155312162661023,low,0
S0061,2025-01-03,1,mid,7,50.55929400465939,0,2,3,0,0,6.600083102521075,0.0,11.340291508030406,0.6041671733100586,0.31072047440849704,0.057640037612199935,0.31795231184188366,0.0,0.40372796686392165,0.49685530233284914,low,0
S0061,2025-01-04,1,mid,7,48.58732345481327,0,1,2,0,1,4.485464569849689,0.0,10.199619973862367,0.7232111696900367,0.3146685130526562,0.37263742938844824,0.22844362891364578,0.0,0.24737583318411582,0.658777457131059,low,0
S0061,2025-01-05,1,mid,6,36.291585660055276,0,3,2,1,0,8.07010874049877,0.0,10.796070291765481,0.0032177030215876368,0.5315054561393118,0.7324692957938445,-0.3402654512153491,0.0,0.9011558812158957,0.7796277723646707,low,0
S0061,2025-01-06,1,mid,6,36.38217993055427,0,1,4,1,0,3.9368857358831413,0.0,7.746022115760079,0.054277029428095425,0.8390576965853418,0.13494957127409946,-0.23988519833190725,0.0,0.46297341924923685,0.23489820441451104,low,0
S0061,2025-01-07,1,mid,6,50.4711436150705,0,0,1,0,0,8.154037841076295,0.0,9.145956018343233,0.2739415229000912,0.06630623105277311,0.8945698426554388,-0.8638462144683043,0.0,0.927280367766613,0.4974937929478124,low,0
S0061,2025-01-08,2,mid,5,45.234317751887524,0,2,3,1,0,5.68406684278404,0.0,11.188475412203713,0.5818195044331055,0.31884219894029386,0.5583314115771952,0.9144376810553094,0.0,0.08457406132838374,0.20100770440914006,low,0
S0061,2025-01-09,2,mid,7,56.08788062521225,0,0,5,1,1,7.115831306360795,0.0,12.219663428247344,0.6428248009175979,0.20218556604429772,0.5162385034926219,0.9329486563415361,0.0,0.10424821790127659,0.7051853400542188,low,0
S0061,2025-01-10,2,mid,6,55.7317083903754,0,0,1,1,0,6.970840072408443,0.0,12.71411419574047,0.6629586538137147,0.14373846962808923,0.20669442303512042,-0.22866472577575903,0.0,0.9954670355716213,0.6725741302472055,low,0
S0061,2025-01-11,2,mid,5,16.806629839206746,0,1,5,0,0,5.811624724098531,0.0,9.103537606794236,0.34912947260428395,0.6867003240788524,0.4935277491972019,0.8286712218933623,0.0,0.22790279186854123,0.9553038471208929,low,0
S0061,2025-01-12,2,mid,6,55.35312662893489,0,2,2,1,0,0.6993076449982691,0.0,13.765409187083144,0.1711080762753262,0.48478916573895514,0.06283521694733796,-0.8925871268088026,0.0,0.5332080873356977,0.18030982465276346,low,0
S0061,2025-01-13,2,mid,4,49.73840580300537,0,1,4,0,1,5.953718307281799,0.0,9.647949741631331,0.45319674653426245,0.9199893084651267,0.4523301729773824,0.03229849149863684,0.0,0.9580767354180061,0.6749013800422331,low,0
S0061,2025-01-14,2,mid,6,34.161870029642586,0,0,5,0,0,5.916446234116256,0.0,14.280985562035074,0.3065995201817798,0.43805944570289046,0.27946002967783246,-0.13695128219854524,0.0,0.04978361027897471,0.10564601177908595,low,0
S0061,2025-01-15,3,mid,6,43.65116603987299,0,1,2,0,0,4.489850506288663,0.0,8.206028474199304,0.06747892506975073,0.06962918946568764,0.07722170434987141,0.7948756637691785,0.0,0.21896838558178133,0.0673184409993719,low,0
S0061,2025-01-16,3,mid,4,52.151313939645576,0,0,2,1,0,1.4993837695767396,0.0,14.289982491979682,0.29479361150366745,0.8294891088199399,0.09008042916737091,-0.13362676309198074,0.0,0.6653001030762522,0.25055512096428545,low,0
S0061,2025-01-17,3,mid,6,36.06670152064676,0,2,3,1,1,2.783892411507057,0.0,5.853979767704099,0.051172396517654706,0.002376449122127644,0.6329163968197499,0.0453890391452747,0.0,0.7277317487607163,0.2274937033331147,low,0
S0061,2025-01-18,3,mid,5,51.84243381018512,0,1,5,1,1,2.8647271037688795,0.0,12.463698154968057,0.3271623535861,0.7001279384930215,0.21166121915682268,0.04274221238447029,0.0,0.5386222709967502,0.9169524893783232,low,0
S0061,2025-01-19,3,mid,4,40.509567294636156,0,0,3,0,1,6.454845984180424,0.0,11.296632828249832,0.16820801557918863,0.9891816797129466,0.6212081050965577,0.6424442220967448,0.0,0.7855154187785041,0.10722978570180342,low,0
S0061,2025-01-20,3,mid,5,24.515754468258955,0,0,2,0,0,6.81744404837402,0.0,10.416699719051289,0.03956629499428821,0.4976991477030869,0.21300035582545174,0.9164812003964551,0.0,0.6654090167256831,0.27293152240001595,low,0
S0061,2025-01-21,3,mid,7,33.217006248791805,0,2,3,1,0,3.853558424993719,0.0,9.126682566630194,0.40294758827858657,0.7891648472411724,0.28450662940747307,0.7622493737015825,0.0,0.8013566857517487,0.9976304671809563,low,0
S0061,2025-01-22,4,mid,4,52.74405733605723,0,3,5,1,1,10.982457223718853,0.0,10.008138990787758,0.7763683491133848,0.7285084822036607,0.054742991040822475,0.4474752005585514,0.0,0.26234317849307964,0.41608899187432624,low,0
S0061,2025-01-23,4,mid,7,40.22701173197016,0,1,4,1,1,4.168126874180003,0.0,5.571096820984503,0.21885366373605408,0.9275843122691776,0.9277987225738509,-0.6587867810729606,0.0,0.41323815058123015,0.9920013828871496,low,0
S0061,2025-01-24,4,mid,5,55.721393525012644,0,2,3,0,0,6.452342726335432,0.0,16.11052456581981,0.9446919638908393,0.01628671491338718,0.214692602327344,-0.8527469548226598,0.0,0.9634570841327376,0.23397037370100415,low,0
S0061,2025-01-25,4,mid,5,49.42165253584797,0,0,2,1,0,7.263403146914454,0.0,7.420302159169925,0.31526990451609316,0.01703237194460172,0.8070252402901219,-0.6705542472720247,0.0,0.320868735390445,0.910575580639918,low,0
S0061,2025-01-26,4,mid,6,43.35651223137534,0,2,1,1,1,3.6276481675658365,0.0,9.625232449440194,0.3582334110937323,0.18767535733655483,0.5748885855644269,0.8608910335967921,0.0,0.13983826540536182,0.8611343332782267,low,0
S0061,2025-01-27,4,mid,6,33.94471780901302,0,1,2,1,0,5.518797367764039,0.0,12.718866246055974,0.23370837676313494,0.09153909977074415,0.5354681148350503,-0.06376106464541276,0.0,0.93248995499457,0.2307002581711205,low,0
S0061,2025-01-28,4,mid,6,49.38786770205302,0,2,5,0,0,6.834234626933611,0.0,7.958608149809548,0.49819086674913315,0.2829356309113449,0.7884567868768024,-0.9563795389667968,0.0,0.9953513336914896,0.8886942444686489,low,0
S0061,2025-01-29,5,mid,5,54.053975057414846,0,3,5,0,0,2.79666460112521,0.0,10.321327305434568,0.6060521931034996,0.42264953009755846,0.6536703173841993,0.7760103569991235,0.0,0.30854748911393326,0.3473074019221192,low,0
S0061,2025-01-30,5,mid,6,46.37452830200931,0,1,3,1,0,9.21279719741348,0.0,3.7614254241011347,0.2525044059623782,0.7846934191355118,0.6410436122543094,0.9097405276875663,0.0,0.20388811665140483,0.6191344725687622,low,0
S0061,2025-01-31,5,mid,6,45.408577876233814,0,0,3,1,1,5.773323959385047,0.0,9.44934381341929,0.29098185591249237,0.6945878022605385,0.7552091974445235,0.3008661280498608,0.0,0.536469601935372,0.6526368434615221,low,0
S0061,2025-02-01,5,mid,4,74.1742498576063,0,1,1,1,0,6.170207415315677,0.0,9.309514010949062,0.23784498134656995,0.04852292332173058,0.8822443241837339,-0.12213855565018772,0.0,0.6210563230448293,0.885778342604402,low,0
S0061,2025-02-02,5,mid,6,51.459411083357324,0,1,2,1,0,6.160719533048883,0.0,13.218755360404659,0.644853125220222,0.2702795948114445,0.8290494618312517,0.9798270135488842,0.0,0.1629512468596377,0.7398074879450754,low,0
S0061,2025-02-03,5,mid,4,40.44142918895697,0,0,2,0,1,6.929440524409157,0.0,10.35458241495425,0.9089178568463013,0.15066578749248827,0.6286415536859017,-0.8976097937357246,0.0,0.27377776860182856,0.17329307787738735,low,0
S0061,2025-02-04,5,mid,5,55.4332878902232,0,1,5,1,1,5.264294966609967,0.0,8.407476004696226,0.17859670613541723,0.8626030192863845,0.8848002627204336,0.38206757708513917,0.0,0.0649560189648195,0.8916037389963677,low,0
S0061,2025-02-05,6,mid,4,41.803888376630916,0,1,4,1,1,5.681642703275324,0.0,8.913148509620905,0.09669496095597607,0.2947446012015984,0.5037962140971844,-0.7585706625314608,0.0,0.07465779921403282,0.2700334330310131,low,0
S0061,2025-02-06,6,mid,7,48.48392552428096,0,2,2,1,0,3.3588086651912974,0.0,5.971591517604814,0.0629925545958262,0.6455974325110931,0.6441172473709517,0.5540779337016082,0.0,0.9462600973865294,0.42816660659722505,low,0
S0061,2025-02-07,6,mid,7,33.40090577709984,0,1,5,1,0,3.164733281955547,0.0,10.569806126168935,0.135895233566533,0.24878824391583287,0.8846448535442785,0.4102900162292229,0.0,0.5575314868292462,0.3691659473087836,low,0
S0061,2025-02-08,6,mid,4,41.955126008008165,0,1,1,1,1,4.8602706178815565,0.0,11.51373919109352,0.8757547834636071,0.48693717065056086,0.6491631383983234,0.5108456861848494,0.0,0.5346892117163258,0.9370663291106178,low,0
S0061,2025-02-09,6,mid,4,57.2638477353119,0,1,4,0,0,3.1521816741158477,0.0,7.07550945640018,0.8314256226229122,0.766940201036789,0.31084616786665153,-0.3102248817361506,0.0,0.9696730150842647,0.9501556912763491,low,0
S0061,2025-02-10,6,mid,4,54.777646506222275,0,4,3,0,1,7.4456202103416915,0.0,9.579082263582539,0.6826236882610233,0.35689775554694336,0.20933403373957038,-0.2788212763813316,0.0,0.5181789496356084,0.19999100971726536,low,0
S0061,2025-02-11,6,mid,6,31.82180640402098,0,1,3,1,0,3.104265115291361,0.0,14.797639791362847,0.949053069469475,0.7124236523984774,0.4428910153626222,0.2545955847990269,0.0,0.06600117776238956,0.5891381946672184,low,0
S0061,2025-02-12,7,mid,5,48.07810408717056,0,1,3,0,0,5.249887576459741,0.0,7.999843187192258,0.18875051512035623,0.6749398167308509,0.9571194803043875,-0.28829859434328275,0.0,0.7369635372028017,0.9113220328611946,low,0
S0061,2025-02-13,7,mid,4,55.63715997238684,0,1,5,0,0,7.330862627752374,0.0,9.074937182229805,0.7959651167248547,0.12103738189734026,0.6664150108693607,-0.24310717443964003,0.0,0.821012710261641,0.851018601858968,low,0
S0061,2025-02-14,7,mid,5,31.282942537336034,0,1,5,1,1,4.347078019493094,0.0,11.417209319316942,0.752680586450358,0.125542516787857,0.9169518924214127,-0.5519572268089574,0.0,0.4410164172994312,0.6435982117897844,low,0
S0061,2025-02-15,7,mid,4,38.35375518509049,0,2,2,0,1,4.621386692382111,0.0,9.396761273338054,0.8982690540052013,0.3669687364971149,0.25527927964308406,0.3874805257998497,0.0,0.8607843909869844,0.44240999733347053,low,0
S0061,2025-02-16,7,mid,5,58.92498746401819,0,2,2,0,1,6.792455760384973,0.0,11.459606307365194,0.6075404988099262,0.46013819680605905,0.049454103231322266,0.6793969061060843,0.0,0.9099345492869085,0.44965326539673733,low,0
S0061,2025-02-17,7,mid,6,32.95899640759072,0,0,4,0,1,4.863094595433259,0.0,10.388797766111713,0.9059897106295557,0.2166501129065327,0.8962225776150032,0.10924705055319661,0.0,0.18248838507241893,0.31918546119103264,low,0
S0061,2025-02-18,7,mid,5,43.86111669178625,0,1,5,0,0,2.8526161225206392,0.0,8.676472592176706,0.9298542505665914,0.7827103607114313,0.5832371559083016,0.7168772018026468,0.0,0.9494457483066955,0.8613712621922862,low,0
S0061,2025-02-19,8,mid,5,49.70901663165902,0,2,5,1,0,3.8218592880452436,0.0,11.266580428574375,0.2918351915444217,0.21345263248885382,0.5719098133522194,-0.175880358673413,0.0,0.32394735987286705,0.3577906898255938,low,0
S0061,2025-02-20,8,mid,3,35.751531081896644,0,2,5,1,1,4.495555298541472,0.0,8.370535379239122,0.29829771779944325,0.7331135002670099,0.670937021659824,-0.8765493563852753,0.0,0.14970884607197066,0.318784780211506,low,0
S0061,2025-02-21,8,mid,6,46.9335107987125,0,0,3,1,0,8.760936987995692,0.0,13.410076353633595,0.5182948542141603,0.38902238777060394,0.8797829636788569,0.603835219712225,0.0,0.9984055718121387,0.4126928769520929,low,0
S0061,2025-02-22,8,mid,6,41.73543333533291,0,2,1,0,0,4.675389911276919,0.0,9.72097305524741,0.6035811052065859,0.44467856371154424,0.25545384930934534,-0.9749012174042697,0.0,0.14624064637850087,0.6667155384072325,low,0
S0061,2025-02-23,8,mid,5,33.15262279454831,0,0,1,1,1,5.4369353163376335,0.0,7.076401847143826,0.07175755466498412,0.8298875429576353,0.9879589683519525,-0.010015063026927118,0.0,0.3133977356919472,0.8457492817587576,low,0
S0061,2025-02-24,8,mid,3,56.21423395755602,0,0,4,0,1,4.821058513898224,0.0,7.0783787414167945,0.4763614791524853,0.4608326960415847,0.841488258007252,0.6227053295978702,0.0,0.5077465933587559,0.7785252027321258,low,0
S0061,2025-02-25,8,mid,6,37.99430515118344,0,0,4,0,1,4.58272232252398,0.0,11.96799862194686,0.7026183734667988,0.6716968799748033,0.9883469587776621,-0.9079033963637317,0.0,0.45543604653046854,0.9895550422583989,low,0
S0061,2025-02-26,9,mid,6,44.41528115114324,0,1,2,0,0,7.2247059736212345,0.0,13.635193948150608,0.5790267805719551,0.001016359870265271,0.9038188416325164,0.6671451213323696,0.0,0.19456104652163564,0.1802921031070781,low,0
S0061,2025-02-27,9,mid,5,40.950320539429825,0,1,5,0,1,7.353615467817054,0.0,10.071964064098662,0.9296045113351313,0.6335922348600173,0.2828379981088509,-0.10316650333549982,0.0,0.6314728002934916,0.6508517411830538,low,0
S0061,2025-02-28,9,mid,5,39.40239296155912,0,1,1,0,1,6.629011347951717,0.0,4.317233877811727,0.01100250661271951,0.611637986709058,0.354524259166323,0.9862167250696661,0.0,0.7827910744329785,0.29104696429809274,low,0
S0061,2025-03-01,9,mid,5,55.61793003718688,0,2,4,0,1,2.6684680859419636,0.0,8.94413225356677,0.13056811532432788,0.3624090070396748,0.9193838698730207,-0.9391322047467492,0.0,0.2077168327165032,0.8242270129715309,low,0
S0061,2025-03-02,9,mid,5,29.311437951200574,0,0,1,0,0,4.217738962495318,0.0,11.999456286495072,0.777554106642479,0.8857386544209556,0.21097630086391628,0.834864415512576,0.0,0.28311224093654463,0.2177963200047438,low,0
S0061,2025-03-03,9,mid,4,38.59508360319246,0,1,5,1,1,4.193506795777845,0.0,7.240557954749521,0.509316770655502,0.39872898210766516,0.7000186864942024,0.007036874644707591,0.0,0.5652632097684883,0.6776395903427531,low,0
S0061,2025-03-04,9,mid,6,36.70365029279529,0,0,2,0,0,4.095983387837312,0.0,10.898666142977913,0.10467840423909724,0.8999849181849913,0.4661494793770097,0.9976993279566562,0.0,0.6350090244912601,0.6879017155728125,low,0
S0061,2025-03-05,10,mid,3,32.315339581629964,0,1,2,1,0,4.162595815593842,0.0,11.5692196851827,0.30168474366804154,0.5927975146526827,0.3261227964339719,-0.2932456685670828,0.0,0.003883482381150327,0.8010172150696732,low,0
S0061,2025-03-06,10,mid,4,44.741074189764404,0,2,1,0,0,4.749297628300585,0.0,8.000668825336358,0.524672329260943,0.7233181638294164,0.3816844681489804,-0.6584647141672655,0.0,0.0896185952677635,0.8093657831745229,low,0
S0061,2025-03-07,10,mid,4,43.80145706648124,0,3,4,0,1,3.838032856535748,0.0,11.538112764218596,0.33393323612274084,0.9786832782194296,0.5717303878743691,-0.0029800941808302284,0.0,0.8507890235111254,0.7620198828502952,low,0
S0061,2025-03-08,10,mid,7,30.10886605035769,0,0,1,1,1,4.804516894802094,0.0,11.445716399094705,0.7183001028886964,0.3965547414725602,0.6564448241996838,0.5437294212981969,0.0,0.6384527553487938,0.2895655603930998,low,0
S0061,2025-03-09,10,mid,6,40.81073600951267,0,2,2,0,1,6.961996681711222,0.0,12.880916917709559,0.23531208394332437,0.9559071080500552,0.7778634387939868,0.6106084861506835,0.0,0.0037013909643336396,0.9784372192153753,low,0
S0061,2025-03-10,10,mid,6,47.792091364790195,0,2,4,0,1,4.876685738067262,0.0,8.520902045513596,0.5930265599407032,0.255972636429597,0.056291810251827834,-0.4320471644604411,0.0,0.8671294779724872,0.3393296870003202,low,0
S0061,2025-03-11,10,mid,6,54.7279826394208,0,3,2,0,0,6.355850469977787,0.0,9.787812188204954,0.9597690928862175,0.19003244700885336,0.44370442521404185,-0.44269943550728574,0.0,0.79073635486697,0.8521674010160009,low,0
S0061,2025-03-12,11,mid,8,41.497908256939134,0,2,5,0,0,6.242921256308069,0.0,12.244773097222959,0.49034044188591575,0.3924631567782292,0.10015260032104112,0.157295465380195,0.0,0.4528300110676232,0.24325524254726238,low,0
S0061,2025-03-13,11,mid,6,54.04455752726422,0,1,2,1,0,3.4723982836357274,0.0,11.624737594072531,0.7395432228187786,0.5407602175993658,0.9766352497249406,-0.06618988912746704,0.0,0.23971464167281087,0.8396558961619813,low,0
S0061,2025-03-14,11,mid,7,68.93337531663448,0,0,3,0,0,2.1852943700310727,0.0,8.234121614281678,0.813839021871447,0.9670137581779626,0.19532163342916076,-0.0843152365070936,0.0,0.770337504722531,0.6360429566435409,low,0
S0061,2025-03-15,11,mid,4,40.84503744778348,0,1,4,0,1,2.4907065408043567,0.0,10.566847434360652,0.28866908446676354,0.5160939848362773,0.9818785893528661,-0.693621141070299,0.0,0.04194480229268427,0.7080375654534915,low,0
S0061,2025-03-16,11,mid,4,54.57838510314552,0,0,2,0,1,10.065201394820338,0.0,13.904650558994783,0.928453009779912,0.7001787639271885,0.8268128368830255,0.5409869525647546,0.0,0.6118574336334744,0.688398691740059,low,0
S0061,2025-03-17,11,mid,4,53.33579422814604,0,0,4,0,0,8.425145940259712,0.0,12.451988489801385,0.8794252377151296,0.6518481670319979,0.17088628151814633,-0.9486045023077949,0.0,0.1968728191966168,0.9081024028940317,low,0
S0061,2025-03-18,11,mid,7,47.22889094747736,0,0,5,1,0,6.855590705156451,0.0,16.958166172029348,0.9822559043281641,0.874435469027194,0.46250025151218055,0.3961601127004113,0.0,0.6556142540596999,0.2348497220388499,low,0
S0061,2025-03-19,12,mid,5,44.36456237902063,0,0,4,1,1,6.525128457409658,0.0,13.1085164390256,0.5807577994953015,0.40677759306778305,0.9637801133316096,-0.6058973105605427,0.0,0.8025378969716138,0.3674529414875488,low,0
S0061,2025-03-20,12,mid,5,49.98919916908009,0,1,2,1,1,4.00509798455606,0.0,14.535855400862204,0.4930245509944938,0.5606069868217585,0.9899869111570698,0.6107465222700785,0.0,0.03980027951704279,0.7836177884179246,low,0
S0061,2025-03-21,12,mid,4,45.17377479505479,0,1,3,1,0,1.3526130026850982,0.0,12.255823546117236,0.7895153101392219,0.8958474955674243,0.07073223841747034,-0.31138163756737014,0.0,0.818610049241938,0.6071306678608822,low,0
S0061,2025-03-22,12,mid,6,63.610306378053544,0,0,4,1,1,4.408599693334269,0.0,7.806923466949117,0.7453293687157373,0.8799540954433125,0.6505021504387145,-0.2838134730171209,0.0,0.7281793666875607,0.7665198046766193,low,0
S0061,2025-03-23,12,mid,5,33.9676681790438,0,0,1,0,0,3.1092561824873046,0.0,2.614143028739832,0.18733489726156283,0.5208295912094758,0.9142906448352157,-0.45729219861282067,0.0,0.5203397196922682,0.3086963798233885,low,0
S0061,2025-03-24,12,mid,6,24.21039532625837,0,2,2,1,1,5.721285365264565,0.0,7.356006428983257,0.2365582058266884,0.33226942999961795,0.09570459075044113,-0.12893234279086485,0.0,0.954832916561024,0.4389473197102266,low,0
S0061,2025-03-25,12,mid,6,60.54424338995962,0,0,1,1,1,4.935682367977094,0.0,8.62117033278554,0.14835118671243286,0.03645290771903764,0.44501811094206434,-0.5352289108066925,0.0,0.9352918042080876,0.8126973133589066,low,0
S0061,2025-03-26,13,mid,6,60.395003656083766,0,0,5,1,1,6.8548228480200475,0.0,10.392973048456097,0.9649402357933531,0.7339401473863728,0.747426988258867,-0.11625826605296452,0.0,0.566556600205719,0.5841103668581443,low,0
S0061,2025-03-27,13,mid,6,40.623386282428285,0,1,3,0,0,2.7497593735846686,0.0,6.3670355472084115,0.9628155648977896,0.5178380994417674,0.5675083465399403,-0.2635968244187872,0.0,0.8993928922272995,0.19095223825736596,low,0
S0061,2025-03-28,13,mid,4,42.6345955608185,0,1,2,0,0,3.901450721985371,0.0,7.977863582505531,0.33598281644813055,0.9019893840960919,0.6261596620346451,0.17589798896401576,0.0,0.9467574555577296,0.7913204716870663,low,0
S0061,2025-03-29,13,mid,5,34.43248827676418,0,2,5,0,1,2.4250928528472917,0.0,11.978285037784945,0.9271960400439428,0.9922477108666439,0.5556199246333353,-0.5524269975611455,0.0,0.31728175840829287,0.7396483630202083,low,0
S0061,2025-03-30,13,mid,6,30.076380361704054,0,0,5,0,0,4.642824218672055,0.0,11.669564039162907,0.9416899948494498,0.3302299735593639,0.6592727210768896,0.637300245899159,0.0,0.3819697240061696,0.2038672572935729,low,0
S0061,2025-03-31,13,mid,6,23.449186916879516,0,2,4,1,1,5.057123906222415,0.0,6.395697710235877,0.3895323575916798,0.3065091367894315,0.1324462411312627,-0.34927188265957976,0.0,0.8201296795004082,0.7945053179307912,low,0
S0062,2025-01-01,1,mid,4,59.060836204202076,0,0,5,1,1,5.383810294488743,0.0,11.692032073275097,0.6332702578730839,0.23964112790917325,0.3141577093020469,0.20680940071261555,0.0,0.2506968140005037,0.35888790389499114,low,0
S0062,2025-01-02,1,mid,4,38.20465356013712,0,2,2,0,1,6.3393175136358675,0.0,4.123427322494279,0.35638420947345695,0.9571570259385926,0.504375084093554,0.4676780443704993,0.0,0.7020653093748529,0.8350923402748011,low,0
S0062,2025-01-03,1,mid,3,56.149219108189385,0,3,1,1,1,7.056240314292576,0.0,14.133000282378742,0.9873134157804049,0.6146508100184552,0.2753534210212085,-0.5056101744807353,0.0,0.659675025411069,0.10345814661022112,low,0
S0062,2025-01-04,1,mid,5,45.59865765403818,0,1,5,0,0,8.440572485329128,0.0,0.7643139439534536,0.40920832614394265,0.41514472552035864,0.9775569224411966,0.7972817054487178,0.0,0.7258673533576291,0.32408323380127135,low,0
S0062,2025-01-05,1,mid,5,46.41825226461275,0,1,3,0,1,9.867721861494186,0.0,10.92341145671007,0.8807729794827254,0.44263757709206397,0.8530747470896605,-0.47961719082247023,0.0,0.5485191257688711,0.7815853912878545,low,0
S0062,2025-01-06,1,mid,2,40.59947392951301,0,2,1,1,1,4.621211499330774,0.0,7.948843270227814,0.6501213148400657,0.8602355379705654,0.7953691853001237,0.3682075533068834,0.0,0.9260690940475677,0.024274958232218924,low,0
S0062,2025-01-07,1,mid,3,54.55412783902291,0,1,1,1,0,3.2411196713643147,0.0,5.858730941750667,0.5531295350665788,0.6055380634124838,0.7906723281602464,-0.8531866254259954,0.0,0.2082341169480333,0.5051619055377436,low,0
S0062,2025-01-08,2,mid,4,41.35850279659745,0,1,2,0,0,8.795872162530806,0.0,2.904842903901142,0.6982714639144783,0.9374553973928262,0.15821000379999584,-0.8576316432423232,0.0,0.12190890951435251,0.740724191160355,low,0
S0062,2025-01-09,2,mid,4,34.06108631360839,0,2,2,1,0,2.0410345579795575,0.0,10.349287532536254,0.3077121956861577,0.8371505652962516,0.5868980847688767,-0.9709393080812145,0.0,0.9653613303455313,0.6661842631194279,low,0
S0062,2025-01-10,2,mid,5,40.27349566895301,0,0,3,0,0,5.995392425170662,0.0,9.857086293240522,0.732390637610781,0.25308605498139325,0.7019649274912761,-0.1946849246381881,0.0,0.5792764517980229,0.5192658588880426,low,0
S0062,2025-01-11,2,mid,3,43.91151552520155,0,0,2,1,1,7.10085278287397,0.0,7.92623232186495,0.7485393933862807,0.14039218502557782,0.14105200328758583,-0.2441065596221541,0.0,0.5685846986357626,0.42672499369453076,low,0
S0062,2025-01-12,2,mid,4,60.543414435516304,0,2,4,0,1,5.760888198408951,0.0,8.122354501322015,0.015876152295963397,0.863316337532596,0.8400891405962653,0.7609377211032473,0.0,0.8787453971105205,0.6675154192809493,low,0
S0062,2025-01-13,2,mid,4,52.109355584794514,0,0,3,0,1,0.24568418814176773,0.0,9.121944738740153,0.9598077646421398,0.4625241862779135,0.8354309031280487,0.8639883431114801,0.0,0.184242865249026,0.34632884183781776,low,0
S0062,2025-01-14,2,mid,4,52.88012588998966,0,0,4,1,1,5.232719724098258,0.0,12.248929669215133,0.25933868187452613,0.45263373116820926,0.8000545038558301,0.33327443151833336,0.0,0.49478242452918897,0.2573165590547728,low,0
S0062,2025-01-15,3,mid,3,56.269377416856265,0,0,2,0,0,6.14491120605277,0.0,7.11648804572446,0.25805246518780756,0.7604916796301552,0.47871689089735414,0.18997057837349374,0.0,0.60097669957778,0.14681050333681533,low,0
S0062,2025-01-16,3,mid,4,48.64757093918266,0,3,4,1,1,3.3063301097574094,0.0,15.319074109828566,0.9327158873144455,0.9143627357967518,0.4825154525529538,0.5586752600934837,0.0,0.9851025757281695,0.33123643125914726,low,0
S0062,2025-01-17,3,mid,5,64.55215973071464,0,2,3,0,1,1.076043955226404,0.0,14.837652720839221,0.198639217030272,0.2032165928275732,0.796209158405161,0.03976234699323866,0.0,0.9840019608581015,0.9530977283196312,low,0
S0062,2025-01-18,3,mid,2,39.68564039949853,0,0,1,1,1,6.013847186326712,0.0,7.6894869313607535,0.46335976303503634,0.5400983592213362,0.08178623212336755,-0.96118665130914,0.0,0.4351304109850299,0.2556870229054703,low,0
S0062,2025-01-19,3,mid,4,68.6100745959751,0,3,2,0,1,5.406347589487209,0.0,10.762946581722659,0.21239369410995335,0.9327087551531598,0.9840836976364151,-0.8426555790057539,0.0,0.15843520915546172,0.9902938790959279,low,0
S0062,2025-01-20,3,mid,4,39.33487317150281,0,0,2,1,0,5.653890556502071,0.0,11.41983693038408,0.9957144144956229,0.8944226827315286,0.8557173652256006,-0.6505114372324565,0.0,0.6483250430289145,0.6005344291109209,low,0
S0062,2025-01-21,3,mid,3,56.03201820599018,0,0,3,0,1,1.410729814718926,0.0,13.860053449995812,0.5579394864459907,0.8496835504322058,0.21878121844750897,-0.7550297838772018,0.0,0.5820322228842456,0.5740429718866096,low,0
S0062,2025-01-22,4,mid,3,27.580268753360347,0,0,3,1,1,4.739452812354305,0.0,10.496479170766857,0.348033696128938,0.6558422908927607,0.7247756221660127,-0.7701651756087688,0.0,0.9362372918492992,0.027073062723319552,low,0
S0062,2025-01-23,4,mid,4,56.46685756337908,0,1,1,1,1,4.868314068148557,0.0,11.319965024709605,0.19140235685205265,0.10880919390461308,0.3467555641610085,-0.7386913613020407,0.0,0.22971161676554863,0.6544361111046183,low,0
S0062,2025-01-24,4,mid,4,43.166175960897434,0,1,5,1,1,4.970388100644493,0.0,10.448684463281511,0.9474539633002688,0.2740310498701858,0.5008266800177243,-0.2345136697165886,0.0,0.5641764010648916,0.898407255687377,low,0
S0062,2025-01-25,4,mid,4,47.713527345898655,0,0,1,1,1,6.142876589830388,0.0,14.47972339093267,0.7487881094444467,0.9539730327188674,0.7068253728990402,0.5550996102625587,0.0,0.4271446359979928,0.5113224218627489,low,0
S0062,2025-01-26,4,mid,4,55.88748935693317,0,1,1,1,0,6.096814280484774,0.0,5.4068426512288985,0.10727649257870486,0.6538679365601053,0.6213502629199332,-0.4721652730860131,0.0,0.42183975820985,0.7823065483389748,low,0
S0062,2025-01-27,4,mid,4,37.37983547356544,0,0,4,1,1,3.9543109490253308,0.0,5.329739380879731,0.03767540224320454,0.3709816145041568,0.14355946738720482,0.654283407957506,0.0,0.7822200740006227,0.175121229873913,low,0
S0062,2025-01-28,4,mid,4,28.0688311343336,0,0,4,0,1,2.9154785540615036,0.0,8.078502118494901,0.36560143949462787,0.8789645156612564,0.04795251883621121,0.6024571610238132,0.0,0.4257914993475208,0.9064173431052421,low,0
S0062,2025-01-29,5,mid,3,49.79905242692102,0,1,1,1,0,5.51580959203349,0.0,10.194287975573944,0.5254257892278008,0.445070703488184,0.9922554906864192,-0.6700600095219296,0.0,0.19777494329032885,0.38069776939820954,low,0
S0062,2025-01-30,5,mid,3,55.56675072119748,0,3,1,1,1,3.66327136951382,0.0,6.651200106689314,0.6771502348983126,0.3410169571407875,0.856760012566666,-0.5030501525267199,0.0,0.8182895474264895,0.4646003509227996,low,0
S0062,2025-01-31,5,mid,2,43.236317160473405,0,1,1,0,0,3.359295673480611,0.0,5.724655877996717,0.416432823653227,0.004340513815315861,0.2310989461688001,0.42761749093697454,0.0,0.5443905164627015,0.9577477950509381,low,0
S0062,2025-02-01,5,mid,3,41.77484306848384,0,1,5,1,1,6.428725938431726,0.0,9.526487738980721,0.5308377861926875,0.28145310848377947,0.7919703953130625,-0.45643311389400276,0.0,0.4428268610829056,0.8031710332241555,low,0
S0062,2025-02-02,5,mid,4,51.67862337979935,0,1,1,0,1,5.980922545794465,0.0,15.525738387424603,0.6385389986649371,0.21157529277304687,0.9596346646342071,-0.3445128619746243,0.0,0.3696929004126698,0.540506677481181,low,0
S0062,2025-02-03,5,mid,4,50.6984300968199,0,0,3,1,0,5.780691965808887,0.0,8.517825299581819,0.20165778302051396,0.10159633998974482,0.8609929790952967,-0.5429196237480645,0.0,0.5024183142093209,0.33947147004752953,low,0
S0062,2025-02-04,5,mid,4,50.990528176613196,0,2,1,0,0,7.474768668835209,0.0,11.290884035247728,0.798181016419093,0.01009323844766874,0.07119048289298058,0.36907474928965,0.0,0.18286741096558246,0.528132144569688,low,0
S0062,2025-02-05,6,mid,4,40.09886989007481,0,1,5,1,1,2.4786477496827217,0.0,9.164005080246536,0.7366528560824953,0.8029661859398118,0.2101335976217671,0.4455286635953146,0.0,0.06361478685065858,0.8559393144374349,low,0
S0062,2025-02-06,6,mid,3,46.27086356751504,0,2,2,0,0,7.845023816563652,0.0,11.666148280406118,0.9430639938609341,0.32836157679059563,0.5847749177503642,-0.19288926517439875,0.0,0.5382688251570282,0.5035669442259252,low,0
S0062,2025-02-07,6,mid,4,48.20016138724042,0,1,4,1,0,7.413034920825944,0.0,9.007708162718451,0.571096411135176,0.39896433044948587,0.4657628799268685,0.6968619930596403,0.0,0.48559147814921333,0.875349420124445,low,0
S0062,2025-02-08,6,mid,4,28.739567618788534,0,1,5,0,0,6.739347017307559,0.0,9.710292870096428,0.26795328400788176,0.43395374603383374,0.21120807373136663,-0.33549177618727377,0.0,0.2489826137847555,0.6697190912631278,low,0
S0062,2025-02-09,6,mid,2,54.57922945294737,0,1,3,0,1,8.517066481360136,0.0,7.219747630008785,0.55766662189816,0.5062019382529002,0.7942191602250915,0.41544166836978125,0.0,0.9141668239555081,0.23084708300935042,low,0
S0062,2025-02-10,6,mid,4,33.262798731126566,0,1,1,0,1,0.6313019780806872,0.0,14.732478941628827,0.39297934118871025,0.22107603418764155,0.24029798403239133,-0.00030301607316096657,0.0,0.1982525457062948,0.5676923338403057,low,0
S0062,2025-02-11,6,mid,3,65.80435295814041,0,0,1,0,1,4.733528997025422,0.0,11.375687999694142,0.03218641804962241,0.43634453082742986,0.4650661509654962,0.4130500355239455,0.0,0.734704589358075,0.42476466115052924,low,0
S0062,2025-02-12,7,mid,4,47.94073331273849,0,2,1,1,1,4.624667217465093,0.0,8.52053093740237,0.9310645250102823,0.4831339522077641,0.21517867981488759,0.7940980744995572,0.0,0.5716908233103436,0.3698129180587265,low,0
S0062,2025-02-13,7,mid,3,62.307842091962506,0,1,2,1,0,6.166336398599324,0.0,9.659282674589196,0.8644672763386946,0.05704098449460637,0.6514179313731623,0.8353226263804168,0.0,0.20607563038230403,0.9206379183149407,low,0
S0062,2025-02-14,7,mid,4,32.854759429543705,0,1,3,0,1,9.233479486768555,0.0,21.58026735817241,0.994120130406815,0.85472599176231,0.1472228292222244,0.9211920538911904,0.0,0.5681550677210522,0.6098092351095737,low,0
S0062,2025-02-15,7,mid,3,34.2061470203038,0,0,5,1,1,4.750145221894909,0.0,7.291977049122702,0.3405005930114622,0.6900420012957409,0.18657917916085065,0.8705941831763075,0.0,0.7811596409995086,0.3915105410396299,low,0
S0062,2025-02-16,7,mid,4,38.27351931041605,0,0,1,1,1,6.102269930699709,0.0,6.536592916640712,0.3553110621930726,0.09586530033308416,0.6244742092410313,0.29279477087346706,0.0,0.5401486175024778,0.34887253456510825,low,0
S0062,2025-02-17,7,mid,4,50.86278367786009,0,1,5,0,1,5.939879937522109,0.0,10.948939733506712,0.39587993540792,0.06647338454063434,0.35147909684131573,-0.24801113738841507,0.0,0.30112317708503644,0.5267056826224065,low,0
S0062,2025-02-18,7,mid,3,49.13402426177234,0,1,5,0,0,5.120079602012802,0.0,13.343282055171539,0.03114080891259785,0.9582410963817921,0.5530592229046831,-0.36477069540073903,0.0,0.2682266028348763,0.31722373377096047,low,0
S0062,2025-02-19,8,mid,3,37.265660582274414,0,1,2,1,0,6.895286781310193,0.0,5.124195242065159,0.45102583149160536,0.28735691898256444,0.2653103644316005,0.003788161533475831,0.0,0.2108452760549041,0.3456383694879107,low,0
S0062,2025-02-20,8,mid,4,67.27729675861372,0,0,2,1,0,8.782563864858313,0.0,8.666000606999354,0.15691775927867035,0.8674806019298573,0.7373831763138794,0.6481552142248512,0.0,0.035366937326901104,0.7821731927249594,low,0
S0062,2025-02-21,8,mid,2,40.34326235875952,0,0,5,1,1,5.8623943927414945,0.0,9.513943707980637,0.5513235058716672,0.06690401796543144,0.6722849852827879,0.9972799350963581,0.0,0.16769617829932937,0.6829198567169542,low,0
S0062,2025-02-22,8,mid,4,48.245320015056905,0,2,4,1,0,1.1935508301908864,0.0,8.851875261030253,0.2608432979654569,0.9575243063007103,0.7876916105746014,-0.7609507149877519,0.0,0.31625397815139056,0.7033607972560804,low,0
S0062,2025-02-23,8,mid,4,58.09965795818545,0,1,4,0,0,5.357402163793601,0.0,10.125875887710027,0.8335046151220793,0.3626652974768121,0.04182744093995894,-0.5552384727587474,0.0,0.3515277821017222,0.9602534587932503,low,0
S0062,2025-02-24,8,mid,3,47.79840439713487,0,0,2,1,1,6.706272654437843,0.0,8.939901244047945,0.9401947754736926,0.12256504410323876,0.7185661234352324,-0.7361794422775814,0.0,0.3407654683664054,0.8195607048117514,low,0
S0062,2025-02-25,8,mid,4,42.31185860472255,0,1,4,1,1,8.547422045347597,0.0,13.939474636103139,0.060426825303477316,0.5858516059839178,0.17973724810346003,-0.1947530253418499,0.0,0.31917044161961616,0.24629295708519106,low,0
S0062,2025-02-26,9,mid,5,41.86451220541922,0,0,5,1,1,6.665568120846704,0.0,15.74413731053711,0.65005884802895,0.9822863312817272,0.5069892764027829,-0.7944453658761892,0.0,0.04482150618938674,0.05037563623318597,low,0
S0062,2025-02-27,9,mid,5,36.340907503138034,0,2,1,1,0,4.989519732957508,0.0,6.53873426722821,0.21353327431608182,0.2976137406318813,0.6045795601572895,0.1980757077160631,0.0,0.8718054927478656,0.1645803847357935,low,0
S0062,2025-02-28,9,mid,6,44.33084636449933,0,2,3,1,1,0.8893605144616528,0.0,13.986800869033608,0.8204535599433882,0.9390652871822931,0.5247146822798083,0.13722699919307635,0.0,0.05499959622748429,0.49844776061588514,low,0
S0062,2025-03-01,9,mid,3,42.128841694597064,0,4,1,0,1,6.4320939229186385,0.0,13.207527175589007,0.40573320356647835,0.3005406018264557,0.19194304031236098,-0.3167813708889169,0.0,0.8782808025060247,0.05646168788023109,low,0
S0062,2025-03-02,9,mid,3,47.2771565057856,0,0,5,1,0,6.428071625197729,0.0,8.337249988320666,0.16108993780737557,0.016225216042070167,0.6045743313305882,0.2924055525601159,0.0,0.15014230713589904,0.5124675440543695,low,0
S0062,2025-03-03,9,mid,3,43.117054937354176,0,1,2,0,0,6.013027379623624,0.0,10.253963474334023,0.5371286370112762,0.3139944630568703,0.3085578895619029,0.6624969641857481,0.0,0.4884707789784565,0.2632725528352411,low,0
S0062,2025-03-04,9,mid,4,48.40991674257566,0,1,2,1,0,6.367699221927893,0.0,9.204243320227663,0.45944644413584923,0.9359990519396734,0.42130497657966226,-0.0630907236909295,0.0,0.5408037680300652,0.039791528019843314,low,0
S0062,2025-03-05,10,mid,4,31.076972412340584,0,0,3,0,0,7.566984974696743,0.0,9.986057944471293,0.7713766136508025,0.7693276387210748,0.679038339957139,0.23557829327831148,0.0,0.5088875242571882,0.3696186494316044,low,0
S0062,2025-03-06,10,mid,5,45.43925091173202,0,2,5,0,0,4.233812575421577,0.0,10.973939054038318,0.9390854226408485,0.8082139270880752,0.7896159883839605,0.8489826302509305,0.0,0.3528827421737444,0.8866882277785195,low,0
S0062,2025-03-07,10,mid,5,40.28317423029337,0,1,3,1,0,5.875925323210189,0.0,11.433375143344465,0.8101369265117266,0.5252646340631056,0.8074650508520752,0.4667175762343634,0.0,0.524760754960782,0.7727565537800685,low,0
S0062,2025-03-08,10,mid,5,39.3493393306822,0,3,3,1,0,5.294030425212248,0.0,10.19690465088261,0.7631368406143108,0.22961729714715085,0.36231388763494454,-0.17164198447817802,0.0,0.5863474936222003,0.6029477265956111,low,0
S0062,2025-03-09,10,mid,4,48.5755352178591,0,0,4,1,1,4.923980669986905,0.0,9.326697352719801,0.35879865546961964,0.525390170484543,0.10018149071616222,-0.17201443951992812,0.0,0.597415962903299,0.8038152700787097,low,0
S0062,2025-03-10,10,mid,3,59.21293519720799,0,1,5,0,1,6.908747866611896,0.0,10.807961833178892,0.2002626872262251,0.19517431120484507,0.6841022357487613,-0.4055997654419137,0.0,0.041487680007713856,0.3024689358241148,low,0
S0062,2025-03-11,10,mid,3,34.19847558072732,0,2,4,0,0,6.05534067207275,0.0,7.65103781539711,0.15493057453648773,0.280866141572261,0.7488258100567381,0.4582314240252676,0.0,0.12450982642112329,0.67854274143359,low,0
S0062,2025-03-12,11,mid,3,37.98146582649511,0,0,4,1,1,2.5827423191832377,0.0,9.032047158472484,0.6669024495048888,0.5687066633379012,0.628698088479374,0.9348166960134623,0.0,0.39930194311337097,0.21547262575666926,low,0
S0062,2025-03-13,11,mid,3,48.970861138631605,0,1,5,0,1,6.00174228447031,0.0,7.020469691455482,0.2170909820733341,0.1692704264196443,0.0841160459612994,-0.7726879306305725,0.0,0.7038773636781742,0.9921216243992766,low,0
S0062,2025-03-14,11,mid,5,55.038890672703616,0,2,1,1,1,5.113506511488886,0.0,8.499811560404735,0.746615044596064,0.4683501422853624,0.2812686762971057,-0.0028778927429387036,0.0,0.3382955371864417,0.2962463401862594,low,0
S0062,2025-03-15,11,mid,6,35.12042709614019,0,1,1,1,1,4.979813672974324,0.0,7.071967837044369,0.7704804123509817,0.9765997230956921,0.15544808469964122,-0.9121385756892859,0.0,0.13834891448323872,0.9687525156190965,low,0
S0062,2025-03-16,11,mid,2,36.095958039290636,0,1,2,1,1,6.593909819982789,0.0,5.89425918595176,0.01661631989108392,0.6535376243765678,0.4538549660718264,-0.6317299772126876,0.0,0.48634297928037207,0.9989882590425094,low,0
S0062,2025-03-17,11,mid,5,36.198558283027275,0,1,2,0,1,3.2419142394679223,0.0,13.064835344656926,0.014723768082219424,0.3506500576801508,0.8623001435519234,0.15372356145900823,0.0,0.8493717595842105,0.12859982097750022,low,0
S0062,2025-03-18,11,mid,3,40.837419791780654,0,2,2,0,0,4.532244150417165,0.0,13.32936464379546,0.7522857227621903,0.5656414674631818,0.9076819974685139,-0.08907442052220027,0.0,0.2986502377294664,0.26939318444604266,low,0
S0062,2025-03-19,12,mid,3,33.769248285698815,0,1,3,0,1,6.167146831133878,0.0,10.63657346360762,0.6133262009935553,0.8361164171927317,0.6960734494145541,-0.796953921933486,0.0,0.8917855242084685,0.19953744373248794,low,0
S0062,2025-03-20,12,mid,5,40.91419377258329,0,1,1,1,1,6.843928526594547,0.0,11.693459796655018,0.8680957467639351,0.9651177971887278,0.3003971189575546,0.08834231346519905,0.0,0.956485490189125,0.010293823615147302,low,0
S0062,2025-03-21,12,mid,2,48.446293552665814,0,1,5,1,0,5.519847558667173,0.0,13.965602397797085,0.43620818409266915,0.34253909177298003,0.906892295303357,-0.6048853933920733,0.0,0.6841277454131973,0.14079577518467812,low,0
S0062,2025-03-22,12,mid,3,50.49643770965715,0,1,2,0,1,8.675611372063907,0.0,4.539457629613592,0.7958992861549304,0.6076922115878877,0.5200556596367478,-0.9272668121945851,0.0,0.29789962586631613,0.6922708131112263,low,0
S0062,2025-03-23,12,mid,4,29.515837214146657,0,1,5,1,0,2.4421508715751306,0.0,10.054865301762602,0.8612306642184032,0.38380075894488663,0.7693780629358231,-0.3044251477284112,0.0,0.12084364594249553,0.6686935973901147,low,0
S0062,2025-03-24,12,mid,2,46.535631999506045,0,1,1,1,0,4.590594631598732,0.0,9.425376760740233,0.09730386039447136,0.12443433096253564,0.252785185543452,0.3970082753795179,0.0,0.6718578133646265,0.7634616901781855,low,0
S0062,2025-03-25,12,mid,3,72.32711964820864,0,2,3,1,0,3.5845694731157565,0.0,7.074873617636959,0.4559667272665322,0.6996327160291497,0.4328922869095292,-0.27028272036246714,0.0,0.6837509383636343,0.6449404115493426,low,0
S0062,2025-03-26,13,mid,2,36.344842018175285,0,1,2,1,1,6.102625020746195,0.0,10.599946610267695,0.08444074355625186,0.12095675593750699,0.09861954236151238,-0.4893912603906585,0.0,0.792577477879086,0.8358966679322466,low,0
S0062,2025-03-27,13,mid,4,47.92832321501823,0,1,3,0,1,3.8667954936319395,0.0,10.093149485990422,0.012711165597696139,0.6061297300027743,0.11799881547787172,0.5370629636476185,0.0,0.9492488838292243,0.1774162451553719,low,0
S0062,2025-03-28,13,mid,4,58.12145520340007,0,1,5,1,0,2.799096140816241,0.0,9.501612041346846,0.6148956910335944,0.024120826758781244,0.5605074395595632,0.3735025846224167,0.0,0.08071814760009066,0.14792101569103866,low,0
S0062,2025-03-29,13,mid,3,59.375467403663556,0,0,4,1,0,6.429090055990331,0.0,10.352398841666073,0.9066965616481713,0.7927514042004659,0.33622635100662934,-0.7855062600094689,0.0,0.32143160252658576,0.7519622531703074,low,0
S0062,2025-03-30,13,mid,5,53.28888480824767,0,0,1,0,0,4.3758884781973055,0.0,19.11696593382524,0.21062058731208733,0.3632781215461769,0.2883897076871791,0.42345985284197507,0.0,0.3676484001884549,0.4697045081276686,low,0
S0062,2025-03-31,13,mid,3,66.2772667316068,0,0,3,1,0,4.12338958793035,0.0,6.992902339976871,0.7945676624066961,0.684299129674661,0.6071225445136996,0.8616535222327721,0.0,0.12540808370789647,0.6909627502370919,low,0
S0063,2025-01-01,1,mid,6,61.5754733047905,0,0,4,0,0,5.644409453823194,0.0,6.073549032439356,0.4535576684835674,0.18455480329636575,0.4655055883826319,0.7735567297708794,0.0,0.22469277742229654,0.956893223970512,low,0
S0063,2025-01-02,1,mid,5,29.69562640013538,0,2,3,1,0,4.893502998357886,0.0,6.877601633197797,0.21974002618094834,0.6479364066654764,0.03236633264380051,0.7144926947835193,0.0,0.6776404267038606,0.9690778288021102,low,0
S0063,2025-01-03,1,mid,6,47.304893301204864,0,0,1,0,1,4.704615748745227,0.0,5.923202685471764,0.8478727987602352,0.34476573076573935,0.3410958693217353,0.6178854712722719,0.0,0.6280769916402269,0.40529801726657877,low,0
S0063,2025-01-04,1,mid,8,49.96659678162852,0,0,4,1,0,6.629151681521407,0.0,7.638212237310193,0.3351071924549448,0.056216933624476884,0.9579438304212823,-0.9168393020585339,0.0,0.9193507808118144,0.812750280365287,low,0
S0063,2025-01-05,1,mid,6,47.673190380273475,0,0,3,0,1,2.760900645324671,0.0,3.378905966185431,0.43151516573201243,0.9735366606629645,0.3800876979405431,-0.8078654176827715,0.0,0.28962575431341275,0.9600884082952168,low,0
S0063,2025-01-06,1,mid,4,37.99302080649694,0,0,5,1,1,4.328878170615228,0.0,10.441255394604987,0.0035529872237989313,0.9070474337256755,0.568424706167501,-0.6426578953293454,0.0,0.7045864818204386,0.7073545048166057,low,0
S0063,2025-01-07,1,mid,6,46.95269389291311,0,2,4,1,0,5.138282005762866,0.0,8.096302996308149,0.9286468501897559,0.2054755702762494,0.44269289608670526,0.29526429825973755,0.0,0.5618347219389322,0.36362896559639524,low,0
S0063,2025-01-08,2,mid,5,58.56534942710509,0,1,4,1,0,10.37481308236012,0.0,9.555518342128982,0.8846302941035171,0.5239699894496506,0.07148006408052043,0.4768154201177719,0.0,0.13900396350235844,0.3429908287514395,low,0
S0063,2025-01-09,2,mid,5,52.48593461177913,0,3,5,1,1,7.26601226680479,0.0,12.234193974905892,0.8724312614280867,0.2722468175009486,0.9723749555489076,0.5189608374827464,0.0,0.9478352007810379,0.10892828035908786,low,0
S0063,2025-01-10,2,mid,7,47.39040807242075,0,0,5,0,0,5.2040878187192385,0.0,6.276273731299385,0.596752493962129,0.2152556435702937,0.5038038046971999,-0.987540821013934,0.0,0.6020185970071036,0.001304680473768638,low,0
S0063,2025-01-11,2,mid,5,67.17897977602043,0,0,2,0,0,3.249345995966382,0.0,12.064936838492766,0.11356284989582466,0.37716993960055023,0.20795167108768442,0.40365887271875867,0.0,0.174309018278602,0.5237429043507208,low,0
S0063,2025-01-12,2,mid,7,56.48875102357903,0,2,4,1,0,7.114969555198317,0.0,6.970963000624787,0.5426520742105192,0.4067314749462182,0.2134049613785609,0.21082977488117538,0.0,0.6741001814911338,0.7841706789177711,low,0
S0063,2025-01-13,2,mid,6,41.49631829412766,0,1,5,1,0,2.014006419468842,0.0,16.14670275603125,0.8859470670001048,0.258064156214313,0.3311476226885205,-0.18418737107656358,0.0,0.8547856086296254,0.3181911921269803,low,0
S0063,2025-01-14,2,mid,6,38.44630373255495,0,1,4,1,1,2.7942640019901854,0.0,0.9525652869002244,0.5682802273987906,0.9184720473164819,0.9806031551369497,0.6022677752346408,0.0,0.029921354390059496,0.11704285687486415,low,0
S0063,2025-01-15,3,mid,6,34.741202555476896,0,0,1,0,1,0.997241094757948,0.0,5.336867797120603,0.9352002970619604,0.7455682610636579,0.7143907288744091,0.12955218571656046,0.0,0.6458348535257732,0.6986087347710151,low,0
S0063,2025-01-16,3,mid,7,46.80825688713162,0,0,3,1,1,7.270828348860119,0.0,10.273781117643663,0.8279805591675025,0.4193902525993418,0.8398161765949463,-0.6233238760967659,0.0,0.46920170015686546,0.23227832693322648,low,0
S0063,2025-01-17,3,mid,7,34.61107133124838,0,1,4,1,0,4.314740192729262,0.0,14.238722596934794,0.8596132254485216,0.3553036872789833,0.762460818720541,0.30012753609003684,0.0,0.4559810353210666,0.8889179724870252,low,0
S0063,2025-01-18,3,mid,7,47.50372192652074,0,2,3,1,0,4.7729540548071885,0.0,15.100170612258108,0.9518683608527562,0.062213199839975974,0.4794396637693772,-0.49809002592040685,0.0,0.5049654465492126,0.04254604908301718,low,0
S0063,2025-01-19,3,mid,6,39.3152853990103,0,0,5,1,0,5.797121394145681,0.0,9.859464377243317,0.8324830160819972,0.730165955011137,0.4792431545287945,-0.030223649160730615,0.0,0.9400529203730676,0.731614414257508,low,0
S0063,2025-01-20,3,mid,5,36.45870825687779,0,1,5,0,0,7.963899785130874,0.0,10.762041207474637,0.4532915404592418,0.3766954899270698,0.9394730858897028,-0.9414677241443004,0.0,0.10597470935850617,0.8703282908592506,low,0
S0063,2025-01-21,3,mid,5,53.63439154022515,0,1,2,1,1,1.485933775883042,0.0,8.67080770985909,0.8633125470192917,0.5863594837175691,0.1405255369448517,-0.25456214105863495,0.0,0.0788197383575503,0.4945817582114135,low,0
S0063,2025-01-22,4,mid,4,33.86225995586554,0,4,2,1,0,6.632557158778811,0.0,7.572664061734501,0.7932209729163205,0.27660748309788286,0.3279230760755517,0.09867705655996262,0.0,0.26196830597205634,0.6061736150052216,low,0
S0063,2025-01-23,4,mid,5,41.351584348487826,0,0,4,1,0,4.404013937071922,0.0,6.231959966975077,0.2691295115723341,0.6845296511098757,0.86727643868596,-0.1983467824218268,0.0,0.4288371383962476,0.3984661260938055,low,0
S0063,2025-01-24,4,mid,5,44.430952168120584,0,4,2,0,0,4.580468106905898,0.0,12.667265097584362,0.5290446360744588,0.8756092860033244,0.989861384659421,-0.8580076788668849,0.0,0.6322282482284906,0.46846205783466166,low,0
S0063,2025-01-25,4,mid,4,46.85741393233345,0,1,2,1,1,4.298280463187667,0.0,10.62189377114092,0.29268561888356925,0.6380764694399776,0.4980167762361789,-0.7275490010181227,0.0,0.5215354049714219,0.34066266698885017,low,0
S0063,2025-01-26,4,mid,7,68.58407672509381,0,2,4,0,1,4.170032164127653,0.0,13.580172794422973,0.8755336041210106,0.8241834173940256,0.9122227346122783,-0.8688821305982912,0.0,0.35349367833410084,0.04653030328886054,low,0
S0063,2025-01-27,4,mid,4,35.47209325264301,0,3,1,0,0,6.067638196119325,0.0,5.291836161704078,0.9346649957877512,0.5114948195209594,0.09341035135277154,0.7916195921460016,0.0,0.5849692666234666,0.07115086012684901,low,0
S0063,2025-01-28,4,mid,6,36.09285978960611,0,2,2,1,0,5.612902044574641,0.0,6.114586576823065,0.25557964402819056,0.43598382546897785,0.20805332656788067,-0.22646968173037374,0.0,0.09252587856125605,0.2847942056650855,low,0
S0063,2025-01-29,5,mid,5,45.72616151009928,0,2,1,1,0,5.257089032461068,0.0,13.23436370904127,0.24337032945127035,0.9722275245876927,0.8106416002534195,-0.9660919215773878,0.0,0.46964118937260835,0.10207823244045477,low,0
S0063,2025-01-30,5,mid,4,53.33924901891565,0,0,4,1,0,4.453112091996329,0.0,11.022973321146003,0.9504060475700981,0.8073140462480357,0.9091240374431616,0.3531236339562476,0.0,0.6515576953249519,0.2491094852905511,low,0
S0063,2025-01-31,5,mid,4,63.58810068654154,0,0,4,1,0,5.21515389198709,0.0,9.811733876267878,0.8088708765057655,0.27676686764516145,0.9637942120656858,-0.24340997212324988,0.0,0.5683731842576999,0.5640128411408121,low,0
S0063,2025-02-01,5,mid,4,52.27858262411368,0,1,3,1,1,4.769414992212562,0.0,13.064195888147669,0.7116846016276949,0.08538805802849736,0.7780197894742136,0.5113139981031198,0.0,0.4106047317111501,0.3134576727100068,low,0
S0063,2025-02-02,5,mid,5,42.76212031457173,0,3,3,1,1,7.612307224246388,0.0,7.048271729483986,0.5214276048590089,0.972089453808238,0.8979550928439501,0.893683337569062,0.0,0.001021975185524715,0.33421119715302716,low,0
S0063,2025-02-03,5,mid,4,54.74444641955598,0,2,5,1,0,6.412024691091103,0.0,13.02846312245482,0.8120032789648504,0.9472518974008778,0.10251130598275471,0.8128389314062077,0.0,0.2735187958749986,0.5637692360427781,low,0
S0063,2025-02-04,5,mid,6,50.690376320032826,0,0,5,0,1,3.021162774772812,0.0,6.981534899654995,0.25404149224186023,0.8424850423863047,0.267792064670884,0.7236804118038731,0.0,0.969268348323318,0.2788286955589271,low,0
S0063,2025-02-05,6,mid,4,67.57135079077906,0,1,1,1,0,6.665589416436047,0.0,14.769011610812653,0.5019241799592573,0.6739610030396668,0.16694339236225642,-0.12362615334334581,0.0,0.7502611160482191,0.5794558465861732,low,0
S0063,2025-02-06,6,mid,5,53.81709218268383,0,0,3,0,1,6.127873632455057,0.0,5.4490264609275,0.2501757779024093,0.2163210084929471,0.6222179983984502,0.8898845265212061,0.0,0.20277450726811486,0.18282223385752594,low,0
S0063,2025-02-07,6,mid,4,45.5293599449721,0,0,5,1,0,4.333955921400671,0.0,14.122001518185957,0.8653733708730407,0.7283329044906427,0.06066305328504573,-0.5200068881171005,0.0,0.9524204149730986,0.147194571223632,low,0
S0063,2025-02-08,6,mid,5,43.59131121666544,0,1,2,0,1,6.414877927596425,0.0,9.482386966950143,0.3840017219196371,0.11401672521451733,0.3699577360402231,-0.0907791350693068,0.0,0.45847075384601355,0.7092337311488289,low,0
S0063,2025-02-09,6,mid,5,34.44120036322617,0,0,5,1,0,5.547886528841583,0.0,6.559374384717869,0.9669489733970111,0.21154784530107673,0.32718098625262715,-0.22275541966458334,0.0,0.3598878072306392,0.6270496907390825,low,0
S0063,2025-02-10,6,mid,6,29.090884709612713,0,1,3,0,0,6.741600572274113,0.0,13.254296822896354,0.8342795351345028,0.9561605388437622,0.8539688298058484,0.8764105216632423,0.0,0.017509132429561647,0.6289314557726513,low,0
S0063,2025-02-11,6,mid,6,38.90395256655303,0,1,4,1,0,3.953247232635871,0.0,15.293305238323708,0.6226495286582403,0.6024182046225043,0.35775968488038556,-0.9291434347940328,0.0,0.26771140782257097,0.48115616604022937,low,0
S0063,2025-02-12,7,mid,4,34.55223995937209,0,0,4,0,0,4.578825070201414,0.0,7.711449768801842,0.9663322361912391,0.10461604629941035,0.8461317472432562,-0.34939733443982934,0.0,0.6545633767520638,0.6315435155532833,low,0
S0063,2025-02-13,7,mid,5,43.47630485242131,0,0,4,1,1,5.409202466259408,0.0,8.685601960974822,0.028848997577064717,0.8948492389805147,0.9727055576537837,0.4528867668170997,0.0,0.3430522064237693,0.225721245521865,low,0
S0063,2025-02-14,7,mid,7,35.94238006997941,0,1,1,1,0,6.387387191103933,0.0,8.53263537709394,0.7281536137416897,0.9626925261267341,0.3967872643449668,0.7889078957450273,0.0,0.8618260442631864,0.9661343363990279,low,0
S0063,2025-02-15,7,mid,5,27.2630683039523,0,0,5,1,0,2.615512665703969,0.0,10.131535688235068,0.8063557344640097,0.24962515676861807,0.9956635268521629,-0.6448087175023534,0.0,0.37802695864047375,0.14616175141577403,low,0
S0063,2025-02-16,7,mid,5,18.646598198595854,0,1,1,0,1,3.418506088745322,0.0,8.241875696930547,0.05399273698658358,0.4188861361725331,0.5090449959817994,0.7989184688910309,0.0,0.0024599580245620034,0.4058612349688723,low,0
S0063,2025-02-17,7,mid,6,43.01401056616199,0,0,4,0,1,6.337234586248845,0.0,12.798689351559624,0.5558597763554943,0.17449516245209773,0.04801549260300886,-0.5657042247320239,0.0,0.8769443852992002,0.2696221287594569,low,0
S0063,2025-02-18,7,mid,7,45.56064867467153,0,2,3,0,0,4.698332407479831,0.0,5.964324999184914,0.9827807117160553,0.4172124987278786,0.5148490222766536,0.596726992826903,0.0,0.3403934542106961,0.4310338423287604,low,0
S0063,2025-02-19,8,mid,4,35.297710312707004,0,1,3,1,1,3.657940324185664,0.0,2.4444757774997985,0.4085461894864276,0.3483773974702117,0.6113200094447989,0.3525598205592597,0.0,0.9584713889482575,0.12665588835512742,low,0
S0063,2025-02-20,8,mid,6,45.805057568709984,0,0,3,1,1,10.775545086781607,0.0,9.19730141317473,0.07128155655989821,0.9277323589976908,0.6743462062280693,-0.6910061581753633,0.0,0.24400557961335434,0.004652124283429204,low,0
S0063,2025-02-21,8,mid,5,33.67089820124726,0,1,2,1,0,4.90243678399561,0.0,10.939763616042608,0.4957209186354806,0.4521581626589114,0.2597836661753591,-0.8113058389895791,0.0,0.640596515827189,0.07210435022106765,low,0
S0063,2025-02-22,8,mid,5,44.687877953358154,0,2,5,1,0,4.869898744099767,0.0,5.64453824313294,0.6553414916737851,0.8422175471510628,0.3043090483131574,-0.8991871489004442,0.0,0.0038481689789920948,0.8445516745275047,low,0
S0063,2025-02-23,8,mid,6,65.29766442557592,0,2,1,1,1,8.107040387544734,0.0,5.7053103526352515,0.4252467921663091,0.7770950267408023,0.3689349720568016,0.010953787474029086,0.0,0.18902264284234005,0.6977948797213582,low,0
S0063,2025-02-24,8,mid,5,54.42143391475285,0,1,5,1,1,10.156145040369836,0.0,3.22221653565631,0.6915862402855215,0.7009083725741233,0.32412775336768607,-0.6816362805422103,0.0,0.4304172111861997,0.6970135444852387,low,0
S0063,2025-02-25,8,mid,5,46.199338090681124,0,3,3,0,0,4.546691029572981,0.0,10.8969837566768,0.2669770504157486,0.6587271385100657,0.12960146532366357,0.21962622264712062,0.0,0.3028113336556878,0.6260648069202691,low,0
S0063,2025-02-26,9,mid,5,57.75422313238601,0,0,5,0,1,7.014512192670358,0.0,10.42562233554195,0.561674786460265,0.132595499901505,0.2869351620441283,-0.5503852299554595,0.0,0.1258556051434635,0.3272863973310607,low,0
S0063,2025-02-27,9,mid,4,60.4937214577155,0,1,5,0,0,3.401629817223913,0.0,12.401984804316081,0.7606516909855195,0.7677327419058156,0.6008275866986632,0.2492181374649418,0.0,0.16125116516889937,0.3721067742687404,low,0
S0063,2025-02-28,9,mid,5,46.56818819563693,0,1,5,1,1,8.011502355205401,0.0,7.678979599608496,0.6639040895615345,0.5969650475569034,0.8653216679523602,-0.9899656677556119,0.0,0.14607110743790053,0.7867662222000602,low,0
S0063,2025-03-01,9,mid,6,47.03131934419392,0,1,5,1,1,5.3680809989810685,0.0,8.644219839753045,0.2826224892278437,0.09272656208062235,0.8557659422191172,-0.7205252529382202,0.0,0.5063712383344922,0.7885115695651932,low,0
S0063,2025-03-02,9,mid,6,44.20825399311438,0,0,3,0,0,0.36974770248354893,0.0,8.218783025536238,0.13278768937409235,0.16729384435959016,0.2881996986194839,-0.2695986300843276,0.0,0.2516647108850736,0.5773403760596699,low,0
S0063,2025-03-03,9,mid,5,46.1438296589509,0,1,1,0,0,4.524605998645286,0.0,11.618529558982889,0.36302212987211024,0.7947721525343701,0.953642373365818,0.8778413702439556,0.0,0.05562645009890066,0.8714282156604439,low,0
S0063,2025-03-04,9,mid,4,62.805010702260816,0,2,4,1,0,6.926911363371663,0.0,12.724159249828462,0.046138702523021435,0.6887288940008306,0.4963539550589686,-0.37281233011938575,0.0,0.6895036807608719,0.2507140306257719,low,0
S0063,2025-03-05,10,mid,7,60.84675909355391,0,1,1,1,0,3.0611092162751428,0.0,12.107180288848976,0.20634209206350418,0.018718975665905746,0.006543656317001489,-0.6267545926454721,0.0,0.17550243597244108,0.000437390681333083,low,0
S0063,2025-03-06,10,mid,6,63.26080494137338,0,1,5,0,0,6.6791545477010645,0.0,10.274516772041776,0.1879144188353543,0.3002434555882698,0.3831747224500762,-0.6092468561143736,0.0,0.45398489765275263,0.28143708287100777,low,0
S0063,2025-03-07,10,mid,6,40.64119447098719,0,1,1,1,0,3.9896402776640643,0.0,10.14543418505429,0.95585855664455,0.8177671061411862,0.753422187863576,-0.11634852198089929,0.0,0.942545110240463,0.4898463981571015,low,0
S0063,2025-03-08,10,mid,5,47.92371085946099,0,0,5,1,1,0.0,0.0,9.691392068412807,0.7507961301085039,0.42638216830784204,0.9047579379264286,0.9852818194391326,0.0,0.8757970318942703,0.79614383636044,low,0
S0063,2025-03-09,10,mid,6,62.19113764547852,0,4,1,0,1,3.5463728011215094,0.0,8.963780429442075,0.9217534355194164,0.9700336599112166,0.8651968413601453,-0.3072700544908342,0.0,0.055236943994936616,0.18289146990645067,low,0
S0063,2025-03-10,10,mid,5,54.531313013232314,0,2,4,0,0,3.3961033202933204,0.0,7.972855088430885,0.2529581847590189,0.9891139859467242,0.4537428770864681,-0.4994844284842177,0.0,0.06321132633403936,0.12113341940932731,low,0
S0063,2025-03-11,10,mid,4,53.177687290685284,0,1,3,1,0,7.9717218604349895,0.0,9.918038501913538,0.011211562411115539,0.9874295825103477,0.9192333222574542,0.6826978852474601,0.0,0.5877666644356623,0.544154330582714,low,0
S0063,2025-03-12,11,mid,5,40.409748181874654,0,1,1,1,0,6.412695171010414,0.0,10.751806521006019,0.6760479236722375,0.3842356512788905,0.09020489978587243,-0.7115814070555218,0.0,0.5478280918065934,0.23834567923860572,low,0
S0063,2025-03-13,11,mid,3,33.073424380928294,0,1,1,1,1,5.206764978065621,0.0,8.692028124585217,0.6942165845193647,0.9101323365436774,0.7089343874751668,-0.031138599148261115,0.0,0.8533000183050865,0.3537856174998977,low,0
S0063,2025-03-14,11,mid,6,46.48686806191712,0,1,2,0,0,4.250555242907792,0.0,13.381698133820404,0.3119740660833277,0.2961865014754983,0.2502039466488878,-0.3815489934198488,0.0,0.734140980481923,0.11551996211872184,low,0
S0063,2025-03-15,11,mid,5,51.21685234306669,0,2,4,1,1,7.618865722706612,0.0,12.249150953815633,0.0711415117943538,0.6737197425854545,0.13948977823652575,-0.6221042019896408,0.0,0.46121156770891747,0.9794526497865036,low,0
S0063,2025-03-16,11,mid,5,60.408891410345525,0,0,4,1,1,3.58217132354491,0.0,6.970546965824748,0.44052429164719387,0.4745101174546814,0.9756188864250475,-0.049323939112406734,0.0,0.37153450219826667,0.3607087039700666,low,0
S0063,2025-03-17,11,mid,5,53.91695585715573,0,1,1,1,1,2.5114708421165357,0.0,12.264861593609448,0.6729944478073362,0.18693788729692518,0.37643893944670703,0.5076324281256972,0.0,0.7552011482268535,0.2096898205618103,low,0
S0063,2025-03-18,11,mid,6,21.37101771758186,0,2,1,0,1,4.895081378427176,0.0,7.626852058220949,0.9411831966308019,0.9643858401867895,0.676402825895273,-0.6433024825075109,0.0,0.0037958098228185744,0.33503223899109535,low,0
S0063,2025-03-19,12,mid,6,39.81584471682207,0,1,3,0,0,3.4381583300309138,0.0,9.34281414622399,0.10014276149107626,0.6782935068951295,0.31153069208310646,-0.006538574258462715,0.0,0.7515644478113654,0.18281860892306223,low,0
S0063,2025-03-20,12,mid,5,38.136439285868065,0,0,1,1,0,4.51183793712131,0.0,4.582328242046887,0.41130105440910825,0.6781392671696158,0.3901035404094698,-0.6405269004677276,0.0,0.8686168292776548,0.18354610125954796,low,0
S0063,2025-03-21,12,mid,3,31.74109704539539,0,1,3,0,0,4.93514051525451,0.0,7.829530851034213,0.7854055213260616,0.5830760207522807,0.09611947469307314,0.11086521193024268,0.0,0.9053452244749491,0.6219818899031667,low,0
S0063,2025-03-22,12,mid,5,60.00868846256382,0,0,3,0,1,3.656801800596984,0.0,5.126278829796427,0.10212903998565837,0.5815364462735866,0.06953780315431424,-0.10633834921124752,0.0,0.5661997624810373,0.22818494302422154,low,0
S0063,2025-03-23,12,mid,6,56.032884316649415,0,0,5,0,0,4.902323589597808,0.0,9.537083130553874,0.9793107685603426,0.902309397058542,0.15116298892865643,0.7100114594235265,0.0,0.6184108088628385,0.021734525424859097,low,0
S0063,2025-03-24,12,mid,5,59.79045195732711,0,1,2,1,0,9.189821072799138,0.0,6.1979650521602645,0.23857256748781341,0.002400021803479091,0.14528889277090307,-0.8555206123497341,0.0,0.7498674659206099,0.18764630734034948,low,0
S0063,2025-03-25,12,mid,5,38.97507245109951,0,1,5,1,0,5.3246187556078555,0.0,9.37675136054698,0.24824813930368206,0.5034570326276337,0.2236210255188983,0.08965681294583439,0.0,0.5088054784762119,0.4007244317971286,low,0
S0063,2025-03-26,13,mid,7,36.64364966234003,0,1,5,0,1,5.798604031583698,0.0,13.95751058239549,0.25947968475989247,0.9327286062100024,0.003448064440332743,0.04975694723945856,0.0,0.04474993249710879,0.6547897799837225,low,0
S0063,2025-03-27,13,mid,7,44.27987217838923,0,2,1,1,0,7.345372275047937,0.0,10.71209045930539,0.7571879089467938,0.6265562282890965,0.8349007247218406,-0.7396467413376773,0.0,0.4708314941849271,0.789333659631138,low,0
S0063,2025-03-28,13,mid,5,34.38789741343794,0,1,3,0,1,4.5995384676587685,0.0,8.031221081488379,0.4631156203311414,0.8328410490899381,0.3222053720304313,-0.8229115929770927,0.0,0.7591939074211825,0.37563551500982484,low,0
S0063,2025-03-29,13,mid,5,49.56047354075601,0,0,5,0,0,8.983936102565096,0.0,9.648928802498506,0.8083346156587152,0.4893005705999597,0.016409446440092124,0.49933044046580766,0.0,0.583114949963563,0.8777261135004485,low,0
S0063,2025-03-30,13,mid,5,57.68075658451156,0,0,1,0,0,5.056990872264245,0.0,6.114082155461787,0.11984765703165312,0.9392053631455207,0.8273115463852451,0.07439206525598396,0.0,0.6387281315213291,0.645892254699615,low,0
S0063,2025-03-31,13,mid,4,54.998970024685214,0,1,5,1,0,3.7905155705451983,0.0,9.223993439805774,0.7168932173917815,0.4460492316358978,0.38802400586870966,0.26321609343801455,0.0,0.05285216176417118,0.6982219996272327,low,0
S0064,2025-01-01,1,mid,4,59.68159261281567,0,2,5,1,1,7.5580472978403925,0.0,13.512654571827781,0.8023585156910701,0.6082910181181511,0.8761645028753423,-0.14469154286163777,0.0,0.97345413824703,0.03361636096169296,low,0
S0064,2025-01-02,1,mid,5,30.74394151761173,0,1,2,1,1,4.537293927703806,0.0,12.516007708628422,0.40886711866193026,0.24421614349777965,0.6443227319629723,0.0969948553920954,0.0,0.9129689673256914,0.4292370052696137,low,0
S0064,2025-01-03,1,mid,4,54.532016635553575,0,0,3,0,1,5.263735859746164,0.0,4.9846122958605665,0.8591412692020862,0.39890984142197505,0.776034216400493,-0.4697921219603458,0.0,0.9693429283270361,0.01545523611635602,low,0
S0064,2025-01-04,1,mid,2,37.22608317973019,0,0,2,0,0,3.209314249947248,0.0,6.968592872084351,0.5363761061338568,0.997342378987427,0.20215264013020495,0.6770080709953121,0.0,0.0023524359302788955,0.2375216027427115,low,0
S0064,2025-01-05,1,mid,4,31.74456796125299,0,0,1,1,1,1.268891263025567,0.0,11.05410303190391,0.8436615720259037,0.8843070503821711,0.8484247206305761,-0.7853594315939569,0.0,0.6665000116655493,0.4440899090293514,low,0
S0064,2025-01-06,1,mid,2,60.972430402910504,0,1,4,0,1,1.9095633851722913,0.0,6.459775581066499,0.5793030438412358,0.1615008988885982,0.45668132307060605,-0.5932322256164331,0.0,0.9810598276701066,0.04862440647068156,low,0
S0064,2025-01-07,1,mid,3,41.969355780455075,0,0,4,1,0,3.4953195686489735,0.0,12.705381860593507,0.8691175590113939,0.08186411752999845,0.2531909933259988,0.45494045798052785,0.0,0.394512316398271,0.550603172908436,low,0
S0064,2025-01-08,2,mid,2,31.374024192646072,0,3,1,0,1,4.962612971659341,0.0,9.623191793491783,0.5663994745927677,0.0021422761401200807,0.6244144610579443,0.7018753948993146,0.0,0.05490779755328701,0.8042255591068762,low,0
S0064,2025-01-09,2,mid,4,46.15922430468909,0,2,2,0,0,9.13710534685887,0.0,10.019914488763073,0.6421292983197248,0.18848719420054605,0.4055640106137717,-0.5702016521470759,0.0,0.1785850382355081,0.5570386249838555,low,0
S0064,2025-01-10,2,mid,2,39.14402514008922,0,1,4,0,1,8.619457298684136,0.0,4.339124280510289,0.3577013030873045,0.66949727751557,0.8992028418600846,0.39396677564500826,0.0,0.5693749129224843,0.7378405945457331,low,0
S0064,2025-01-11,2,mid,3,36.62204955805767,0,1,3,1,1,3.7487298414436525,0.0,8.952141088277852,0.438708129859284,0.18115241691410533,0.16721197099966334,-0.40990302765107867,0.0,0.966383483175853,0.3998358199999793,low,0
S0064,2025-01-12,2,mid,2,34.17669229756495,0,1,4,0,1,3.176189301789927,0.0,7.9697725131311365,0.7003514796927891,0.05744877027851525,0.9732395075163851,0.9699954125658479,0.0,0.7648932369355458,0.987026469523773,low,0
S0064,2025-01-13,2,mid,2,36.44353272227313,0,3,3,0,0,1.9369986682620954,0.0,14.230302757340306,0.8994477113849189,0.5905603583411004,0.9365914246305951,-0.19083589616842378,0.0,0.3945147242364384,0.9650198715135285,low,0
S0064,2025-01-14,2,mid,3,62.574278677971776,0,1,3,1,1,3.7788813931155856,0.0,10.192996659426303,0.35209976021209954,0.27829674552648065,0.18293563820390446,0.7060414795533414,0.0,0.6034445012243014,0.6780671225641365,low,0
S0064,2025-01-15,3,mid,4,44.48015240632568,0,1,2,1,0,3.5313514721061336,0.0,11.38102518001098,0.6350986058916016,0.3228879854904597,0.8665969627890406,-0.2807208552851277,0.0,0.44514421619045474,0.98031032437575,low,0
S0064,2025-01-16,3,mid,3,30.693433084383354,0,1,1,1,0,2.3436208600994535,0.0,11.768274923948782,0.27633464761605564,0.7995872764085427,0.6420979837533582,0.4652009715673806,0.0,0.5772223484073516,0.7900405167475579,low,0
S0064,2025-01-17,3,mid,2,56.69659579371444,0,2,1,0,0,2.187870842174084,0.0,7.822026183385502,0.6047720008478574,0.7822702028348941,0.109226445682583,-0.10174791243368442,0.0,0.7714704429892735,0.9036288418470779,low,0
S0064,2025-01-18,3,mid,3,70.0416060133627,0,0,3,0,1,5.119676202602273,0.0,11.815148707803795,0.14806289458309507,0.6667993380207772,0.05967362804169296,-0.047743511467127187,0.0,0.7893111461152741,0.8549193975515699,low,0
S0064,2025-01-19,3,mid,2,37.785754104555885,0,1,4,1,0,6.690124306077875,0.0,12.802650351607188,0.3101867097289628,0.3861975725590828,0.8416823603163746,-0.544093047504854,0.0,0.0600383599159382,0.14726425440937108,low,0
S0064,2025-01-20,3,mid,1,52.652241667329584,0,1,5,0,0,2.1227008059604455,0.0,10.90997023822975,0.965947741948984,0.6370126864890089,0.23856667588119373,-0.16802216302179263,0.0,0.9131786037929412,0.20340024708893867,low,0
S0064,2025-01-21,3,mid,2,29.032245162683655,0,0,4,0,0,4.146821764434022,0.0,9.883470211404843,0.270958866646427,0.02477329749310908,0.91794173327685,-0.9419298188882812,0.0,0.04959039511642682,0.29827549727736,low,0
S0064,2025-01-22,4,mid,1,58.26017897880526,0,0,4,1,0,6.825163902421923,0.0,8.956672504451543,0.21831331050297464,0.3329870170392716,0.02031204184652169,-0.14010390867451372,0.0,0.6332278086881963,0.19616050980315258,low,0
S0064,2025-01-23,4,mid,4,52.38875592765164,0,0,3,0,1,4.233602085749586,0.0,7.216105224264865,0.7264329815909786,0.5737472339772878,0.06275227498446556,-0.006291402387229361,0.0,0.524216830898327,0.7008062478289712,low,0
S0064,2025-01-24,4,mid,2,42.929217779283825,0,1,2,1,1,8.091820895140131,0.0,9.868091048379588,0.8664426085541221,0.17362281341441899,0.2319594255808104,0.027316932748340905,0.0,0.8657848845545262,0.9184093442675263,low,0
S0064,2025-01-25,4,mid,2,37.75177249244547,0,2,2,1,1,1.2282085910421459,0.0,10.701041284889582,0.606284815183788,0.28379106628070805,0.10772813034242257,-0.49573187131727625,0.0,0.840802528884418,0.24703440864549142,low,0
S0064,2025-01-26,4,mid,4,22.948520723481405,0,1,3,1,1,7.592883437706071,0.0,8.399164093306268,0.22783589406927818,0.027714921070371323,0.1933370658744179,-0.19901017923871778,0.0,0.24168231952508745,0.7222226230471334,low,0
S0064,2025-01-27,4,mid,2,52.47557313944244,0,0,1,1,0,2.8104229336988342,0.0,9.124964907725154,0.02374260903194514,0.3304531782306246,0.057821359326050814,-0.0813753891459712,0.0,0.04704734736014948,0.8332784772933909,low,0
S0064,2025-01-28,4,mid,4,43.3067413661639,0,0,2,0,0,3.1702690649924348,0.0,10.661837682825768,0.9785004452055736,0.6929715205370693,0.3740357932974313,-0.5060103717932547,0.0,0.22216669413958967,0.956233185980343,low,0
S0064,2025-01-29,5,mid,2,18.430616184433926,0,2,3,0,0,7.562285088956528,0.0,13.028388228607987,0.6139643085085869,0.7788501721003167,0.2331412186400137,-0.7806019134397584,0.0,0.04825602595361611,0.9760975768150021,low,0
S0064,2025-01-30,5,mid,2,52.93656945150054,0,1,1,0,0,4.567736845979721,0.0,9.793062041575913,0.336904428319615,0.8503259011536208,0.8758884723866721,0.8694372763155633,0.0,0.4994784641778429,0.956593249187142,low,0
S0064,2025-01-31,5,mid,1,44.9712043797536,0,2,4,1,0,4.62546253498574,0.0,12.319113131879394,0.2520779458991603,0.04058382531285443,0.006835677827332964,0.09057417392135969,0.0,0.3334219209347381,0.9641047575263781,low,0
S0064,2025-02-01,5,mid,2,58.14733049132762,0,0,2,0,0,7.067677806005358,0.0,12.146365471419877,0.8670065100330804,0.5028098844705758,0.3285736002153776,0.2510452578808562,0.0,0.6188801137224852,0.034666398304283086,low,0
S0064,2025-02-02,5,mid,3,50.39302443762617,0,0,2,0,1,6.526418126880474,0.0,10.04108463317761,0.2973256720947922,0.4866945667354232,0.40259119690904355,-0.2828521782047002,0.0,0.8918383117219105,0.7244057907245104,low,0
S0064,2025-02-03,5,mid,2,54.72869824929243,0,2,5,0,0,5.495923329277044,0.0,11.955478436752283,0.9099164961497345,0.3687600225882913,0.8289987336487743,0.23197621462473816,0.0,0.8311088481388819,0.32502237663751665,low,0
S0064,2025-02-04,5,mid,0,38.84072569134095,0,1,5,0,1,6.953983697722052,0.0,10.116802113858112,0.1169343115622008,0.8297709097071746,0.8674064020198984,-0.4198480270416862,0.0,0.6252414178469694,0.055020248121353976,low,0
S0064,2025-02-05,6,mid,1,30.276727132274562,0,0,5,0,1,5.7953727414802945,0.0,8.709038325545741,0.43558604362180775,0.18526274769576856,0.531802205908726,0.5266804629500457,0.0,0.14006367884499793,0.3444025593477329,low,0
S0064,2025-02-06,6,mid,3,33.7500075740689,0,0,5,0,0,8.338580543366362,0.0,9.409098363283992,0.6721648822219097,0.13370991872806404,0.09113151655340312,-0.6468742269357792,0.0,0.07952607588889293,0.5779590818314142,low,0
S0064,2025-02-07,6,mid,3,50.27383204713301,0,1,5,0,1,6.981313816795984,0.0,8.426204506791874,0.5976650486399134,0.4245102031088446,0.9669902382406866,-0.11566101591483613,0.0,0.46887927328757306,0.9925296774152121,low,0
S0064,2025-02-08,6,mid,2,39.16210790517905,0,1,1,1,1,6.258052594439764,0.0,7.006067112895177,0.146913300714837,0.901160215226132,0.7480280626428364,-0.8910794573484642,0.0,0.2722023689078069,0.9698034616301872,low,0
S0064,2025-02-09,6,mid,1,32.82281207211223,0,1,3,0,0,5.228652172899948,0.0,14.0173829902824,0.60543283516889,0.15588505312243695,0.2783152170206934,0.8349764719203476,0.0,0.21044002794005745,0.9067436171768335,low,0
S0064,2025-02-10,6,mid,3,66.15731993291755,0,0,1,0,0,6.247837709041966,0.0,14.472750866581592,0.5030874342859054,0.45604588754323605,0.4975964640729936,-0.2508336465867964,0.0,0.0823317265003215,0.7757239614588448,low,0
S0064,2025-02-11,6,mid,4,43.71406843644606,0,1,2,0,0,3.131136969910883,0.0,12.47671682283063,0.896485769768502,0.7932227655714011,0.44930942150934117,0.14513532251401196,0.0,0.7219221826656342,0.12452071146018817,low,0
S0064,2025-02-12,7,mid,4,35.39536119984763,0,1,4,0,1,8.371963590507152,0.0,8.340027257284719,0.9054080026884936,0.6212041429272819,0.23088777758237755,0.5951335490671785,0.0,0.9089004029955824,0.08911406411448464,low,0
S0064,2025-02-13,7,mid,1,49.85321046877867,0,2,3,1,0,3.5929150158626104,0.0,11.899797569174318,0.9423295472211155,0.17540503184669598,0.19741500296110193,-0.9751836448741025,0.0,0.019684221296427884,0.42884163916763784,low,0
S0064,2025-02-14,7,mid,2,39.18017871027437,0,2,3,1,0,3.627331711932963,0.0,10.192802992804978,0.44315369117324066,0.20639345188664282,0.9981610905986509,-0.7519987727499049,0.0,0.3062077119040758,0.6782704152025956,low,0
S0064,2025-02-15,7,mid,2,42.44205344559496,0,1,2,0,0,1.3895598555653201,0.0,10.33766700151497,0.4303751629648318,0.4363666203162673,0.5735595051579213,0.7964774579845204,0.0,0.14193250445454675,0.5576966983584564,low,0
S0064,2025-02-16,7,mid,4,55.05951088533208,0,1,4,0,1,4.117259334230776,0.0,13.618517247639533,0.14420791222592044,0.021495957611159966,0.579750085332357,-0.4999480823544016,0.0,0.4128945508668014,0.557276055483253,low,0
S0064,2025-02-17,7,mid,2,61.383889795706374,0,2,5,0,0,3.4087203307659255,0.0,11.377261726339476,0.9965272823786506,0.5435949755034695,0.31249336647039283,0.21049678762125024,0.0,0.09010666430380598,0.05282092052361442,low,0
S0064,2025-02-18,7,mid,1,46.51982892310879,0,0,3,1,1,2.744593364947586,0.0,9.214424395326466,0.625787635803792,0.7872496828845575,0.7664399451645422,0.9877634358741496,0.0,0.21219683868515637,0.914142406902438,low,0
S0064,2025-02-19,8,mid,3,55.26000065652086,0,2,1,1,1,6.4609331998446855,0.0,6.700505907599565,0.5152273456706482,0.24994725655008154,0.5277772038135268,-0.3142536128398776,0.0,0.06673784735876276,0.4723421848093585,low,0
S0064,2025-02-20,8,mid,4,42.646011122583744,0,1,4,1,1,1.3437545028248992,0.0,5.044502581581198,0.34173121457611144,0.8107993060159209,0.5079957114241676,0.9819614384954936,0.0,0.5177715371121672,0.8184743167976255,low,0
S0064,2025-02-21,8,mid,2,59.80900722646959,0,1,4,1,1,6.565278517990739,0.0,13.184012744738,0.7368836589861198,0.16765706343656273,0.2466218573805704,0.5569742412103873,0.0,0.667915122405217,0.8116366612749992,low,0
S0064,2025-02-22,8,mid,4,51.75675300263763,0,2,5,1,0,4.810475827082851,0.0,6.418710052380193,0.9044786957492988,0.3109277452642065,0.517046779182461,0.6301452853520999,0.0,0.871096865424398,0.27821187867539765,low,0
S0064,2025-02-23,8,mid,1,46.609441927727275,0,1,2,1,1,5.09752665967217,0.0,12.013566989647831,0.48359672835731815,0.36304452537124676,0.2456647547441505,-0.03319855413621586,0.0,0.48627239949459955,0.05612198235375243,low,0
S0064,2025-02-24,8,mid,3,48.4733897086747,0,1,4,1,0,3.0685148119334364,0.0,11.815475324575871,0.5854861067941047,0.4540399229530929,0.5872611861199668,0.7639871724596374,0.0,0.5334563515355121,0.7409357169964221,low,0
S0064,2025-02-25,8,mid,3,57.18089494848539,0,1,5,0,1,4.32326113690392,0.0,8.577829592207257,0.9996285749898756,0.12032825384489243,0.27120098509697876,0.36572516720828685,0.0,0.676670344577083,0.8747801658629343,low,0
S0064,2025-02-26,9,mid,1,51.92991166307193,0,0,2,1,0,0.39693189484904323,0.0,2.308045606284171,0.7390089843218564,0.9954944113059643,0.4962843367548798,0.5508190186400475,0.0,0.8515237693310704,0.034086291614839004,low,0
S0064,2025-02-27,9,mid,3,48.00990573550497,0,3,3,0,1,1.659296227865529,0.0,13.357915850359644,0.3690065870897532,0.5352489098165212,0.2916645480843777,0.13210611778502623,0.0,0.6179100499486102,0.7284819644938598,low,0
S0064,2025-02-28,9,mid,3,47.6799876563339,0,0,2,0,1,6.589127434417854,0.0,6.4484073508612525,0.6741977985736285,0.9678335570701199,0.7295977277140429,-0.7800665013757442,0.0,0.9855980304928121,0.750237260442697,low,0
S0064,2025-03-01,9,mid,2,36.15181816003928,0,1,3,1,1,0.8962248679086766,0.0,9.320186025407914,0.8578541227524292,0.16818746378737826,0.44685529265624235,0.25308241764091854,0.0,0.14248503203251994,0.05459326752635163,low,0
S0064,2025-03-02,9,mid,1,33.635036255538175,0,2,1,1,0,4.728217177133774,0.0,9.292666434713777,0.6238274347883801,0.18042833600523955,0.9738222454522077,-0.158589878088768,0.0,0.7045630257923409,0.5112183592516844,low,0
S0064,2025-03-03,9,mid,4,34.20790534603388,0,1,3,1,0,4.0247536217069,0.0,10.674228933093795,0.18463303265815778,0.3552406001584091,0.9334776267882967,-0.3382166180128139,0.0,0.8137717310566661,0.10375132969841316,low,0
S0064,2025-03-04,9,mid,4,51.64327271438893,0,2,4,1,0,5.314837888543752,0.0,9.764654569700859,0.027273956983245973,0.9788452471099693,0.5867172965058511,-0.400346229611098,0.0,0.8681206051756855,0.41709013713028265,low,0
S0064,2025-03-05,10,mid,1,46.046420597454265,0,4,4,1,0,4.888725720508432,0.0,10.254439027340164,0.8820770479629132,0.4945568354102675,0.04343164701100666,0.09766206711184533,0.0,0.848773045795707,0.396649451047174,low,0
S0064,2025-03-06,10,mid,1,46.590193778373255,0,1,1,1,1,7.533653604902801,0.0,7.682670325265722,0.045996540085627924,0.14610723812867787,0.04537657589124622,-0.007100185567812778,0.0,0.8249906688797334,0.26650132168703333,low,0
S0064,2025-03-07,10,mid,3,36.69862767204464,0,1,3,0,1,12.432418624642466,0.0,13.394557763964709,0.9082286595484795,0.721746689030977,0.07460518095112323,-0.7433194567602472,0.0,0.9517224646801493,0.36588941061846625,low,0
S0064,2025-03-08,10,mid,3,37.09660061358627,0,1,2,1,1,7.837600203687938,0.0,14.75252330686444,0.48047409980939515,0.6176599941805235,0.3222508420219671,-0.5926013849911136,0.0,0.2929783256701748,0.2475585329840222,low,0
S0064,2025-03-09,10,mid,4,40.818207808794575,0,0,4,1,1,8.508553179085848,0.0,12.437564715670376,0.11647437901236768,0.6101256759396899,0.03193841413217258,-0.3168585120830181,0.0,0.17201598838108967,0.5612064918540748,low,0
S0064,2025-03-10,10,mid,3,39.0337242986253,0,0,4,1,1,9.395769856054383,0.0,9.142720973821325,0.036812594177901836,0.8922957849011659,0.5180028779313064,-0.30111321806639,0.0,0.8269175699117004,0.8117458962085926,low,0
S0064,2025-03-11,10,mid,2,32.36338354400256,0,3,1,0,0,3.542817822312805,0.0,12.401957076443974,0.874606351013425,0.29410348165316225,0.4108863736185189,-0.628719479714493,0.0,0.8852266510924798,0.09301454991468472,low,0
S0064,2025-03-12,11,mid,2,48.9246260028843,0,1,2,1,1,5.941696457682738,0.0,10.869171844208605,0.06859526768392299,0.5114411749518679,0.18954111515628902,-0.8619859498148645,0.0,0.6220331107178105,0.11409679151635765,low,0
S0064,2025-03-13,11,mid,1,44.623721914267406,0,0,4,0,1,6.946452215459413,0.0,12.218419650075672,0.49986906848661794,0.8648919737228138,0.6828989524385342,-0.37088523961156006,0.0,0.9295347155843783,0.3399180209773184,low,0
S0064,2025-03-14,11,mid,3,55.949887654646055,0,0,3,1,0,3.9615208376367352,0.0,9.137481770997784,0.42386153002250937,0.0004825826976515568,0.5535745157902863,-0.9010414204690698,0.0,0.9309656030964439,0.8699329920340093,low,0
S0064,2025-03-15,11,mid,2,49.49713202132734,0,0,3,0,1,5.44887265771894,0.0,11.593083761817729,0.3969918888778454,0.6716479220651711,0.7482356984841616,-0.3955894635806474,0.0,0.51967882371756,0.11470415051616722,low,0
S0064,2025-03-16,11,mid,4,53.74905064106221,0,2,3,0,0,6.662592287685654,0.0,15.871350687427906,0.42327400439651774,0.440799423470838,0.2969753394093452,0.24930304793787705,0.0,0.015404217605385573,0.5441193246418606,low,0
S0064,2025-03-17,11,mid,3,43.29072958819674,0,1,2,1,0,7.704179244750725,0.0,9.870161640595445,0.12567565147696147,0.5531790419708612,0.9222054206162151,0.3341165322693558,0.0,0.2688587169997322,0.06262476350251489,low,0
S0064,2025-03-18,11,mid,2,20.545129238803867,0,0,4,0,1,6.435167279333902,0.0,9.080888603340794,0.09320382859528831,0.19835053837582162,0.07899763978471763,-0.4019461829976685,0.0,0.8738529710437621,0.15926982042395899,high,1
S0064,2025-03-19,12,mid,2,38.25180626790597,0,0,1,1,1,2.3490517995957307,0.0,5.407031299101968,0.7998631582657998,0.5354599324720316,0.23138339828612597,0.8290712175593957,0.0,0.8051810335108157,0.5999437313788425,low,0
S0064,2025-03-20,12,mid,5,46.406884195192056,0,0,4,0,0,8.298270705713286,0.0,5.777662053257973,0.6213916513973576,0.07137401863141768,0.7196251991318721,-0.8304965537946971,0.0,0.7408322042201885,0.9119959794355498,low,0
S0064,2025-03-21,12,mid,3,48.23634135442531,0,1,4,1,0,4.043784765635457,0.0,7.275678967667458,0.5808544418968548,0.3425142819315652,0.3502559488008812,-0.7198786389735268,0.0,0.33559844918359283,0.4704065632390282,low,0
S0064,2025-03-22,12,mid,3,59.049953756438754,0,0,1,1,1,4.049829442694008,0.0,6.953476285773571,0.9188051803142554,0.7938540988753223,0.4938302255806962,0.911566817297043,0.0,0.21548396471369768,0.4345414637993852,low,0
S0064,2025-03-23,12,mid,3,45.03195771863878,0,1,5,1,1,6.145331090486754,0.0,11.663657651376644,0.7099533519622555,0.591835672325236,0.12138740663851522,0.15130542502732425,0.0,0.3519776078056783,0.10530436164681278,low,0
S0064,2025-03-24,12,mid,3,58.78966816294452,0,1,4,1,1,2.789562360648229,0.0,8.540906311162274,0.4968761162530507,0.7907250427342157,0.8026432270264638,-0.06758542802222367,0.0,0.3135137486720173,0.24167123384223743,low,0
S0064,2025-03-25,12,mid,2,47.394190093439484,0,1,4,1,0,2.231712815449893,0.0,9.356095457752517,0.17551400573582898,0.4881959050396898,0.7834080952771355,0.4289304573735344,0.0,0.49356428704072763,0.2044272465538839,low,0
S0064,2025-03-26,13,mid,3,62.29355134898256,0,2,2,1,1,5.536621255582854,0.0,8.47459570622475,0.018347174820826595,0.4380223564693273,0.15242323235135036,0.32973553016334867,0.0,0.2139593087056202,0.40666740682830205,low,0
S0064,2025-03-27,13,mid,2,50.00872067960402,0,1,3,0,0,4.101114712735363,0.0,12.988677614726274,0.6083179233358239,0.4684649380353919,0.8929391994383793,-0.8669582239322444,0.0,0.9487931515820073,0.46209449471807185,low,0
S0064,2025-03-28,13,mid,4,44.265007784635934,0,2,4,0,0,4.894939798635679,0.0,8.10992093631704,0.21564664175320258,0.9102257387737843,0.5444503720058128,0.7683737063908103,0.0,0.670328026509456,0.13526491890846692,low,0
S0064,2025-03-29,13,mid,2,53.735033922103916,0,2,3,0,0,6.143505890927743,0.0,4.715402044296701,0.02008542010359804,0.8063861948807562,0.6802277400314765,-0.5424429680176872,0.0,0.03606008851007814,0.2745809866723249,low,0
S0064,2025-03-30,13,mid,2,37.653404245135626,0,0,5,1,1,5.260527959349715,0.0,8.565287934734076,0.7495325889312973,0.7973469724791794,0.672402966175678,0.21185141517359307,0.0,0.7461245986732474,0.03853027627676908,low,0
S0064,2025-03-31,13,mid,2,56.69054059932845,0,2,4,0,1,5.646055409112028,0.0,11.552095339491807,0.35502300469332726,0.4484580277520215,0.6417654618104982,-0.5603429690801156,0.0,0.7017628189794151,0.6497897625495056,low,0
S0065,2025-01-01,1,mid,3,51.4394065063978,0,1,4,1,0,6.216281541989856,0.0,8.510207816868904,0.4082864209576036,0.8010866555294779,0.8761420760634931,-0.04900471253127425,0.0,0.22718568748956403,0.38110453148137324,low,0
S0065,2025-01-02,1,mid,0,44.58390330023239,0,0,2,0,1,4.275804108260378,0.0,6.633560288468322,0.8848662993065568,0.6131521759731708,0.14813910404236186,0.45100231749477815,0.0,0.8478434534703901,0.16639260350012386,low,0
S0065,2025-01-03,1,mid,3,61.371354417903035,0,2,1,0,1,5.442575776282588,0.0,10.485305230361835,0.08652975665951546,0.02583939808612501,0.9556687153913691,0.8530528720465433,0.0,0.9237474037286081,0.9396851578546354,low,0
S0065,2025-01-04,1,mid,3,45.00088400149036,0,1,5,0,0,7.001732668470293,0.0,14.09131688494681,0.9969437931017867,0.3533582524865637,0.22877507613845782,-0.3404525358188284,0.0,0.170148303436081,0.9249773649653263,low,0
S0065,2025-01-05,1,mid,3,60.85404078281003,0,2,3,0,0,5.7387932587124615,0.0,15.567137063381523,0.8687226208509778,0.22709824190401862,0.6199077703300357,0.7218489225101785,0.0,0.12358562532283335,0.2360890951557374,low,0
S0065,2025-01-06,1,mid,2,71.70400963359256,0,0,3,0,1,9.615377239830844,0.0,11.517533338683702,0.32757513448319897,0.6151498942757253,0.8880048650166826,-0.34132761462801486,0.0,0.772210968444347,0.5706787994180484,low,0
S0065,2025-01-07,1,mid,2,30.49515195253033,0,0,4,0,1,7.069724180700865,0.0,3.9077073414354473,0.6179462732146496,0.9103845606834006,0.5689174075005099,0.4595807860411092,0.0,0.48172156398909294,0.5233627848755282,low,0
S0065,2025-01-08,2,mid,3,70.21812338991515,0,0,1,0,0,7.803307367447358,0.0,7.543250986387176,0.7692976228704892,0.5480830509086774,0.7902265359354589,0.36481567677597027,0.0,0.35984453681960626,0.8161560275461868,low,0
S0065,2025-01-09,2,mid,1,49.15200167819355,0,2,2,0,1,7.743044066575912,0.0,10.423431259237361,0.7112326005426564,0.6982899798540187,0.029655772971310168,0.09270198673485841,0.0,0.9926735505996984,0.7522157626029262,low,0
S0065,2025-01-10,2,mid,2,57.65997373190968,0,2,3,0,1,7.105122981408046,0.0,7.4271548368172,0.3009997760902907,0.5055255404215387,0.15412472668803712,-0.41693197557754136,0.0,0.7342938186729346,0.4182739345570007,low,0
S0065,2025-01-11,2,mid,1,53.71377583575897,0,2,5,1,0,5.545607550221735,0.0,11.247896635577234,0.275561314975603,0.9520036389317126,0.9061437298153414,-0.573546286490239,0.0,0.39917443075174164,0.047353655201064604,low,0
S0065,2025-01-12,2,mid,2,25.426794471024497,0,0,1,0,0,6.023357556787156,0.0,11.899002533118686,0.7745036862891378,0.014362020912818685,0.602415823737685,0.18171775056945538,0.0,0.9925817091282404,0.632543690560268,high,1
S0065,2025-01-13,2,mid,1,60.33972687498377,0,1,1,0,1,7.809876731221239,0.0,11.437595279623986,0.11098623011491959,0.7683506508447131,0.46487129737223876,0.6540425005029196,0.0,0.515587371966414,0.7267520048672307,low,0
S0065,2025-01-14,2,mid,4,36.37903801998462,0,0,1,1,1,9.850310155381035,0.0,8.521862094360968,0.6164393897731183,0.8546321829833151,0.558266202231304,0.12704620788228205,0.0,0.5867358862515426,0.7730943510560027,low,0
S0065,2025-01-15,3,mid,1,44.54182861831519,0,1,5,1,0,3.979577803181205,0.0,12.211531031829459,0.3239963545913601,0.32094807218433485,0.517264708223625,-0.0618532712966231,0.0,0.8868033027141403,0.4935786929131546,low,0
S0065,2025-01-16,3,mid,3,37.77201144529335,0,3,3,1,1,7.5405387564875905,0.0,12.386189754685034,0.7118824496054907,0.6869473485117945,0.8123946694590459,-0.3202207315387504,0.0,0.22112137508940377,0.34764647958088335,low,0
S0065,2025-01-17,3,mid,2,51.92781338526101,0,0,4,1,0,2.2524315654375577,0.0,8.95556635255686,0.04042816534388993,0.6693126172937305,0.7799781815996484,-0.7845098737150393,0.0,0.002389855124010909,0.3574253069104075,low,0
S0065,2025-01-18,3,mid,3,47.239135085864035,0,3,2,0,0,0.4852963099147427,0.0,8.392931746243026,0.6517822861238324,0.32839834511288724,0.28060957021801014,0.618341477792987,0.0,0.9471154351797568,0.2027957262797826,low,0
S0065,2025-01-19,3,mid,2,30.291328696204275,0,1,3,1,0,5.139423510251051,0.0,10.295904783721028,0.6988074728145012,0.08733023403368523,0.899333319659266,-0.38946902162227115,0.0,0.21149121379700064,0.48749879863992984,low,0
S0065,2025-01-20,3,mid,3,46.21754567249354,0,1,2,1,1,7.840482429471924,0.0,11.202324801333488,0.42368297409194966,0.016823385762196774,0.44015981354277156,0.3825185223745804,0.0,0.9572945686807228,0.8401480515962876,low,0
S0065,2025-01-21,3,mid,2,45.74275004702505,0,1,4,1,1,3.2736997699437644,0.0,10.461950521992835,0.35985791194106953,0.3166523275602926,0.3424638968682301,-0.33361876378441213,0.0,0.8246562421440937,0.35360847946870466,low,0
S0065,2025-01-22,4,mid,3,56.231583904097306,0,0,3,0,1,5.429559739928973,0.0,9.733462782038837,0.14322927608927005,0.7214887210601361,0.16317811884910793,0.5275386914079403,0.0,0.21318646974204736,0.8660773972175849,low,0
S0065,2025-01-23,4,mid,3,47.913889966892256,0,3,5,1,0,4.729429780574337,0.0,7.841402923007772,0.31338494356354496,0.06066922095765381,0.07148349282942135,-0.6514624474507749,0.0,0.3777954347239515,0.9352416313963741,low,0
S0065,2025-01-24,4,mid,1,61.64701622105139,0,2,3,0,1,7.967446972457935,0.0,9.852434337319373,0.8467616918555391,0.19783529464181926,0.3112438632507113,-0.6748954442509723,0.0,0.15128749655940954,0.21336605459390845,low,0
S0065,2025-01-25,4,mid,2,52.260885739665284,0,1,5,0,0,0.8697669301721866,0.0,7.052951015639065,0.585068243570941,0.09165087727919441,0.987660219008265,0.9619855011235825,0.0,0.9229540410066247,0.6622004584357245,low,0
S0065,2025-01-26,4,mid,4,45.28371481184182,0,0,2,1,1,9.840670579495766,0.0,11.658077522443712,0.288280741648125,0.6698574831975295,0.23712510534862075,-0.9949803805456829,0.0,0.9632358462465128,0.38162882582031876,low,0
S0065,2025-01-27,4,mid,2,45.534241702029895,0,3,4,0,1,7.618421408973317,0.0,11.016238849444735,0.36179267473244847,0.601825726828436,0.9032748966264819,-0.15649945525077968,0.0,0.5717233044231221,0.7873761002970988,low,0
S0065,2025-01-28,4,mid,2,42.300757911923924,0,1,5,1,0,7.060806786710918,0.0,9.21641681497073,0.31356765409090614,0.4038319687767109,0.5536623350750115,0.2828857619464098,0.0,0.30361804654480196,0.5758683372418976,low,0
S0065,2025-01-29,5,mid,2,47.49691988496153,0,2,3,1,1,3.4205333691162796,0.0,10.15356440991926,0.39781752346626054,0.19099307162127044,0.3090406373941893,-0.3370281344715256,0.0,0.7701257849424183,0.26516068449967034,low,0
S0065,2025-01-30,5,mid,3,65.51823007118476,0,1,3,0,1,6.260111800837651,0.0,16.547679314244764,0.8588404495963656,0.11297856546369689,0.5972670079083597,0.012664946758797369,0.0,0.41721232291348276,0.34622119014425556,low,0
S0065,2025-01-31,5,mid,3,35.29590408638453,0,0,4,1,1,3.6625236314179954,0.0,10.122863093385392,0.3774317584439585,0.2508016022734365,0.14854773714946112,-0.0015227722252539877,0.0,0.06536023550375636,0.06315401084321293,low,0
S0065,2025-02-01,5,mid,2,59.45821274124176,0,1,3,0,0,6.094258333758085,0.0,4.565019692556959,0.07289103577357625,0.5573671756306023,0.7137326488235197,0.9844385543839449,0.0,0.6374894475675457,0.7089548076217037,low,0
S0065,2025-02-02,5,mid,3,46.1788963105569,0,2,5,0,1,4.900870289607847,0.0,13.918226429696457,0.7053418719432418,0.10507698442793145,0.7636643820477838,0.5675187745354036,0.0,0.05134157355434821,0.4972415021575186,low,0
S0065,2025-02-03,5,mid,2,34.30181299800163,0,1,3,0,0,4.327980742022309,0.0,13.251030982375134,0.2541677858045155,0.8460337077996358,0.979737202340503,-0.6127323990225608,0.0,0.6364702418060668,0.3296270021705283,low,0
S0065,2025-02-04,5,mid,5,39.67143659729722,0,3,1,1,1,4.0996176141158625,0.0,8.797993138515878,0.44302004490898705,0.5479205072716651,0.8390471325853225,-0.5653059587582698,0.0,0.7552076312725453,0.6941105289333648,low,0
S0065,2025-02-05,6,mid,1,56.974202137159196,0,0,1,0,1,5.361996372164965,0.0,9.801239296687566,0.9984643731044147,0.001712648626212343,0.6867640545572792,0.07100100528321107,0.0,0.4601703812676522,0.2756561318004992,low,0
S0065,2025-02-06,6,mid,0,50.066193258481235,0,1,4,0,1,8.285223737317434,0.0,13.144928138186586,0.05235112100866668,0.32824291915085135,0.10428630701040176,-0.1663495506343884,0.0,0.7272741575850395,0.8052721445263809,low,0
S0065,2025-02-07,6,mid,2,54.0783805538499,0,0,5,0,1,6.028435828343846,0.0,5.100281705254526,0.897909360340344,0.8341605905321617,0.2673878569167444,0.9016812459641941,0.0,0.37870520036386246,0.5726880872586562,low,0
S0065,2025-02-08,6,mid,2,53.45301301199609,0,1,3,1,1,4.458749205561223,0.0,11.381671041612474,0.7608603820237229,0.23227423677981573,0.027791212324818293,-0.03633076105587785,0.0,0.7658923489975239,0.21436953590333008,low,0
S0065,2025-02-09,6,mid,2,40.10407806315759,0,0,5,1,1,7.0173660507210185,0.0,7.971453399590143,0.7736825934711385,0.7716104582256635,0.7768742915808229,-0.16710947763421502,0.0,0.6147482444624123,0.14481087449692465,low,0
S0065,2025-02-10,6,mid,2,34.033284374535526,0,1,4,0,1,3.7105384486007207,0.0,7.589265857650167,0.260594069321862,0.0942972662500714,0.3976879319588802,-0.274756346147933,0.0,0.3439616565347551,0.34894510180739047,low,0
S0065,2025-02-11,6,mid,3,41.65609235840405,0,1,5,1,1,4.905144233218727,0.0,11.694960831036699,0.04347655974640707,0.33114879310148504,0.373069893631948,0.7422602220863648,0.0,0.34229354498227593,0.8792795899944613,low,0
S0065,2025-02-12,7,mid,1,42.87243208324351,0,0,2,1,0,4.902025656072122,0.0,7.22996852104832,0.19436490023858022,0.9274616634254078,0.10711962785643936,-0.7661986412779835,0.0,0.7017296219800672,0.20555579410847657,low,0
S0065,2025-02-13,7,mid,2,43.546620368243524,0,1,5,1,0,2.999229095713823,0.0,11.161362074848498,0.08603413009913397,0.9615804605707972,0.2037874164985659,-0.30455147230979374,0.0,0.03540662765573743,0.27485692715700083,low,0
S0065,2025-02-14,7,mid,2,66.87400553096354,0,3,1,1,0,5.682689788956748,0.0,11.451934976677432,0.15426939879264678,0.8303775836792865,0.8104697280994996,-0.0774517180034342,0.0,0.9468233967065082,0.5821093000364046,low,0
S0065,2025-02-15,7,mid,2,44.67044463680203,0,1,3,1,1,5.844850276152124,0.0,15.033148812241564,0.13678667812725398,0.9467723222266015,0.30699047179271177,-0.7712100803408293,0.0,0.8637032563559316,0.8825875119732436,low,0
S0065,2025-02-16,7,mid,3,55.63963728651673,0,0,4,1,0,6.443395297103999,0.0,8.062737189024167,0.810359432994064,0.5617906063135184,0.43759945459631056,-0.5507240761943564,0.0,0.24005470146842267,0.497564477469124,low,0
S0065,2025-02-17,7,mid,3,36.46923971037835,0,0,5,1,1,1.3119553812260176,0.0,11.69201128120208,0.8790795726919182,0.49614524017402806,0.8222602271108073,0.785837837266768,0.0,0.8892806069123127,0.06574319147188756,low,0
S0065,2025-02-18,7,mid,3,39.662312826396814,0,1,5,1,1,6.983368570023016,0.0,10.843513094274131,0.31372880149213855,0.5156735847437923,0.9406996454683202,0.9911405947330632,0.0,0.5675157419077698,0.20788957021347088,low,0
S0065,2025-02-19,8,mid,2,57.33987748319544,0,3,2,1,0,8.131088694824582,0.0,9.730526652264466,0.7435557546064623,0.7047998404459466,0.010692721140208139,-0.6019676822250799,0.0,0.22167795179622019,0.2506160764789479,low,0
S0065,2025-02-20,8,mid,4,38.28611820602336,0,1,1,0,0,5.818502967405723,0.0,4.552964121112508,0.18018807005412663,0.537002571836898,0.31288128195608167,0.980096221031574,0.0,0.37571212120049347,0.03905622715230295,low,0
S0065,2025-02-21,8,mid,0,41.64239261936952,0,1,5,0,1,6.968743408942689,0.0,8.21081997097744,0.7392018842953925,0.7739114921193984,0.11274661867691815,-0.7346602823233934,0.0,0.30324045352066964,0.10344397163060659,low,0
S0065,2025-02-22,8,mid,5,63.22630435195211,0,0,1,1,1,7.193902337083799,0.0,11.68498423953519,0.617904108697202,0.6299314308089758,0.8753108621147844,0.13034088816590605,0.0,0.8815853513491326,0.21018586868177902,low,0
S0065,2025-02-23,8,mid,2,45.18144273092179,0,2,2,1,1,3.678020998537412,0.0,14.67310250197749,0.4037885241501723,0.07286233140283527,0.7787847801035889,-0.6566560015956067,0.0,0.8985543661859278,0.17423623016926415,low,0
S0065,2025-02-24,8,mid,3,53.55440448181323,0,2,3,0,0,3.379232276999879,0.0,11.05497621782643,0.044292481980218956,0.7142616095995432,0.7982326255475165,-0.9347178417788415,0.0,0.14993234144603584,0.7902865057718016,low,0
S0065,2025-02-25,8,mid,3,50.11539917321617,0,0,4,1,1,3.6320088171743636,0.0,10.200581996270108,0.30841928954898445,0.75279108970005,0.325781205895428,-0.13534439610115112,0.0,0.9050492733098189,0.9846429836791577,low,0
S0065,2025-02-26,9,mid,2,52.870742040065494,0,0,3,1,1,7.487306201485772,0.0,10.810940742159712,0.0008604501179327873,0.16174343684665304,0.8540084759958217,0.8735967158774662,0.0,0.5109869511725149,0.6932727480744834,low,0
S0065,2025-02-27,9,mid,3,35.814047988269614,0,1,3,1,1,4.864693886875903,0.0,14.462908081259616,0.2980995755225856,0.3390589064329055,0.10313191340223893,0.45039583852667353,0.0,0.960849102932729,0.23884336330037326,low,0
S0065,2025-02-28,9,mid,2,49.013143123646486,0,0,2,1,1,5.40358479906481,0.0,9.789684048808292,0.5363570176410953,0.03212950931670411,0.34467548047950514,0.5318675832349069,0.0,0.1987878284177459,0.1316656998799699,low,0
S0065,2025-03-01,9,mid,1,53.65707097345315,0,1,3,1,0,5.753930495838119,0.0,7.0417379814517345,0.7286384184648356,0.34453915156788073,0.7458863899873223,-0.31703574215246433,0.0,0.09715385860644765,0.08319893484772145,low,0
S0065,2025-03-02,9,mid,3,44.826426538516344,0,1,5,0,0,6.377863852720611,0.0,18.83741731864977,0.9829535386151349,0.7728800744693944,0.9383295651206565,0.15591654025809643,0.0,0.737781364788381,0.8950765741853794,low,0
S0065,2025-03-03,9,mid,3,35.4114408207743,0,1,4,1,1,3.095378705848157,0.0,11.53254593004658,0.894841066977116,0.4557536572713832,0.9729129872750442,0.9596638327392204,0.0,0.8005366271064823,0.43975358110291385,low,0
S0065,2025-03-04,9,mid,3,44.47199845685304,0,1,4,0,0,3.510910698956579,0.0,10.659278628641239,0.2711811928917678,0.8802288209506854,0.6918353479917818,-0.8594224945832007,0.0,0.992379811654876,0.9451415931921929,low,0
S0065,2025-03-05,10,mid,3,45.88155091367126,0,2,2,0,1,3.9656224155949555,0.0,3.847691050177473,0.4062020194749294,0.935290012777698,0.8198330548418784,-0.9372503164065877,0.0,0.009855661436353302,0.0693746587119749,low,0
S0065,2025-03-06,10,mid,4,49.218607058819835,0,1,1,0,1,5.593080508738916,0.0,8.053134237564405,0.17608398979563278,0.5227250900488969,0.4930251755882995,0.3472785621324961,0.0,0.43131728148841175,0.9154036403672805,low,0
S0065,2025-03-07,10,mid,3,48.40941576956046,0,0,4,0,0,7.144131207618741,0.0,11.414583293338117,0.34698050368519384,0.31055260230449977,0.5854171154933099,-0.708284363776126,0.0,0.039574871958896085,0.24413573699877955,low,0
S0065,2025-03-08,10,mid,3,59.98606194542262,0,1,1,0,0,1.8601544912509547,0.0,13.198405895756814,0.8875792715895418,0.8315185127129889,0.8681526367020911,0.47026060493266764,0.0,0.13178972466644634,0.06361172461362696,low,0
S0065,2025-03-09,10,mid,1,52.35795880200321,0,0,4,0,0,4.015710492388151,0.0,15.744952082149343,0.8044336788099309,0.16431058001784893,0.5107055601885688,-0.7679253719663615,0.0,0.4097141384225518,0.356371880213205,low,0
S0065,2025-03-10,10,mid,4,59.862529319897625,0,0,4,1,1,3.3646010154534376,0.0,8.551262788848721,0.6680304026550791,0.2783746180894594,0.06283931616509986,0.7860470525886853,0.0,0.049474854837233906,0.2712712151543012,low,0
S0065,2025-03-11,10,mid,3,40.769240915441245,0,0,3,0,0,5.8410162266970085,0.0,2.3330802469723855,0.6755453222844137,0.665220935737345,0.9851206131212095,-0.21640255036167622,0.0,0.12674844217192904,0.30097608860711267,low,0
S0065,2025-03-12,11,mid,2,52.92475837146246,0,2,1,1,1,3.140228580713044,0.0,13.371436730063525,0.16988600905528195,0.11923581521253501,0.9634272039336825,-0.8110330348349035,0.0,0.4408701377978176,0.10162719227543626,low,0
S0065,2025-03-13,11,mid,3,59.08848410050331,0,0,1,0,1,2.05867349731803,0.0,13.387571951362904,0.6386917966933481,0.31890652903764816,0.09086960070690375,-0.029588322989340998,0.0,0.860198181308204,0.9091809501815395,low,0
S0065,2025-03-14,11,mid,4,49.05229617300761,0,2,3,0,1,7.542707419772266,0.0,11.913764165907475,0.4271616796715979,0.8224349940074639,0.30966989596841266,0.9558064747053017,0.0,0.8156847027518843,0.004372114764657042,low,0
S0065,2025-03-15,11,mid,3,58.25693267203327,0,3,4,0,0,4.788937818610556,0.0,12.844011345179391,0.08322547720181717,0.9450748623372476,0.44704932692816635,-0.8393210894300172,0.0,0.1884271135109834,0.11984468095061518,low,0
S0065,2025-03-16,11,mid,2,41.10066605110861,0,1,4,0,0,3.8979885382846353,0.0,6.697072044024189,0.7943150696607646,0.10575911082844802,0.3036850970410103,-0.2067752870016506,0.0,0.22746379993297217,0.7084070675400751,low,0
S0065,2025-03-17,11,mid,3,44.53678626643897,0,0,2,0,0,6.460347826765182,0.0,7.800654600665725,0.9059200012559618,0.3408487852411126,0.7938760738032343,-0.14250135644311235,0.0,0.7722167097686603,0.30672307167307733,low,0
S0065,2025-03-18,11,mid,1,40.30539206593228,0,3,4,1,0,5.407195000279582,0.0,8.23968589667181,0.4391106252794723,0.2325163662392148,0.13666699226375545,-0.07508989715640202,0.0,0.30531775208007295,0.2192450885467574,low,0
S0065,2025-03-19,12,mid,3,52.51754195006883,0,0,1,1,0,10.781756114609944,0.0,13.021306287034392,0.2756353600400573,0.2494402790994572,0.2994234413433876,0.9267059179252959,0.0,0.35952508300296826,0.37414241049365304,low,0
S0065,2025-03-20,12,mid,2,50.08487085829936,0,2,2,1,1,7.822847645687437,0.0,7.993880855491371,0.20416369194873485,0.6725819695815919,0.671479087408647,-0.4355704244630967,0.0,0.445522374814742,0.41460954205000944,low,0
S0065,2025-03-21,12,mid,4,67.64944090069571,0,0,2,1,0,4.534565376272113,0.0,8.916707307805723,0.5930523888703344,0.08401650051065057,0.34765761908698234,-0.040978391465288144,0.0,0.8058065822327465,0.5266016034951374,low,0
S0065,2025-03-22,12,mid,1,41.50511008212746,0,0,5,0,1,5.501923248142758,0.0,8.6117890136711,0.14120758607224715,0.8685198281354841,0.4058746362538449,0.7522731583456603,0.0,0.5184746298933969,0.4534831103924638,low,0
S0065,2025-03-23,12,mid,2,43.271018371248594,0,0,2,0,1,7.111749962487549,0.0,10.75270747821,0.9997542223869209,0.1786167412709212,0.6595765417989541,-0.16618444974620328,0.0,0.20880513972179815,0.24090371067086935,low,0
S0065,2025-03-24,12,mid,3,35.88599363577994,0,0,2,1,1,6.640329580839236,0.0,16.418720988545246,0.061446584841878704,0.5029588109446261,0.3614041491722455,0.5562011913088074,0.0,0.8117762423489029,0.16760244792226453,low,0
S0065,2025-03-25,12,mid,4,45.70519753318354,0,1,4,0,1,5.372763361783283,0.0,8.882238350922703,0.15175890076778653,0.7350107002478055,0.4397303376185788,-0.7307488575400853,0.0,0.5713463874100644,0.02470173256053887,low,0
S0065,2025-03-26,13,mid,2,35.07056336177172,0,2,4,1,1,5.894237739054248,0.0,9.894601226192623,0.09341433302833302,0.6219602931069246,0.49707322757152594,-0.8796894631758942,0.0,0.034141881588066636,0.2218361008740779,low,0
S0065,2025-03-27,13,mid,3,45.47779026129526,0,1,2,1,0,2.629944846762391,0.0,9.958110805676414,0.7742656035640679,0.7588045154974691,0.6758379806163626,0.16653066779655745,0.0,0.32049280972599326,0.7481202793957294,low,0
S0065,2025-03-28,13,mid,2,48.479262098614846,0,0,2,1,0,5.006312344865798,0.0,14.284787604419543,0.8968407090705202,0.7912573421874602,0.5552685937881412,0.5808082803655195,0.0,0.09486661156785114,0.20136169941986348,low,0
S0065,2025-03-29,13,mid,3,46.443303420235345,0,1,3,1,0,3.4018140155889034,0.0,6.390393715484752,0.5917370897262415,0.00832673419011487,0.8415806585992371,-0.8167234002534027,0.0,0.026928389219641136,0.7731418699780009,low,0
S0065,2025-03-30,13,mid,3,56.74331211464313,0,2,4,0,1,5.906435925043585,0.0,10.141034915649552,0.37445434487645235,0.2821043886362422,0.6445530709382407,0.4167291016705741,0.0,0.01696847321687467,0.669383146101316,low,0
S0065,2025-03-31,13,mid,1,47.07984222886621,0,0,5,0,0,2.3217248526670637,0.0,8.463455018100541,0.8299397211610684,0.9117626423398765,0.8854550223136931,-0.28605405021078445,0.0,0.30218867443630604,0.6762803857599206,low,0
S0066,2025-01-01,1,mid,5,36.287754240086,0,0,2,0,1,6.545166983434587,0.0,12.448077109116628,0.3265691686707709,0.01841411562063,0.8224462560096809,0.854300975653165,0.0,0.5741129667394017,0.12048334399244243,low,0
S0066,2025-01-02,1,mid,6,43.51149692742574,0,1,2,0,0,5.124917092152862,0.0,7.650885408788235,0.7301640026383418,0.4794737115176031,0.385944771984561,-0.5865603013909404,0.0,0.2365760995889149,0.5823963287007602,low,0
S0066,2025-01-03,1,mid,5,55.67869686605241,0,1,4,1,1,5.297317723266006,0.0,10.60190880052192,0.6296815775365265,0.5814472388852627,0.43217605692844374,0.7593953989710835,0.0,0.41347752855777675,0.02077391588058153,low,0
S0066,2025-01-04,1,mid,6,41.54124700466034,0,3,1,1,1,7.508495076077962,0.0,8.023282542120588,0.8326579907285417,0.5223374070495844,0.29604230901702433,0.8861441041970222,0.0,0.9622525624261826,0.2245912004591547,low,0
S0066,2025-01-05,1,mid,8,26.66090007201912,0,1,1,0,0,5.010217545007182,0.0,14.716688857361198,0.4156753695076455,0.6409028748604424,0.01632149136056782,0.7116535473721053,0.0,0.8645799897649007,0.505186030718005,low,0
S0066,2025-01-06,1,mid,7,43.39904000548972,0,0,2,1,0,5.249953953122334,0.0,14.36602113629083,0.1594858510860353,0.5449937058143399,0.19394336486557118,0.9299141541143829,0.0,0.7088124124265086,0.5962361065607477,low,0
S0066,2025-01-07,1,mid,6,58.52052882155668,0,0,5,1,0,3.496134406608167,0.0,10.320860022630924,0.7118193511906299,0.9274611310822096,0.9442312804900136,0.8215505243845691,0.0,0.5633909424357265,0.9180893669304062,low,0
S0066,2025-01-08,2,mid,5,40.60038448295947,0,1,3,1,0,3.572614432352668,0.0,6.314163945785252,0.2948601122300505,0.6912262499913654,0.4225642174553126,0.10032765404266253,0.0,0.7709414926288599,0.26655509764952745,low,0
S0066,2025-01-09,2,mid,6,18.6582972651657,0,0,5,0,1,4.79478057589173,0.0,7.805229160808821,0.7560424802189285,0.28460325904969574,0.4978153709903329,-0.2799519701937747,0.0,0.7133638042887837,0.6098033715908848,low,0
S0066,2025-01-10,2,mid,6,30.571079434565657,0,0,2,1,1,5.983471427223133,0.0,11.595754936988037,0.3507388871144985,0.6598212442016425,0.3726636782137416,-0.22808595065113213,0.0,0.6757224163532587,0.3843216855671142,low,0
S0066,2025-01-11,2,mid,5,46.2795353586367,0,2,2,0,0,4.9009934440614655,0.0,8.820749181379188,0.9366413746581107,0.6319560569946691,0.5779186423233954,0.7393222176265655,0.0,0.12219958655181618,0.7964121074960173,low,0
S0066,2025-01-12,2,mid,6,63.94768910909704,0,1,4,0,0,4.938616032822969,0.0,8.818654477535024,0.8424669456304469,0.396144370983486,0.9871437232054792,0.693170957450856,0.0,0.7530511032807994,0.13550762751257428,low,0
S0066,2025-01-13,2,mid,6,36.97097057403636,0,1,3,0,0,7.411616577267916,0.0,8.28648649545574,0.2699359438599165,0.6137968061847716,0.6708689070367364,0.9688160957530372,0.0,0.2882275552516206,0.7059353171260635,low,0
S0066,2025-01-14,2,mid,6,38.064094940614865,0,1,5,0,0,3.487514400581789,0.0,7.590607940890307,0.6321283344105046,0.24156418826029324,0.6739572004582426,0.6466950058357637,0.0,0.3847896758465734,0.7183532658678398,low,0
S0066,2025-01-15,3,mid,5,37.96786977204991,0,3,4,0,0,1.2561490809933544,0.0,6.205624340922216,0.8896929043365912,0.7802576103546474,0.13215265245332553,-0.8210036774922209,0.0,0.8669237198223919,0.44975853796125487,low,0
S0066,2025-01-16,3,mid,5,50.12598436812741,0,1,1,0,1,1.7835961457479432,0.0,10.086667292777939,0.6615561417716178,0.6847975755126255,0.586048591335363,0.6692688437271426,0.0,0.6973512516028445,0.187516840126007,low,0
S0066,2025-01-17,3,mid,6,42.42891764295486,0,2,5,0,1,4.038682662984812,0.0,7.561704192658221,0.8124306862237399,0.33421221951344426,0.011328720166826622,0.30165264996711194,0.0,0.18058618048081554,0.1958323980041078,low,0
S0066,2025-01-18,3,mid,6,42.15515874384917,0,1,1,0,1,3.198551569414243,0.0,11.823079838567473,0.03397582031795132,0.3347713825286439,0.5738813252204082,0.20270402938091414,0.0,0.04920192468128348,0.9277971225654378,low,0
S0066,2025-01-19,3,mid,6,44.03542918440723,0,1,4,0,1,4.5246593120573015,0.0,11.912381307633261,0.9612002987527165,0.34170992074544426,0.9003116489520214,0.11704011027306138,0.0,0.06408914460835613,0.9543237825061439,low,0
S0066,2025-01-20,3,mid,7,39.51196397350738,0,1,2,0,0,6.096434303916781,0.0,19.134191907797387,0.2699465518279718,0.15712970708463891,0.35066493772979446,-0.6820567104386828,0.0,0.5061844264716737,0.4335066887157041,low,0
S0066,2025-01-21,3,mid,4,41.45230214184608,0,0,1,0,1,2.419810526229442,0.0,13.502545904020284,0.9811638824371414,0.8546018754003696,0.1481144336318604,-0.5922457210021785,0.0,0.7485837029435528,0.02575176567422588,low,0
S0066,2025-01-22,4,mid,6,24.49451379690351,0,0,2,0,1,5.661498866523217,0.0,16.19551240817913,0.47491358065927713,0.6125293023218088,0.46458319009074245,-0.3831295889955646,0.0,0.3885863906298276,0.19236949443481866,low,0
S0066,2025-01-23,4,mid,6,51.045391289770336,0,1,3,0,0,4.490513906869017,0.0,12.585228820332645,0.3275926730197739,0.5422749532981896,0.270409406065347,-0.462519651303825,0.0,0.07787463947510587,0.6519390521576051,low,0
S0066,2025-01-24,4,mid,6,50.77089769185901,0,3,2,0,1,3.839352011372636,0.0,9.379935225164548,0.8583987642471869,0.7156091937811382,0.30403140923186944,-0.3441106797315989,0.0,0.569603273936394,0.7980319174337853,low,0
S0066,2025-01-25,4,mid,6,47.64332894580187,0,0,4,0,1,6.425883873458206,0.0,15.588428322847243,0.983443862958276,0.0916361379743783,0.3846119016598445,-0.5278970687111137,0.0,0.08172969426050025,0.8646886209608252,low,0
S0066,2025-01-26,4,mid,5,41.126310750593134,0,1,5,0,0,8.189603621019081,0.0,12.570927507031127,0.9861129725210813,0.11273850726850321,0.12478080872546349,0.0464069725673375,0.0,0.05580018855006408,0.7274797864484002,low,0
S0066,2025-01-27,4,mid,6,38.554396578329914,0,1,2,1,0,6.6653612355939025,0.0,8.923939637207946,0.5779191866959434,0.10001644945610488,0.4188322612955677,0.6091069213767395,0.0,0.2425728906224428,0.18222598403030632,low,0
S0066,2025-01-28,4,mid,4,40.68977931438597,0,1,4,0,1,2.6661398059083776,0.0,9.073669746156643,0.6164491143751165,0.12351920551744444,0.5008081996349234,-0.579157973609735,0.0,0.19412845205407858,0.09582956434405021,low,0
S0066,2025-01-29,5,mid,6,41.469851973400026,0,2,1,0,1,5.070892429078473,0.0,8.66029282008279,0.6457965783065442,0.6827752240038075,0.34931289225779183,-0.7168976532172615,0.0,0.5594102631271818,0.4874654266493509,low,0
S0066,2025-01-30,5,mid,6,45.46279898469403,0,0,3,1,0,6.795552011314272,0.0,10.161987645159709,0.3070017010007643,0.4460584160366914,0.06477976129953322,0.6099244880541059,0.0,0.3258219959113615,0.7219339516703778,low,0
S0066,2025-01-31,5,mid,5,49.71031608288395,0,1,2,0,0,9.446609525500147,0.0,8.710047690757518,0.5796769730995488,0.5084092462395501,0.7698045581584867,-0.12258047868956679,0.0,0.30970587843649344,0.04222105829281331,low,0
S0066,2025-02-01,5,mid,5,43.77619720545513,0,0,1,1,1,3.4728896856699003,0.0,10.787087611392453,0.9520513488817988,0.06697170129412244,0.3288392059506141,0.9410666430722607,0.0,0.39835478054356455,0.8856013711957644,low,0
S0066,2025-02-02,5,mid,6,38.19200552927495,0,2,3,0,1,6.876141793679134,0.0,11.69375728428827,0.9466687241421341,0.33406537696299576,0.20730841250568344,0.513246732076327,0.0,0.09734634321055524,0.562765487079051,low,0
S0066,2025-02-03,5,mid,5,49.88864135282986,0,1,3,1,1,5.227638686122661,0.0,7.517822020042226,0.021746097800700137,0.3399253295414857,0.6120573909907611,-0.9890739198523297,0.0,0.8681012929275131,0.9569596810077771,low,0
S0066,2025-02-04,5,mid,5,44.017284613719845,0,0,2,1,0,1.1107827407968967,0.0,6.427186056271124,0.9380948973479603,0.9176063699279533,0.428149625335833,-0.17500969025759905,0.0,0.4449927880252812,0.7308955082778328,low,0
S0066,2025-02-05,6,mid,4,49.187364390116386,0,3,2,0,0,3.437103856942171,0.0,14.691548299597248,0.5571263283904463,0.42381780136679215,0.7135238384474075,-0.841527552758836,0.0,0.7142013357555846,0.838691780579237,low,0
S0066,2025-02-06,6,mid,6,41.96377096720946,0,0,5,1,0,9.291398084453368,0.0,9.868367835173872,0.7890202870898538,0.30603190598047547,0.4245750629517465,0.11312268049051477,0.0,0.07467129013295115,0.19764367651573678,low,0
S0066,2025-02-07,6,mid,4,37.24396866324274,0,1,3,1,1,1.7378881986456989,0.0,7.799049026750149,0.9813907758291996,0.8256532871623731,0.6489895566940478,-0.9471135106695601,0.0,0.24209262831386402,0.19319780241567241,low,0
S0066,2025-02-08,6,mid,6,42.529351143670695,0,1,2,0,1,4.813427299617797,0.0,9.795562352095285,0.16885179630470415,0.46726137995736305,0.027030351279153764,0.878392443700881,0.0,0.561623019524832,0.17352026593004255,low,0
S0066,2025-02-09,6,mid,4,32.68452231399477,0,1,4,1,1,0.8385739951442668,0.0,10.10685080189832,0.27520244077174594,0.17220163168020752,0.2997320452280622,0.4314878412590071,0.0,0.5976120089805492,0.08264425634595829,low,0
S0066,2025-02-10,6,mid,5,57.701681618392236,0,0,2,0,0,9.433043760445043,0.0,5.43124974133139,0.6149148028261703,0.19133616444029178,0.9202913171056931,0.6601888122870367,0.0,0.8284044536491166,0.5316537876165887,low,0
S0066,2025-02-11,6,mid,6,56.33983351897861,0,1,3,0,1,1.1811777194277648,0.0,14.368027211209974,0.10030239088104287,0.8340100210805479,0.6825553435345001,0.6570316875386382,0.0,0.4839461405142098,0.7917071598451103,low,0
S0066,2025-02-12,7,mid,5,55.89357959186813,0,0,1,1,1,2.711933609650917,0.0,8.962573663131243,0.7142135622705706,0.44355655645741787,0.8414044633702047,-0.8366139335618628,0.0,0.38356477163991687,0.161259962055879,low,0
S0066,2025-02-13,7,mid,4,57.64530240690017,0,1,3,0,0,5.456889766522126,0.0,11.539637204527859,0.6719523505078534,0.7134814859656129,0.22476187391780356,-0.9416551999989997,0.0,0.23184339092343087,0.794577942440036,low,0
S0066,2025-02-14,7,mid,4,56.94775772016461,0,0,1,0,1,5.528801198249294,0.0,6.379456791968096,0.18117689661630987,0.6652614102917497,0.858435547258171,-0.12844164298100047,0.0,0.34987101828398093,0.6895793670892276,low,0
S0066,2025-02-15,7,mid,5,54.48115769895606,0,2,3,1,1,2.910240647550361,0.0,12.316461556838828,0.1668360723930331,0.755405712791894,0.9009033668489415,0.8233456768971934,0.0,0.7710966610969224,0.794366096413586,low,0
S0066,2025-02-16,7,mid,7,53.46853669385652,0,0,2,1,1,3.207682095602414,0.0,15.366713558471037,0.3749980209891488,0.5635969785390302,0.3944288689483513,-0.8549181680504871,0.0,0.9694168348185873,0.926162056332734,low,0
S0066,2025-02-17,7,mid,6,39.3817265523382,0,2,4,0,1,6.127448334314995,0.0,12.875118737451697,0.6185407659014409,0.31684982475526513,0.8773891014182449,0.38367620561337534,0.0,0.8994872963616383,0.6061308363579396,low,0
S0066,2025-02-18,7,mid,6,46.953243104046166,0,2,2,0,1,6.115848713111251,0.0,11.634118167764457,0.04651213646937369,0.20364079455777873,0.19351291699602013,-0.3551664801332326,0.0,0.4763640808240712,0.7350301728207235,low,0
S0066,2025-02-19,8,mid,7,31.74278195471698,0,2,1,1,1,2.870277550161822,0.0,13.91316178992718,0.6777309850154375,0.2277374760036357,0.6282590406129619,-0.0437696360233899,0.0,0.12291849027331025,0.9294271144677683,low,0
S0066,2025-02-20,8,mid,6,51.59944450710324,0,1,4,1,1,6.057152487167626,0.0,6.103174181846219,0.9294828676972492,0.7529318086713835,0.5476390905224431,-0.38015139092617134,0.0,0.6365384226938495,0.7144037801111779,low,0
S0066,2025-02-21,8,mid,7,52.00302828502155,0,0,3,1,1,4.192945048606735,0.0,10.419355009015543,0.9182296641664403,0.054950848577589695,0.8897887634754442,-0.4958270561373732,0.0,0.6531758572291204,0.6369302440392014,low,0
S0066,2025-02-22,8,mid,5,55.820280080981306,0,1,5,1,0,1.1858320278508714,0.0,11.283185484364456,0.17137198992024327,0.2011465011516047,0.46655009713046736,-0.8579679564993272,0.0,0.2344609726060487,0.7195388876309464,low,0
S0066,2025-02-23,8,mid,5,42.44326237046074,0,0,1,1,0,2.7233280722035627,0.0,10.076381928174323,0.8962719214303488,0.12599435367509149,0.9765309038585333,-0.2760764645829621,0.0,0.7269981983149579,0.9593657709726281,low,0
S0066,2025-02-24,8,mid,6,45.67469842833159,0,0,5,1,0,5.021827034341773,0.0,3.145695185593067,0.16077709777027904,0.463063276005666,0.9987077233443435,0.38101231254789614,0.0,0.062356554655645824,0.7256673997638525,low,0
S0066,2025-02-25,8,mid,5,36.62187678058514,0,1,3,1,0,7.90236747706404,0.0,11.588975773731882,0.059763979433366865,0.4937799891480422,0.0712028258089551,0.8020421589518201,0.0,0.6408627238689099,0.4800104621284562,low,0
S0066,2025-02-26,9,mid,6,39.15998712116638,0,1,2,0,0,5.025609482353095,0.0,9.051232319421679,0.3488921701746882,0.2780439448044384,0.3527054473734049,0.23152044224466817,0.0,0.41163076642458907,0.17916742891866133,low,0
S0066,2025-02-27,9,mid,6,46.42812270398406,0,2,2,0,1,5.800076453191249,0.0,4.163287972823537,0.3290354419617869,0.42528132383382333,0.5222309354190856,0.49507473573721406,0.0,0.12075657886954494,0.3522269627609316,low,0
S0066,2025-02-28,9,mid,7,62.746447467624165,0,2,5,0,1,5.509655070915553,0.0,14.605158028385556,0.5395077614194331,0.6106449599288184,0.9832174635181783,-0.9325829172611493,0.0,0.4713028105395678,0.21130442377024572,low,0
S0066,2025-03-01,9,mid,7,62.948224899915445,0,1,2,0,1,6.251263187937428,0.0,8.332024943849632,0.5332937051471078,0.29650221716758507,0.3450560503615584,0.9155963151409248,0.0,0.18386981922104717,0.8867541484165491,low,0
S0066,2025-03-02,9,mid,6,59.475104463217626,0,1,5,0,0,5.598541803374774,0.0,13.922229408449786,0.7685926702562937,0.8100542572338799,0.3321110515004023,0.24671737537545102,0.0,0.4357942871238445,0.09810805596903382,low,0
S0066,2025-03-03,9,mid,7,62.7841390935673,0,0,1,1,1,7.408655103767096,0.0,7.756857643626727,0.3775910649493671,0.047515046449664755,0.9654220108929558,-0.4574157318938794,0.0,0.053350159686200715,0.993459803201389,low,0
S0066,2025-03-04,9,mid,5,65.43114176921523,0,2,2,0,1,10.598600605068235,0.0,12.270515956982699,0.8454202474255363,0.9450655760710746,0.5422502846663987,-0.9091267422933011,0.0,0.15237576710361067,0.9495993129551147,low,0
S0066,2025-03-05,10,mid,6,55.66278711760486,0,1,2,0,1,6.4968816958802655,0.0,7.527508514986826,0.03017868502482568,0.7315306949515151,0.8952879696865317,0.7652250748129614,0.0,0.7723406699003633,0.9347307585918206,low,0
S0066,2025-03-06,10,mid,7,56.35029759336457,0,0,1,1,1,6.189316145757301,0.0,14.914881727010664,0.18341927211858555,0.947912353299196,0.6497328182818342,-0.021923374082931435,0.0,0.8613870348599294,0.9532820611321124,low,0
S0066,2025-03-07,10,mid,6,21.94508481571628,0,0,4,1,1,3.946388558281093,0.0,10.347462781285754,0.19064298949223024,0.24505585769047022,0.18749525094081143,-0.793958797520099,0.0,0.1827469572006667,0.935548935036312,low,0
S0066,2025-03-08,10,mid,5,54.023501442443546,0,1,5,0,1,4.651476482932983,0.0,13.369822794165447,0.09540900630114368,0.6479189560966099,0.7055995996578035,0.13666934474293235,0.0,0.33212860888951845,0.4244859470301756,low,0
S0066,2025-03-09,10,mid,6,51.042979599341784,0,1,1,1,0,5.231066213648212,0.0,14.833990323365056,0.719655593927476,0.93716621716896,0.5383703647102676,-0.701938358205145,0.0,0.568278669508212,0.04692737813960157,low,0
S0066,2025-03-10,10,mid,4,42.498757242737675,0,1,3,1,1,5.179671699915057,0.0,9.978010283049402,0.13651561331598083,0.8573231991440005,0.3633886668219277,0.5906512397673445,0.0,0.4987605114012109,0.5231154525093346,low,0
S0066,2025-03-11,10,mid,4,47.04402109161084,0,0,4,0,1,8.315297914309651,0.0,3.089206457791853,0.6164571728624321,0.19578405208536065,0.4817537186492692,-0.8742191878406411,0.0,0.9691670583605989,0.47282572358966546,low,0
S0066,2025-03-12,11,mid,6,41.11292334467447,0,0,4,0,1,6.265348982412107,0.0,6.435309654149818,0.0020482396758800814,0.5631032647270772,0.9739834569034579,-0.2957555516502124,0.0,0.893530167002887,0.10781818887055183,low,0
S0066,2025-03-13,11,mid,5,41.028723368094845,0,2,2,1,1,3.348369909854884,0.0,9.707454975528822,0.5622168580485467,0.31427443966843305,0.47891427952871224,0.9153883176453028,0.0,0.34096889708239697,0.7192835680697571,low,0
S0066,2025-03-14,11,mid,6,48.9165170081411,0,0,3,0,1,3.1284937661560006,0.0,11.630601866530833,0.6726554402269527,0.15313612066664273,0.31862616932955323,-0.07371797031907668,0.0,0.6361571083293477,0.47007926575440984,low,0
S0066,2025-03-15,11,mid,7,52.938139796223744,0,3,5,1,1,5.385981440720991,0.0,11.150280941746429,0.5819731048775029,0.004529491568247557,0.6352858828905856,0.544822593036125,0.0,0.73287563465022,0.17206442846918435,low,0
S0066,2025-03-16,11,mid,8,63.80976495327003,0,3,3,0,1,3.0869381652130934,0.0,14.626499264772008,0.48935961934740235,0.5983829424329827,0.03415931821076701,-0.3042256027826271,0.0,0.4268503780645264,0.26167255636154685,low,0
S0066,2025-03-17,11,mid,5,21.44196889342087,0,1,2,1,0,4.918407258697518,0.0,12.414811841879077,0.16797297705882097,0.7798532329896112,0.5137745336542939,-0.7658621339397469,0.0,0.46159227123079605,0.6873948286321777,low,0
S0066,2025-03-18,11,mid,6,42.42850637364065,0,2,1,0,1,3.0958782153694036,0.0,12.747066054287016,0.6057635233810585,0.5544371679808389,0.5268505616656222,-0.7681772365464561,0.0,0.4898854584131528,0.5506223526996857,low,0
S0066,2025-03-19,12,mid,5,52.7679290937248,0,1,5,0,0,7.4655273431435525,0.0,9.253416552808634,0.05176062358227196,0.6369595162684237,0.8185159887677473,0.392718405530434,0.0,0.843122510472348,0.11222834994034192,low,0
S0066,2025-03-20,12,mid,5,41.755453442877666,0,2,4,1,0,7.388404101538857,0.0,9.167591946060268,0.03486767023041337,0.7779631307245768,0.5513381472307238,0.27925121786636753,0.0,0.3728787734762511,0.5448406050280897,low,0
S0066,2025-03-21,12,mid,5,51.47401186900356,0,0,2,1,1,7.9784480158658235,0.0,5.154935673042792,0.47263298128601894,0.3491236795374081,0.22356555806385048,0.10570877638789189,0.0,0.5082724153453704,0.9914244874462377,low,0
S0066,2025-03-22,12,mid,7,44.045804813448385,0,1,1,1,0,2.388533314221767,0.0,10.989481429307489,0.2556433739845876,0.020336573051915385,0.3220431827393304,0.24205672144041657,0.0,0.3117404767563223,0.22851372459586505,low,0
S0066,2025-03-23,12,mid,6,47.54490219501347,0,0,5,1,0,5.062265251314147,0.0,8.651952961769972,0.2262061031637006,0.6407413725754583,0.49821031528111237,0.1322496125303212,0.0,0.3596405945079959,0.051544447556757356,low,0
S0066,2025-03-24,12,mid,7,52.549430242509445,0,0,1,1,1,6.244689428013033,0.0,10.29232045912043,0.6086602442759874,0.8758953686551906,0.6717716047928843,0.4985940557094639,0.0,0.22147012360392904,0.4861919480665682,low,0
S0066,2025-03-25,12,mid,6,55.8128248642152,0,0,1,0,1,4.686205170896527,0.0,4.49957244090252,0.381478214228946,0.8302705072920006,0.22649244137719737,-0.7265820580329774,0.0,0.8369791945609254,0.24340892475635256,low,0
S0066,2025-03-26,13,mid,5,41.19655082838714,0,1,1,1,0,2.277639536154611,0.0,7.6827594049932895,0.8144062564594358,0.18912839537034076,0.10850824109826795,-0.45077587370737393,0.0,0.4471874780506968,0.7997923313496175,low,0
S0066,2025-03-27,13,mid,6,43.20602641986628,0,2,2,0,0,6.826806795917566,0.0,6.165225334914004,0.14411932768668378,0.7195629445681198,0.9763138227267572,0.9701133757590139,0.0,0.1262091965323907,0.7687067649156297,low,0
S0066,2025-03-28,13,mid,7,50.86777782983884,0,0,1,1,1,2.1841192117955237,0.0,7.349897298518961,0.46100383109369436,0.31076086613713627,0.6972428848992084,-0.4049167219591503,0.0,0.620756136689543,0.37429225144696743,low,0
S0066,2025-03-29,13,mid,7,40.59343033857381,0,1,4,1,1,5.84706693726463,0.0,7.6911347422896,0.10569436605768845,0.02012899854857686,0.9304892865864591,0.7455188254778609,0.0,0.35844877320043156,0.10052389505426018,low,0
S0066,2025-03-30,13,mid,6,48.46080984938312,0,1,4,1,1,2.9813397112996136,0.0,12.772779433647418,0.14944399731003388,0.058945238326850724,0.41503399674247066,-0.7454212421346453,0.0,0.49903262278121363,0.40904662307669626,low,0
S0066,2025-03-31,13,mid,6,52.213534718353415,0,2,4,1,1,5.686681815934188,0.0,8.82523607416014,0.8847917595381882,0.004878737413009482,0.9452247150317026,-0.09124331567414501,0.0,0.46262669312453475,0.8787426023854117,low,0
S0067,2025-01-01,1,mid,3,62.17009995214782,0,1,3,1,1,10.29278543532276,0.0,15.590340514969238,0.43730725762976286,0.1738133710923372,0.11873219267540214,-0.7907640077193991,0.0,0.11216475347854538,0.29487825770350407,low,0
S0067,2025-01-02,1,mid,1,43.75515242981676,0,0,1,1,0,7.775837666385373,0.0,11.291086581621668,0.5634175165350207,0.5788052540157386,0.4828626729951666,-0.7234579312720177,0.0,0.2719451030673864,0.9358474426486812,low,0
S0067,2025-01-03,1,mid,2,43.44192363285905,0,2,4,1,1,3.8415064788873945,0.0,7.357165905665676,0.6695186259475616,0.09332929004096335,0.9334042152704002,-0.7517448298967533,0.0,0.667155945441503,0.6351220785024576,low,0
S0067,2025-01-04,1,mid,2,62.70583787236739,0,2,5,1,1,3.18698414822681,0.0,11.110648229693641,0.18310438230208792,0.5408198599321465,0.5036836375355148,-0.18143562537755087,0.0,0.42687399527818104,0.17220237655303527,low,0
S0067,2025-01-05,1,mid,2,28.098235198909155,0,0,4,0,0,5.56820982353932,0.0,11.366340759804443,0.13022068262427244,0.18969635199109414,0.4641256488968063,0.37678466583850123,0.0,0.19540498031613318,0.08337991315704196,high,1
S0067,2025-01-06,1,mid,4,42.433237871069586,0,0,2,1,1,7.124922512135083,0.0,10.478443957329434,0.9340527939685197,0.18445233750505574,0.9395760245386695,-0.8608345314379044,0.0,0.9093265440812788,0.77232599904352,low,0
S0067,2025-01-07,1,mid,2,52.105177133988064,0,2,5,1,1,5.169750214148205,0.0,9.42274391298017,0.4026351975910356,0.6839658995543458,0.8112300139540096,-0.6511054088662112,0.0,0.870626945715169,0.19458679345649266,low,0
S0067,2025-01-08,2,mid,3,33.35244082366035,0,1,3,0,1,4.457489863782369,0.0,9.277376406176746,0.846057197818085,0.2365524790839435,0.2511042039690652,-0.07392254064516646,0.0,0.47191198934030054,0.1862023641387196,low,0
S0067,2025-01-09,2,mid,4,50.225881406287144,0,3,3,0,1,7.177054067219337,0.0,10.25422102893071,0.9664950788275662,0.9990095159700372,0.7591762970182815,-0.029399261104424035,0.0,0.29603647085583595,0.5579806815865601,low,0
S0067,2025-01-10,2,mid,2,31.85487149513643,0,2,4,1,0,6.776857060062118,0.0,13.838560876626197,0.8585082281850361,0.8123786214842773,0.9890313817571371,-0.24161760628889217,0.0,0.16487213769951292,0.7598175978318945,low,0
S0067,2025-01-11,2,mid,4,39.28529512691382,0,2,5,0,1,6.567405244014314,0.0,18.539395153358043,0.7348442497998863,0.1908670820514573,0.5860042664513498,-0.3911704511098917,0.0,0.021449421960181514,0.7488678848372196,low,0
S0067,2025-01-12,2,mid,3,44.421562904055584,0,1,1,1,0,4.793467083655834,0.0,12.406782253389565,0.5106939185170987,0.36549650924106236,0.5222242427252204,-0.8344156664061317,0.0,0.4587331042398052,0.663443319869167,low,0
S0067,2025-01-13,2,mid,1,28.95827201887569,0,2,4,0,1,5.820135141784189,0.0,13.784585259885482,0.5809554142093486,0.11157845984559966,0.8010060193170734,-0.00350667605984456,0.0,0.8214909373324939,0.3155882681516441,low,0
S0067,2025-01-14,2,mid,3,38.44596687705421,0,1,4,0,1,3.494567147895574,0.0,7.421485556193305,0.6213646092791772,0.8646293812667218,0.5770336390454526,-0.7962269760476544,0.0,0.9293787952734446,0.5353290369519315,low,0
S0067,2025-01-15,3,mid,4,37.423018776558756,0,1,5,1,0,10.755500403405733,0.0,7.977060746370583,0.10783116546338667,0.5847565149129728,0.8342233752154345,0.12129062401492918,0.0,0.8830476558391444,0.1382302107562423,low,0
S0067,2025-01-16,3,mid,3,55.07407515623823,0,1,1,1,0,5.386461821576949,0.0,8.650818188053922,0.28818572465521164,0.926645833571091,0.5538986697269834,-0.5552879656752041,0.0,0.8466321837140497,0.983243501944166,low,0
S0067,2025-01-17,3,mid,3,55.58515957681038,0,1,4,0,1,5.869351186459796,0.0,7.041704789739256,0.11766424353005567,0.8101042766151527,0.7338300174756238,0.8508063208462451,0.0,0.06841788721002018,0.5552969723407316,low,0
S0067,2025-01-18,3,mid,3,47.87359361960573,0,2,2,1,1,4.035249343947767,0.0,7.6610937397562715,0.6647180795869329,0.4832024726109446,0.18154879152760206,-0.936560514433989,0.0,0.9234997605753019,0.3141360468052561,low,0
S0067,2025-01-19,3,mid,2,37.423147481611565,0,0,2,0,0,4.930836412994669,0.0,4.604000338583019,0.19714753471659652,0.7339277693032175,0.0448862548834108,0.10711299987628231,0.0,0.1101012491793153,0.3073512902976192,low,0
S0067,2025-01-20,3,mid,2,31.65488188741807,0,1,5,1,1,6.456003550647999,0.0,7.9694177974049625,0.14900886359566823,0.5273469865992703,0.20762968997798315,-0.021456350017439618,0.0,0.25474036869187255,0.3511115991423793,low,0
S0067,2025-01-21,3,mid,2,50.23416806519023,0,1,2,0,1,6.509446560269716,0.0,11.145445498084227,0.8661294341346951,0.3370090011841127,0.0887120331262814,0.8500372817423276,0.0,0.030696288817478212,0.8810646255912021,low,0
S0067,2025-01-22,4,mid,5,46.092532246309794,0,0,3,0,1,6.174303368011504,0.0,13.004714916339891,0.13525878756614373,0.7818732725429275,0.2478943659939863,0.7821679521153775,0.0,0.72186184754493,0.7171958548995313,low,0
S0067,2025-01-23,4,mid,2,29.20983226385733,0,1,5,0,0,3.425334795637186,0.0,12.759184664893457,0.0528989627846006,0.7867822766356417,0.3712682084207525,0.6917844810042217,0.0,0.623687117996323,0.8310157231958797,low,0
S0067,2025-01-24,4,mid,4,24.409805066047486,0,0,2,1,1,4.814487127691977,0.0,10.406433745803737,0.42570925712507357,0.12302847096746594,0.36696690763183515,-0.08535488086998666,0.0,0.5095683279900455,0.12245943939217108,low,0
S0067,2025-01-25,4,mid,4,31.900329894644983,0,3,5,1,1,4.731205933745603,0.0,7.487099338224326,0.7238004158070009,0.03235548772772934,0.26704928995877253,-0.8122015471636772,0.0,0.41010800173457185,0.9253319689290564,low,0
S0067,2025-01-26,4,mid,4,33.41863054438384,0,1,1,1,1,4.2300028553054885,0.0,8.181642642240798,0.7326546151917201,0.6139631879167007,0.15902821643228027,-0.578655831344095,0.0,0.8798478786313527,0.8237270961304172,low,0
S0067,2025-01-27,4,mid,2,69.97936029633614,0,0,3,1,1,4.292530194801353,0.0,5.819911879907556,0.9335663509444078,0.8551196266201291,0.48861823735372556,0.0910970344048172,0.0,0.4086463257105678,0.9447559665408363,low,0
S0067,2025-01-28,4,mid,0,37.17646722550889,0,2,1,1,1,6.650178621774632,0.0,9.504286633036058,0.11062187842152849,0.1316112117035556,0.9906139554126838,0.24669981127476892,0.0,0.45867812875606473,0.12000963898847028,low,0
S0067,2025-01-29,5,mid,4,51.381186579282605,0,1,2,0,0,4.2091969916892005,0.0,9.284156529815299,0.808547937353675,0.7167159322458956,0.10940539537995153,0.46189531047261867,0.0,0.5976406496736641,0.17148856757444952,low,0
S0067,2025-01-30,5,mid,3,53.87456702864113,0,1,5,1,1,3.8603638030428984,0.0,7.9112508799632515,0.6545118121902345,0.679655294409389,0.07276152553545878,0.3017927843460173,0.0,0.03459675548807595,0.9049868050550081,low,0
S0067,2025-01-31,5,mid,3,54.01199982466025,0,0,4,0,1,4.962956192132058,0.0,11.389374845763555,0.6526826333550927,0.23439984465165076,0.5232247262193698,0.31485788161939077,0.0,0.22814291210665338,0.5218664660614678,low,0
S0067,2025-02-01,5,mid,1,53.99111773543083,0,2,5,1,1,2.9273464276194843,0.0,12.951838434135869,0.02420154664400087,0.8524023158173102,0.018682402209129312,0.0981713084468896,0.0,0.22277106489159937,0.7771066059689896,low,0
S0067,2025-02-02,5,mid,1,47.609896198166446,0,1,2,0,0,10.809747669640675,0.0,7.904703278203867,0.866750608415595,0.7741540385575797,0.6577356182014222,-0.46638014708524467,0.0,0.41034698618517007,0.7871847818377955,low,0
S0067,2025-02-03,5,mid,3,46.243905452064006,0,2,4,0,1,5.644338625712976,0.0,12.073766330110335,0.663915717141436,0.9626363177076839,0.8655042342276615,-0.02517325697899664,0.0,0.5771491336905967,0.7758426620369614,low,0
S0067,2025-02-04,5,mid,3,33.38600880588711,0,0,4,1,0,4.8504943351984915,0.0,10.444404395073764,0.8328498262165753,0.5150058358713353,0.4416888422146109,-0.8740684147061892,0.0,0.8584923762742138,0.2706624803238642,low,0
S0067,2025-02-05,6,mid,3,48.72403547636759,0,1,2,1,0,2.815954600600698,0.0,15.674941143133463,0.1761090355709355,0.5548242871661456,0.6461602274911137,-0.5053199876436367,0.0,0.3189451206094601,0.21384743041823406,low,0
S0067,2025-02-06,6,mid,1,37.82923794482326,0,2,3,0,0,4.748134903028099,0.0,6.074565651505749,0.7062211975613363,0.4369654892461561,0.23413979118266048,-0.1703634727820904,0.0,0.5924067982232717,0.9363923171019113,low,0
S0067,2025-02-07,6,mid,4,44.985572697325466,0,2,4,0,1,3.173471397998155,0.0,6.3227316560302,0.6870969913204091,0.5639033477294317,0.8683691036633473,-0.4909874107673291,0.0,0.6584094292234074,0.9404098541344675,low,0
S0067,2025-02-08,6,mid,2,34.86696972556331,0,1,4,0,0,4.283273028744707,0.0,12.659805718580131,0.9651974681328369,0.9743948196210758,0.014734511140685802,0.31104720977678935,0.0,0.351026007554583,0.1404864868645186,low,0
S0067,2025-02-09,6,mid,3,54.831232412400546,0,0,5,0,1,6.374788626664434,0.0,12.793968861835618,0.05695602808103584,0.5095652442373879,0.44884988925237823,-0.22628483551077294,0.0,0.12670015807112944,0.7873520206661917,low,0
S0067,2025-02-10,6,mid,2,29.189827883048537,0,1,2,1,1,4.234327118543281,0.0,3.926613663721133,0.08718919419807003,0.4946805624658911,0.6580332496381261,-0.9107957447859447,0.0,0.33232555762788774,0.5566921057640685,low,0
S0067,2025-02-11,6,mid,1,48.21362635151778,0,1,5,0,0,7.637968413965265,0.0,6.68951837450976,0.57323391127897,0.38795993197512824,0.7882396133551612,-0.19370453566075319,0.0,0.558555700364789,0.5606272248099654,low,0
S0067,2025-02-12,7,mid,0,53.00991056739684,0,0,5,1,0,6.894776560898529,0.0,12.600133730948022,0.6385289723864054,0.9176431414103554,0.2649641312708949,0.6420478104051122,0.0,0.18583367758283453,0.06782265861291592,low,0
S0067,2025-02-13,7,mid,3,50.20521449659049,0,1,4,1,0,3.0988553069898144,0.0,10.653263566330812,0.291096479218953,0.12101631003132707,0.5480432448004683,-0.12401733879585253,0.0,0.4302875355305519,0.28283245209400343,low,0
S0067,2025-02-14,7,mid,2,57.72277143930401,0,0,4,0,1,1.60915673860928,0.0,12.47777153390693,0.4501894034096101,0.54918911070529,0.5733481334595674,0.16522133099455383,0.0,0.07005063963544789,0.7404785339926826,low,0
S0067,2025-02-15,7,mid,2,41.54614099237236,0,0,1,1,0,7.05674169769126,0.0,11.416388824377538,0.7234558912541916,0.7079860197355277,0.4657330916903303,0.7999928562065799,0.0,0.3132647169651802,0.9063654527789232,low,0
S0067,2025-02-16,7,mid,3,40.4567833379569,0,1,3,0,0,5.571913614425364,0.0,12.545512202690295,0.5258155047464947,0.5023100512200604,0.6173750393007873,0.03325066140805322,0.0,0.2727013467108451,0.9538725105298889,low,0
S0067,2025-02-17,7,mid,4,46.54470297408576,0,0,3,1,0,5.75353932329861,0.0,11.784908599588608,0.8223606483226767,0.6717127763747553,0.1418666795191561,-0.9402909485945421,0.0,0.8480844359353211,0.7071608174725785,low,0
S0067,2025-02-18,7,mid,4,40.58071515596535,0,0,1,1,1,4.367804269475011,0.0,11.274874005842632,0.7678606270069397,0.8040907277403062,0.004579077794087949,-0.9318106084011131,0.0,0.9210408545910005,0.5688175809215904,low,0
S0067,2025-02-19,8,mid,2,39.0937918927965,0,1,4,1,0,7.782187738070007,0.0,13.504779049630557,0.29481959756263354,0.01885140473978908,0.8266122564901225,-0.035163700193008074,0.0,0.09545508702891603,0.9575596949484063,low,0
S0067,2025-02-20,8,mid,2,26.270520819484638,0,1,5,1,0,5.078110596009889,0.0,5.87776868184022,0.8933681085862814,0.32884322869131033,0.8278148079796481,-0.9816103184516256,0.0,0.18203237053582988,0.2903208927824581,low,0
S0067,2025-02-21,8,mid,3,61.77400483367404,0,0,5,0,0,8.799174428970732,0.0,9.11050649756689,0.34550349964053373,0.7126170780974773,0.8670275697769869,0.1333771870563163,0.0,0.3861628202837575,0.7542530800928592,low,0
S0067,2025-02-22,8,mid,1,45.692106693825274,0,0,2,1,1,6.104588319921693,0.0,8.684999895255537,0.15537355858215784,0.3398163139770375,0.8894058803756347,-0.7828291138965544,0.0,0.866678882205704,0.4753652855136079,low,0
S0067,2025-02-23,8,mid,3,37.24908150835993,0,0,5,0,0,7.830268441709206,0.0,11.02912631696165,0.9350462635526262,0.5504017533836839,0.15236855263668447,0.4192033589741393,0.0,0.4100735839999422,0.531302796025155,low,0
S0067,2025-02-24,8,mid,4,53.34461891115549,0,1,2,0,0,9.87814074929312,0.0,8.313418600830895,0.7590448929205413,0.14268570525740987,0.5349310873658972,-0.09008078886085014,0.0,0.41641378654660144,0.3593388993823611,low,0
S0067,2025-02-25,8,mid,2,58.637717614824695,0,2,2,0,1,2.2208701719637816,0.0,9.861133601415686,0.08349460696963507,0.4423537216675528,0.9473469841829919,0.444133943090945,0.0,0.23451061040620524,0.46262296579096573,low,0
S0067,2025-02-26,9,mid,2,50.603215753632995,0,0,3,0,1,6.577812889991764,0.0,11.005840832379223,0.4503099372001833,0.3491545633933868,0.9937852309377284,-0.660981268324474,0.0,0.21674982595281544,0.6681705185050387,low,0
S0067,2025-02-27,9,mid,2,29.174042695938383,0,1,5,1,1,4.657684526409369,0.0,7.206054512840056,0.012182376683192442,0.38134395772090623,0.6259261447054716,-0.843477123203481,0.0,0.8184749239717393,0.2927201511844054,low,0
S0067,2025-02-28,9,mid,2,40.25111311942593,0,0,5,0,0,5.6642750469853596,0.0,7.714475542312322,0.2701342279240222,0.9743928892078911,0.23701809077504665,0.24722256086256356,0.0,0.40641837528485314,0.09029528725686808,low,0
S0067,2025-03-01,9,mid,3,51.75256295940659,0,3,2,1,0,6.6542680394052605,0.0,7.760432775587672,0.8796589309105262,0.6624331156685761,0.38792154145513236,-0.2880310329685558,0.0,0.3587887928238528,0.49146870490404615,low,0
S0067,2025-03-02,9,mid,2,50.09574539702322,0,0,5,1,0,8.248175559716076,0.0,8.03475417012416,0.288582700026514,0.4538976328074137,0.17272794292038407,0.7956063263825532,0.0,0.8956683657288403,0.47835925093571907,low,0
S0067,2025-03-03,9,mid,3,34.93916710851622,0,0,2,0,1,6.906255416110744,0.0,3.7075908940220073,0.10779000619008094,0.038943098725199965,0.5423379788907489,-0.7708814857905935,0.0,0.2511691449898653,0.4972730199186335,low,0
S0067,2025-03-04,9,mid,4,35.51253836438822,0,3,2,0,0,4.8188112784715535,0.0,11.366151969983541,0.1934591063182204,0.23147700484675948,0.45854772669877597,-0.49375680268338007,0.0,0.12710779522758053,0.39676494317910227,low,0
S0067,2025-03-05,10,mid,3,45.7747331247959,0,2,4,0,0,1.768529896175048,0.0,12.358801803754162,0.8175206266162156,0.04791978637303351,0.6543664526060419,-0.6814537393674118,0.0,0.08754271884135689,0.35398403808495893,low,0
S0067,2025-03-06,10,mid,4,28.225731997389925,0,2,3,1,1,4.1998350534557005,0.0,12.926521117301686,0.32645150242768217,0.4236808349830068,0.4662256132779401,-0.2388226045430728,0.0,0.5061844169383038,0.9725691424810656,low,0
S0067,2025-03-07,10,mid,3,49.46561641704695,0,1,1,1,1,3.555889143900906,0.0,9.623016907943486,0.00540572229251024,0.11940288974310242,0.6059437519238724,0.9818091922048477,0.0,0.7121081952374401,0.15715002472166462,low,0
S0067,2025-03-08,10,mid,3,53.81002555071733,0,0,5,1,0,2.633511139746338,0.0,12.519768682892009,0.5952151203430239,0.5965094577330158,0.8450239381377304,0.10409544974611862,0.0,0.2950767351020652,0.5227031110771692,low,0
S0067,2025-03-09,10,mid,3,36.26276312185172,0,2,2,1,1,5.482772883599273,0.0,8.557273043783377,0.924525291714325,0.12707588058422514,0.24049039318489407,-0.5299230329376678,0.0,0.08611514243678375,0.9097201105263203,low,0
S0067,2025-03-10,10,mid,2,55.43830848317658,0,2,5,1,1,7.04934095828279,0.0,9.636677218391926,0.4473928191254378,0.6299428241103725,0.7737334609708703,-0.06457007999514408,0.0,0.2608554294359565,0.8939533625377474,low,0
S0067,2025-03-11,10,mid,2,33.64041444311267,0,1,4,1,1,6.516953012460662,0.0,10.608381820717566,0.8043588411149212,0.3844100514965956,0.6583633352497795,-0.4903324989230544,0.0,0.47174110172085404,0.5354754687607846,low,0
S0067,2025-03-12,11,mid,1,61.830834254144676,0,0,1,0,0,2.7625142649163066,0.0,12.686237415356345,0.5947425902430907,0.2761040213868259,0.6988327184595013,-0.27942922397669956,0.0,0.5574473472650731,0.05894502638889121,low,0
S0067,2025-03-13,11,mid,4,49.284478856286185,0,2,3,1,0,3.3092755912395573,0.0,13.236900086936316,0.08992569738768408,0.7143320160260966,0.9224661064013905,-0.09561680009461226,0.0,0.7643145121312335,0.7280733726102118,low,0
S0067,2025-03-14,11,mid,2,47.2422913665891,0,1,1,1,0,4.147564411756014,0.0,4.788763607325018,0.35004004684585466,0.9398558518841781,0.17462868990161973,0.8313729681486208,0.0,0.8278615847341478,0.12869242530121794,low,0
S0067,2025-03-15,11,mid,3,34.84200909350888,0,1,2,0,1,6.20038309060404,0.0,10.352330030142001,0.8313438661859797,0.3650925152040957,0.6947986532884404,-0.07770751934208486,0.0,0.9283479813889558,0.6181263502102684,low,0
S0067,2025-03-16,11,mid,3,71.88397460420197,0,1,4,0,1,5.707835481389692,0.0,8.825288520579718,0.002218328477917586,0.9157715478831457,0.12828279706880863,-0.8980620904871857,0.0,0.9951872027977604,0.9997960660381076,low,0
S0067,2025-03-17,11,mid,2,42.31036585922428,0,0,4,0,0,7.110672036630172,0.0,8.326499886966474,0.890194558056109,0.969830872291375,0.5147384032469995,-0.5077272989437822,0.0,0.5549179216323604,0.8710510921974377,low,0
S0067,2025-03-18,11,mid,2,34.507693048982986,0,0,5,0,0,6.464160646685659,0.0,7.3676900931829605,0.934687961725702,0.10473477567244227,0.5222487314435122,0.8289214299007706,0.0,0.8860896250183042,0.94845799632526,low,0
S0067,2025-03-19,12,mid,2,51.33441641426322,0,0,3,0,1,4.169990597049064,0.0,11.502312491829384,0.1652630441426599,0.7992673485081213,0.7173503878215972,0.12639872076722392,0.0,0.45800694020957644,0.8752802742379856,low,0
S0067,2025-03-20,12,mid,3,31.770229470608584,0,1,5,1,0,5.963199334309492,0.0,5.1113757275665535,0.3293647510696851,0.5593221880403199,0.48301299571532597,0.06187201874540582,0.0,0.9519235917564246,0.20697133317049465,low,0
S0067,2025-03-21,12,mid,2,65.41148067573606,0,2,5,1,1,3.8454632193041807,0.0,11.213117244500706,0.6689154634221082,0.030506633943208405,0.9836249415641729,0.06339009390397732,0.0,0.5054133056579018,0.24033511663316176,low,0
S0067,2025-03-22,12,mid,4,19.19578746885339,0,1,5,0,1,4.124169580178922,0.0,8.228661323510709,0.23667258179436146,0.8103756673481343,0.687222499099012,0.8454973191139759,0.0,0.30989459623767723,0.881661572175223,low,0
S0067,2025-03-23,12,mid,2,55.98539427194048,0,2,1,1,1,5.2460845869064405,0.0,13.717397796597604,0.3383656580895704,0.5099925461849851,0.08059040392628303,-0.7880336543954201,0.0,0.7593523358468943,0.9012440509846671,low,0
S0067,2025-03-24,12,mid,2,27.977353149239836,0,1,4,1,0,5.520896096084611,0.0,10.246953974454827,0.057281769384697756,0.09148171773907887,0.5641192660821962,0.9957874264107103,0.0,0.2879954519033828,0.5364491979530214,low,0
S0067,2025-03-25,12,mid,3,30.67380294737511,0,0,2,1,1,6.850153015577246,0.0,11.109465450185047,0.5529843969022695,0.7128542336722713,0.7846062198243877,-0.2369111681361873,0.0,0.6287764230389167,0.2059583510230627,low,0
S0067,2025-03-26,13,mid,2,36.41833504506151,0,0,2,0,1,5.249209435392145,0.0,12.408744745958725,0.27458386156739256,0.697934342334186,0.11276069260619692,-0.3084928166716263,0.0,0.895879322957263,0.7370108630133622,low,0
S0067,2025-03-27,13,mid,3,38.69229653484604,0,0,2,0,0,5.21489081574402,0.0,18.648992366812415,0.9864955411997648,0.26323515327949876,0.36847765820693845,0.9757244976120854,0.0,0.04788267522532719,0.6426350687439173,low,0
S0067,2025-03-28,13,mid,3,39.109273007415645,0,4,1,0,0,3.6735186313736032,0.0,9.303089072279478,0.08956968082500916,0.34391176777065,0.4736811714122704,-0.8294541321324895,0.0,0.8515428155932122,0.48599200243998997,low,0
S0067,2025-03-29,13,mid,3,22.512923975254935,0,1,4,1,1,4.106665477985335,0.0,9.96518636938697,0.6667664804541147,0.705668331627608,0.9700199014331754,0.2600531604155991,0.0,0.2750214041644433,0.23871023550000814,low,0
S0067,2025-03-30,13,mid,2,44.074735648415874,0,1,5,1,0,4.282019433394212,0.0,11.135192977975759,0.3333815613156008,0.8035098476189078,0.03044647700348413,0.8409797264891081,0.0,0.3965561237429541,0.9779818953327194,low,0
S0067,2025-03-31,13,mid,3,46.00926544032454,0,0,5,0,1,3.0509278900834556,0.0,9.938479486479022,0.24715742268923113,0.5309146571079333,0.3889707402241884,-0.34465823255372596,0.0,0.30280243999856626,0.23416835526750035,low,0
S0068,2025-01-01,1,mid,6,41.62087070809651,0,0,4,0,0,3.7169773013410694,0.0,9.743054342712366,0.43563122768703444,0.336901170446368,0.058609325122264355,-0.8305231358429013,0.0,0.7720878273926681,0.7244539854554439,low,0
S0068,2025-01-02,1,mid,5,41.03871124068034,0,0,1,1,0,6.112872764366051,0.0,10.158461058078222,0.42253070049089847,0.7218731540660962,0.07422778477058545,-0.8709378695961207,0.0,0.9490076877905994,0.2533045881756474,low,0
S0068,2025-01-03,1,mid,6,65.7182423391258,0,2,3,0,0,6.270497156101524,0.0,11.293496130716953,0.0039571397393693974,0.6570314931162592,0.7113475104990874,-0.31307383013429346,0.0,0.47343111069131605,0.13285540896457915,low,0
S0068,2025-01-04,1,mid,5,51.394251521623055,0,1,4,1,0,6.838599176859646,0.0,14.218075987897507,0.7955195928494578,0.863162558517869,0.9486278693807647,0.24703947146160465,0.0,0.09094433804842084,0.35383204618785924,low,0
S0068,2025-01-05,1,mid,6,52.117500789229965,0,1,5,0,0,9.946078865555343,0.0,12.422359446145647,0.15843044879251533,0.8834815879803724,0.5970081050324937,-0.5036675031236297,0.0,0.10043731063114725,0.26765629991400897,low,0
S0068,2025-01-06,1,mid,5,34.41305351088175,0,2,4,1,0,9.380429449419672,0.0,12.800464475610681,0.21982567077430215,0.7278433955652059,0.02702907122947895,0.5008804665987165,0.0,0.28296760079874306,0.370000862358594,low,0
S0068,2025-01-07,1,mid,7,58.433904899585265,0,2,3,1,1,6.154603164851492,0.0,5.979633751614985,0.7441919894401016,0.10329133999053042,0.847761526393506,0.8273293125681234,0.0,0.3723610508375974,0.8775436815218232,low,0
S0068,2025-01-08,2,mid,5,35.26788812539924,0,0,1,1,0,6.815129154048602,0.0,1.4660779739512488,0.5434038725926919,0.44336745404102806,0.0037337484044096536,-0.056444431675778395,0.0,0.34727188921283825,0.5565619975449766,low,0
S0068,2025-01-09,2,mid,6,55.284395552335056,0,1,3,0,0,6.292823571517855,0.0,7.385002365126721,0.9984975651100553,0.99054049693444,0.6193375023631064,-0.693796827907551,0.0,0.9928118683579339,0.7267336744873801,low,0
S0068,2025-01-10,2,mid,5,34.588992635407166,0,0,4,1,1,6.65742732833025,0.0,11.585753092268401,0.16443895141832854,0.3252323451535064,0.4791076568779701,-0.714426921956443,0.0,0.4161913005440768,0.9668321081521039,low,0
S0068,2025-01-11,2,mid,5,50.23075734538828,0,0,4,1,1,3.6723993109972755,0.0,12.8231479640164,0.026280708483499837,0.41128892062260913,0.1605373087369537,-0.6394382775122951,0.0,0.16229815984037177,0.7196076595254373,low,0
S0068,2025-01-12,2,mid,6,39.95956788046361,0,1,3,0,0,3.1298877169582,0.0,11.56239510790956,0.8060317895996183,0.5713978027462022,0.5892058419093156,-0.30795496490883445,0.0,0.28326273262735713,0.4633210695654013,low,0
S0068,2025-01-13,2,mid,5,50.11898121367279,0,2,1,0,1,5.665461282205551,0.0,9.858914290024778,0.2501497017789641,0.010255458087025882,0.43584501158609,-0.9680920238581991,0.0,0.3362215182416136,0.3540556902909937,low,0
S0068,2025-01-14,2,mid,4,45.883805162262455,0,2,2,1,0,9.048288655988134,0.0,11.466336918312658,0.5749729990814505,0.596244297082845,0.39309286574618196,0.3029894550609653,0.0,0.04281116378954286,0.15118464222723826,low,0
S0068,2025-01-15,3,mid,6,44.167463596645554,0,1,3,0,1,3.7645409198458606,0.0,10.174073305893042,0.416865777846651,0.38802982197504143,0.8998897832194946,-0.38917623076902275,0.0,0.06469320379844001,0.3548212626748347,low,0
S0068,2025-01-16,3,mid,5,69.38548793411073,0,0,5,1,1,6.8148088721588636,0.0,7.461436513679086,0.42228522570226323,0.6333805535652206,0.6302345213460683,0.7630389302396032,0.0,0.674154407477074,0.6706358572608817,low,0
S0068,2025-01-17,3,mid,5,47.07229391203113,0,0,5,0,0,5.0886053263200335,0.0,6.200043349794435,0.8351692039075,0.6340848700205765,0.6946697996048273,-0.7171083799885756,0.0,0.797531714137971,0.11099709162931881,low,0
S0068,2025-01-18,3,mid,6,41.277190644441305,0,1,5,1,1,5.020583420799315,0.0,6.763319175167667,0.23980028297552947,0.7629808228124233,0.714044575319865,-0.9683136777884918,0.0,0.4938121244689977,0.04539400139620675,low,0
S0068,2025-01-19,3,mid,6,46.5370100456701,0,1,2,1,1,0.5075163382910777,0.0,14.085724698959554,0.8104976694338756,0.25251150695088964,0.22460834216887127,0.22386378149636021,0.0,0.2725851948325675,0.4267901981811959,low,0
S0068,2025-01-20,3,mid,4,42.824401183434425,0,0,1,1,1,4.231766542121051,0.0,8.349191865655362,0.8533966480039012,0.5228809705471504,0.15421619040734036,0.2312591676619138,0.0,0.5859464332585477,0.5512569992524453,low,0
S0068,2025-01-21,3,mid,4,27.777992068909604,0,4,5,1,1,1.885898234110822,0.0,11.572370954812744,0.1650223247067173,0.5055240602109554,0.371998825677742,-0.9451805305885295,0.0,0.9496777728093209,0.039556616385507226,low,0
S0068,2025-01-22,4,mid,7,29.20762846402466,0,2,4,1,1,4.994635124580582,0.0,12.021207867501188,0.7288019555400969,0.2114557560553273,0.3379931684823091,0.3164471720755566,0.0,0.6724771289919377,0.9089632332911051,low,0
S0068,2025-01-23,4,mid,6,49.743190257162205,0,1,5,0,1,4.9293904825527415,0.0,10.503011611379366,0.668816531929192,0.32244600109763355,0.45083084868117473,0.2901687063355305,0.0,0.3475250296261506,0.6565923218786935,low,0
S0068,2025-01-24,4,mid,5,33.27691276240388,0,0,1,0,1,1.6514295754654276,0.0,9.939838293056448,0.6691176506429106,0.08391925461925653,0.7920900112637922,0.5116522244848984,0.0,0.2876880382177198,0.06074331841990044,low,0
S0068,2025-01-25,4,mid,5,36.621729929135114,0,0,5,1,1,5.576858001803167,0.0,11.954516619206657,0.06481687342856479,0.08434491795399746,0.5076948589290161,-0.4726784390694281,0.0,0.44164094701941736,0.7680734555880814,low,0
S0068,2025-01-26,4,mid,4,36.59859765977001,0,3,3,1,1,6.07493439372888,0.0,11.082628661816523,0.24396788285687032,0.5209818990609975,0.8855997900338066,0.7612456862902448,0.0,0.41278176338769645,0.5071665823308058,low,0
S0068,2025-01-27,4,mid,6,35.34269716492837,0,1,5,1,1,2.7260373852115363,0.0,4.453876001187525,0.8931881848645973,0.7326785248894756,0.6899825838265069,0.4234072858570208,0.0,0.1023027759301034,0.5635015135272077,low,0
S0068,2025-01-28,4,mid,5,42.5704241038621,0,1,3,0,0,5.604875375502647,0.0,7.612630089590918,0.9710385732880255,0.27312160332017,0.7509945456403856,-0.17541401678605628,0.0,0.06370813538077036,0.6997122430942863,low,0
S0068,2025-01-29,5,mid,6,30.399519340235766,0,0,4,0,1,4.140809422580595,0.0,9.015381293114379,0.2936638485179055,0.20411275873482182,0.2635979348682578,-0.7425529714834216,0.0,0.17759450701733737,0.28198943391130005,low,0
S0068,2025-01-30,5,mid,4,40.625778570692724,0,0,4,1,0,3.1788713187347106,0.0,11.30493941622856,0.4354569048709973,0.00490802806740831,0.2611615646819708,-0.9178909155170354,0.0,0.7095597133146874,0.35430641075089175,low,0
S0068,2025-01-31,5,mid,7,43.780311895751574,0,2,3,1,0,2.3444880363904197,0.0,10.177223392195927,0.19688322167922834,0.5271767108452442,0.7946564760173528,0.6213180971032295,0.0,0.2380239631607055,0.7109970609235531,low,0
S0068,2025-02-01,5,mid,8,41.03229877275734,0,0,1,0,0,5.24705706217104,0.0,10.665122205508744,0.02071389191718176,0.6877669700579621,0.1297047278213962,0.44798233032706847,0.0,0.5051795213209268,0.9778555940241432,low,0
S0068,2025-02-02,5,mid,7,40.73381793690379,0,0,2,0,0,1.9404795805126382,0.0,10.501293252016648,0.3404135859410027,0.3754513723005375,0.9131510882483932,-0.4852762691414747,0.0,0.7221686317244996,0.5881290267782454,low,0
S0068,2025-02-03,5,mid,5,37.3566283645734,0,0,4,0,0,8.051468876322549,0.0,8.302392663232952,0.08706768406032572,0.16492694593012824,0.4507678740484501,-0.922988605318837,0.0,0.38975673835050106,0.7519660580615253,low,0
S0068,2025-02-04,5,mid,4,58.29456448796439,0,0,3,0,1,4.083085813844527,0.0,8.68624059791151,0.5263278828702892,0.17478315108156983,0.5198255461496925,0.4744329136143015,0.0,0.9486425127874222,0.3675992752932533,low,0
S0068,2025-02-05,6,mid,4,52.453667882511596,0,1,4,1,1,6.096061451012503,0.0,8.74945904433675,0.6577170889660052,0.8644587722055095,0.6958714875280902,-0.3047203857057077,0.0,0.11657916392235212,0.6917526204125269,low,0
S0068,2025-02-06,6,mid,4,33.45999463440677,0,4,1,1,0,6.061425740560263,0.0,8.829671867455064,0.3963800747561633,0.45113571565302535,0.6171937783304062,-0.8879112906680033,0.0,0.4747518815845916,0.01598580908199787,low,0
S0068,2025-02-07,6,mid,5,51.40640247592139,0,1,4,1,1,5.0661399010295,0.0,9.118374950661636,0.5209168420766012,0.3047343315241874,0.7323476064300029,-0.48600449965140435,0.0,0.2907854843529508,0.18035930312260928,low,0
S0068,2025-02-08,6,mid,5,50.332414429574264,0,1,4,0,0,4.292537731384818,0.0,10.568902292272568,0.748395158638353,0.8806292544148506,0.7948215405837752,-0.521849138732432,0.0,0.8386132829246296,0.6901049314478447,low,0
S0068,2025-02-09,6,mid,6,53.44512615462194,0,2,1,1,1,5.976296135145689,0.0,10.68357158581197,0.8730766927047242,0.3284272067195477,0.12003494436867157,-0.7914671202197787,0.0,0.9687434628198197,0.9558184372726882,low,0
S0068,2025-02-10,6,mid,6,39.5018603974531,0,2,2,0,1,5.796635599039804,0.0,10.151495799849393,0.44754666591144765,0.3146887853933772,0.7907502396833397,0.40946838692270715,0.0,0.021839019367837165,0.48514213789036453,low,0
S0068,2025-02-11,6,mid,6,52.96682868945813,0,1,1,0,1,8.878732428625874,0.0,10.069045260790265,0.9958307536862697,0.27098984949766614,0.6356101270660683,-0.6932854765649599,0.0,0.8196401133339838,0.8614455022068599,low,0
S0068,2025-02-12,7,mid,7,33.138369971092786,0,0,2,1,0,9.465785721529981,0.0,14.988323150331341,0.12283971049259368,0.7853183558802649,0.3742051321303598,-0.7478466232228023,0.0,0.09943163599260796,0.5651841595395115,low,0
S0068,2025-02-13,7,mid,4,34.75687038866669,0,1,1,0,0,5.459429261205275,0.0,10.820892962198482,0.16354385363445212,0.5585677654982405,0.5437164432393133,0.5482950813860676,0.0,0.32920748258953847,0.06412750879728324,low,0
S0068,2025-02-14,7,mid,5,39.085265728723456,0,1,3,1,1,5.258533383320371,0.0,4.8364980135608295,0.41462707230017015,0.27311801327484175,0.040583255234581395,0.5187073099472872,0.0,0.7245243510327187,0.5659668428586537,low,0
S0068,2025-02-15,7,mid,6,46.18628188349778,0,2,4,0,1,7.478729629963061,0.0,11.47597126305629,0.837636993544728,0.7689992163654986,0.011109610957950378,0.8650768939584164,0.0,0.05835394516024661,0.7092392771867503,low,0
S0068,2025-02-16,7,mid,6,51.49754052264289,0,1,4,0,1,7.212535609992381,0.0,11.347361704636405,0.3524904959060954,0.8239394283786364,0.501568775195356,0.572311125585766,0.0,0.22693619405426058,0.7650282416813964,low,0
S0068,2025-02-17,7,mid,6,51.69488067860901,0,0,4,0,1,10.649864721502507,0.0,8.94359239532581,0.08528466277683244,0.4936410600448662,0.8609538237455148,-0.8956123890363121,0.0,0.6423065904986471,0.98875576137448,low,0
S0068,2025-02-18,7,mid,4,47.65532280640135,0,1,4,1,1,7.399680544170402,0.0,12.9925845000659,0.8639453573415304,0.31699644509530545,0.08670564912861678,-0.20459079040316852,0.0,0.25430678361350423,0.9583218147753619,low,0
S0068,2025-02-19,8,mid,6,35.46104400482148,0,2,2,0,1,3.3517507474094237,0.0,14.451069328515997,0.7520005739678362,0.015666773751479734,0.1879674059483567,0.9464478620389098,0.0,0.08672729361192122,0.6619031095605097,low,0
S0068,2025-02-20,8,mid,4,33.40108725114228,0,0,3,0,1,4.073272166032492,0.0,11.084461623178692,0.2027259249683091,0.6560805723282664,0.6304338931280771,0.6522936729355293,0.0,0.13708517397245557,0.2200809585905028,low,0
S0068,2025-02-21,8,mid,6,53.08667594076983,0,0,3,1,0,6.36874976233726,0.0,2.0965434311901063,0.4953306814877222,0.34071101674430315,0.20694605917749964,-0.09131260369844729,0.0,0.8699291393576144,0.9832299927718113,low,0
S0068,2025-02-22,8,mid,8,33.41405812885319,0,1,5,1,1,5.257470390012794,0.0,10.623829503364153,0.8113080421722432,0.5709383837469848,0.727696210406008,-0.5103755909956391,0.0,0.5796660397710413,0.6623011587158055,low,0
S0068,2025-02-23,8,mid,5,48.366281936940354,0,0,1,0,0,9.734256681110303,0.0,9.073848897302032,0.7272096313384419,0.2882855094694927,0.8639197927838461,-0.2716447392507464,0.0,0.26087212305337093,0.6995582092700953,low,0
S0068,2025-02-24,8,mid,6,22.475777901252894,0,0,3,1,1,3.9905329859784064,0.0,18.105741238028774,0.3525764969351203,0.011777813789250802,0.3978484722776966,-0.763278933578132,0.0,0.22515737642783684,0.6883000921298053,low,0
S0068,2025-02-25,8,mid,6,70.63865916362386,0,1,1,0,0,2.3640856514081405,0.0,11.898607586639272,0.8835780313547872,0.293697894999119,0.303746580412226,0.8422722944242877,0.0,0.3891958288981604,0.136541185091149,low,0
S0068,2025-02-26,9,mid,4,36.624018402353165,0,1,5,1,1,6.706023057579016,0.0,8.50970871513562,0.9620994877007327,0.013678992704637016,0.11644553676781144,0.02011916673043701,0.0,0.6230115238746238,0.910582188318014,low,0
S0068,2025-02-27,9,mid,6,48.41440031269302,0,1,2,0,1,5.970911761356748,0.0,10.035022368699728,0.25269324653068725,0.17551300786473,0.008007301167816783,-0.8347528664104074,0.0,0.3854018680362087,0.1982404865620936,low,0
S0068,2025-02-28,9,mid,6,54.029543753532614,0,0,3,1,0,5.711008494537094,0.0,7.089062642721484,0.1562575216063946,0.6343279945916444,0.2765983002342486,-0.5031903154284729,0.0,0.8972516026732116,0.214332718832293,low,0
S0068,2025-03-01,9,mid,5,52.64140142079739,0,5,4,0,1,6.5595158219509155,0.0,9.715308337208777,0.2262312077786489,0.03136622020055291,0.12809674112211078,-0.6795054371823486,0.0,0.8244265988331124,0.40100923657258836,low,0
S0068,2025-03-02,9,mid,6,39.238558939641294,0,0,5,0,0,3.5881449232824467,0.0,11.9971084424812,0.8563240073646294,0.2523805526981667,0.25918620889989175,-0.8042752235681858,0.0,0.14045348400728974,0.12717876024714037,low,0
S0068,2025-03-03,9,mid,4,49.0273726606845,0,1,2,1,1,1.7290315889927577,0.0,8.339644217065235,0.9472714189472604,0.0819900321860777,0.34851166390018895,-0.645272785808956,0.0,0.9911959093124695,0.5460195700514928,low,0
S0068,2025-03-04,9,mid,5,48.9786552026033,0,0,4,0,0,4.907354681147286,0.0,11.86812649069482,0.3330951849389997,0.514915088973048,0.8009329998205739,-0.6739715308188161,0.0,0.37050422265020266,0.5656654053916935,low,0
S0068,2025-03-05,10,mid,5,56.136386998921466,0,1,2,0,1,3.7301595719765244,0.0,10.334303213984125,0.2345433451141915,0.138755986582227,0.6441907070969375,-0.49069137258391526,0.0,0.7599859296805896,0.7611366071391847,low,0
S0068,2025-03-06,10,mid,5,48.3215187284345,0,1,5,1,1,3.1976255819087473,0.0,13.962668874728205,0.24887946755480495,0.5629084678833424,0.6203859485204952,0.5536050361862102,0.0,0.04092985380580183,0.174488749100025,low,0
S0068,2025-03-07,10,mid,6,60.17262491549279,0,1,2,1,0,3.2827073068236188,0.0,6.146088099979329,0.519744128006664,0.6850211627136943,0.7363535769867888,0.6991264755932303,0.0,0.2246523407041865,0.11172194374263478,low,0
S0068,2025-03-08,10,mid,5,36.99769942466258,0,0,2,0,0,4.4203140717399805,0.0,10.910895732652488,0.6733805864490795,0.3396082636386756,0.8595549227345238,0.17389043461528386,0.0,0.2273913952512363,0.012664237112932741,low,0
S0068,2025-03-09,10,mid,5,32.79802042329282,0,1,3,1,0,4.422223015990323,0.0,14.914714606326898,0.6214151462819771,0.9198144058661066,0.9400153925118019,-0.4721777072559228,0.0,0.4561363489210277,0.5311369989310317,low,0
S0068,2025-03-10,10,mid,6,44.400363536172804,0,0,1,1,0,2.0713693810546023,0.0,13.319854345185018,0.8055537132293413,0.13037343632046106,0.8797884815748535,-0.1398198694189512,0.0,0.4073184867368691,0.7634174479016077,low,0
S0068,2025-03-11,10,mid,6,40.647302571625254,0,0,2,0,0,5.196524658499802,0.0,10.384611173704533,0.7606684776161183,0.5474697066132338,0.3532609952019724,0.3887683264174455,0.0,0.6633500543975147,0.6427615211870924,low,0
S0068,2025-03-12,11,mid,4,45.26117011832829,0,1,3,0,0,1.7350342509970904,0.0,10.235799875828008,0.49935607592520304,0.9312575193971201,0.5702084571775077,-0.8863468393096139,0.0,0.03700466076376452,0.8713833308965419,low,0
S0068,2025-03-13,11,mid,6,50.6781643710705,0,0,4,1,1,6.9640996599471325,0.0,7.314986789115123,0.23875128362074816,0.833113409798919,0.32991790696810386,-0.7736141452016905,0.0,0.5192149837962003,0.5113348138131862,low,0
S0068,2025-03-14,11,mid,5,40.41821013990666,0,2,4,1,0,7.345540736837055,0.0,13.433220189783553,0.9726142295551357,0.057424409204818394,0.6528823410787822,0.7982339901346178,0.0,0.616794356494137,0.46020716966854347,low,0
S0068,2025-03-15,11,mid,6,44.81575706499491,0,1,3,1,0,5.71125819945372,0.0,3.5458380450855476,0.9995426263142039,0.26920412843851715,0.4626696705311636,0.5097881954612888,0.0,0.4669852385051604,0.3338219991424134,low,0
S0068,2025-03-16,11,mid,6,34.50849877202538,0,1,4,0,1,3.1244387050641467,0.0,11.105304163480023,0.4269455244574807,0.8886557283986467,0.24892826237593368,0.11622471799397616,0.0,0.07697877096210348,0.08757027900752734,low,0
S0068,2025-03-17,11,mid,6,44.09618140145087,0,0,3,0,1,6.407628558404505,0.0,13.840074005339375,0.7179981257018296,0.09578909955279136,0.32877001241430615,-0.08117894505631429,0.0,0.6025925976923697,0.802771192971772,low,0
S0068,2025-03-18,11,mid,5,48.57456057601594,0,0,2,1,1,3.046544879028908,0.0,13.070804106539715,0.7178442536483162,0.26279912817269246,0.793943791453381,-0.798960469518722,0.0,0.03220432690652897,0.13824529824123422,low,0
S0068,2025-03-19,12,mid,6,48.419009949703316,0,0,1,1,1,3.924000687751571,0.0,7.885536679383732,0.8698722364126413,0.7703366522685527,0.04373681923105177,-0.7045906981171626,0.0,0.9848262230339944,0.2259720586259173,low,0
S0068,2025-03-20,12,mid,4,50.476746872728235,0,0,5,0,1,4.420370506487121,0.0,13.140601740689984,0.32358385818238555,0.09162054675927755,0.7100761242017481,-0.4227360649507488,0.0,0.7009314013928164,0.3655002000808363,low,0
S0068,2025-03-21,12,mid,5,51.73924915032147,0,0,4,1,1,5.786404264004674,0.0,12.156308186534561,0.012649213013431138,0.8598645401513919,0.8967338660322465,-0.9240052493740858,0.0,0.12238638475166574,0.4514628567093465,low,0
S0068,2025-03-22,12,mid,4,37.37165550922532,0,0,1,0,0,8.785416203009138,0.0,11.858972722502681,0.31739930587435305,0.2570234074308746,0.633949432357845,-0.15306764958657748,0.0,0.3509181665106055,0.21187456623077916,low,0
S0068,2025-03-23,12,mid,6,43.549710321976676,0,0,1,0,0,6.75581552903604,0.0,9.347315902890257,0.7129852388094057,0.12350032046336434,0.9265084913397773,-0.907656240818079,0.0,0.5956671411584408,0.5226878249517177,low,0
S0068,2025-03-24,12,mid,6,40.50095944747994,0,2,1,1,1,6.784011070682234,0.0,9.295432502607134,0.20437086589251463,0.45787768964769626,0.25191807765741825,-0.552195818542232,0.0,0.8569996362594745,0.7142301158253807,low,0
S0068,2025-03-25,12,mid,7,48.56559098063746,0,1,4,1,1,6.902034930739458,0.0,10.145603457613104,0.13722005789152592,0.8390234715583746,0.14557797953947405,-0.13982176911021682,0.0,0.15294243202116553,0.6045319453435589,low,0
S0068,2025-03-26,13,mid,5,24.70760505381189,0,0,4,0,0,3.075013036133915,0.0,9.832729403592706,0.7263598697927234,0.4347383289250607,0.04169122545264692,0.058841671642041904,0.0,0.7913893594217747,0.0444357747856261,low,0
S0068,2025-03-27,13,mid,5,19.934347855165203,0,1,4,0,0,1.6839614026603544,0.0,6.559976319181103,0.15669816095802103,0.10743047581430332,0.28936721395861487,0.3728018121252885,0.0,0.20586542409769681,0.9701252724276862,low,0
S0068,2025-03-28,13,mid,6,44.504782564276915,0,1,2,1,0,7.48609181963536,0.0,9.670381497782003,0.28841073826306574,0.9966289927186591,0.48610836198594953,0.8279952363019631,0.0,0.5283294517003411,0.3976428696351403,low,0
S0068,2025-03-29,13,mid,6,41.71931629147059,0,1,4,1,1,8.349643181147062,0.0,7.7984112771237255,0.563065295380674,0.18093888416142623,0.30552217179359686,0.6983299629482753,0.0,0.807777217256693,0.8515092335765705,low,0
S0068,2025-03-30,13,mid,6,74.24503023178858,0,1,5,0,1,4.396566338159331,0.0,9.111773407590801,0.7378910425766221,0.04639855387350034,0.661023667484207,0.14291810747339406,0.0,0.1473017657173925,0.1354471599625312,low,0
S0068,2025-03-31,13,mid,5,38.96719070829171,0,1,1,0,1,5.643121077161968,0.0,11.17186792078095,0.9491358298450514,0.6124718232849049,0.7688636548392666,0.5478540925452382,0.0,0.9745400182962763,0.6471765107445452,low,0
S0069,2025-01-01,1,mid,6,42.381821415685195,0,1,2,0,1,6.166980336653535,0.0,10.510087990558782,0.31296380038407523,0.5854309960510509,0.22698481607237742,0.7613726942619927,0.0,0.8699807791477184,0.36445528844401165,low,0
S0069,2025-01-02,1,mid,8,38.12349829359442,0,0,3,1,1,3.0178752658933496,0.0,9.113186978582,0.6647124627536964,0.07902642143248495,0.11675454542922126,0.1358380214597099,0.0,0.4719755079018959,0.26360679282138444,low,0
S0069,2025-01-03,1,mid,8,44.34170862100825,0,1,2,1,1,8.770875253066752,0.0,8.306503656874911,0.8986861850977286,0.1008605124502503,0.31827834263498045,-0.26358500167156707,0.0,0.7739972929792489,0.29556314709786635,low,0
S0069,2025-01-04,1,mid,5,30.760705551460894,0,1,1,1,1,7.275546863938999,0.0,6.48561117632361,0.9862657373708849,0.008495330340328455,0.5467856731703588,0.3119730987543474,0.0,0.3713616090605645,0.1099730319583676,low,0
S0069,2025-01-05,1,mid,6,46.308888409473816,0,3,1,0,1,1.5594756411761597,0.0,14.04166068947367,0.7897227058054421,0.32587517563689794,0.33510993946381074,0.0009124523872148238,0.0,0.45770445736785137,0.13302408951241862,low,0
S0069,2025-01-06,1,mid,7,42.70207960117422,0,0,3,1,0,1.2677493271300975,0.0,12.244287390089383,0.6107521081674633,0.6768681627189969,0.0030253016228758423,-0.13763160175321087,0.0,0.7259652165204751,0.7397800983526707,low,0
S0069,2025-01-07,1,mid,8,40.71467669213364,0,2,5,0,1,3.5188497189950554,0.0,8.930474241761198,0.35722459436822196,0.3704114279787395,0.9588003081242313,-0.11595887029194518,0.0,0.9347727705973929,0.8100374588908625,low,0
S0069,2025-01-08,2,mid,6,56.95756999498176,0,1,2,0,0,7.707608435519064,0.0,9.818390636903244,0.8350098075091883,0.9343229398879158,0.2031399806092825,-0.1703321389665129,0.0,0.9544217899092297,0.2709421122047809,low,0
S0069,2025-01-09,2,mid,5,38.1139075276671,0,1,2,1,1,1.9780638870878717,0.0,8.703967893741316,0.28454274363947885,0.38495187058947,0.04434789602290978,-0.865414565777032,0.0,0.9274607508715136,0.7661175464356877,low,0
S0069,2025-01-10,2,mid,6,58.57685762405313,0,0,1,0,1,1.3803307792516692,0.0,6.438831653375937,0.7875662136357325,0.6305846631399834,0.7683003547745545,0.5591010177966735,0.0,0.6365598686489535,0.8445144988867954,low,0
S0069,2025-01-11,2,mid,7,61.24350009150976,0,2,2,0,0,5.191203135134718,0.0,9.244183663229977,0.07978250249905627,0.6479242493249213,0.9940833464226521,-0.8787518610423752,0.0,0.2721797875916162,0.12933067075776628,low,0
S0069,2025-01-12,2,mid,8,40.83203180615411,0,4,3,0,1,3.149009870466053,0.0,6.450281739966244,0.40200171714064536,0.7850026770608238,0.9267733793809315,-0.11937958153596573,0.0,0.3014767908596938,0.24284770614461104,low,0
S0069,2025-01-13,2,mid,6,35.00730854932851,0,2,4,1,1,4.435773986331399,0.0,5.786856020638975,0.2743442973931456,0.5903592658261448,0.5581473411964288,0.5750842503354427,0.0,0.1774952744719691,0.8160862393422549,low,0
S0069,2025-01-14,2,mid,7,25.892227658647084,0,0,1,0,0,4.94507465921903,0.0,11.380618358792468,0.6331139996728733,0.9140374045900731,0.5753016537555324,-0.8944140103808034,0.0,0.6969859815724508,0.9357355878834589,low,0
S0069,2025-01-15,3,mid,7,51.38268201745775,0,0,5,0,1,3.1677215395660863,0.0,9.72328135014849,0.010467558952267919,0.43518199252483103,0.9734030108174264,0.05147928861918838,0.0,0.3922859099263356,0.45525132426744275,low,0
S0069,2025-01-16,3,mid,7,37.40151687018492,0,1,5,1,0,4.679736713971973,0.0,6.05762035249533,0.8986454839211186,0.11407961358427954,0.975528528034008,-0.9835502465704611,0.0,0.6228148972654532,0.5615770811788197,low,0
S0069,2025-01-17,3,mid,8,45.13423166873235,0,2,2,1,0,6.616272904640596,0.0,11.42970933936454,0.588329113401992,0.9757246724819554,0.41766606368176507,0.4997241088615596,0.0,0.6863679768391364,0.03136297634739926,low,0
S0069,2025-01-18,3,mid,5,48.64381932537234,0,2,2,0,0,3.618477280490513,0.0,6.794541636622126,0.7359035341027086,0.40555637851413173,0.4474613575319413,0.19369219874201815,0.0,0.03320599379934308,0.030649241381492276,low,0
S0069,2025-01-19,3,mid,7,58.45967900348259,0,1,3,0,0,5.940107867964606,0.0,15.10522005197111,0.5449635468476288,0.31141974211712975,0.5406356346069832,-0.23130087882708095,0.0,0.8888099183806184,0.5820761801783847,low,0
S0069,2025-01-20,3,mid,6,40.57583148360935,0,2,4,1,1,3.6590826042873705,0.0,9.088775166953319,0.5628365481363949,0.6168584368556235,0.9403282551809571,-0.7308008619991693,0.0,0.5334181078081064,0.21632244738769657,low,0
S0069,2025-01-21,3,mid,6,57.618237510549555,0,1,2,1,0,6.999153430847825,0.0,7.592913013781781,0.07626971766732327,0.030088546384517634,0.9954856496302504,-0.7539634455291804,0.0,0.7658589882751873,0.6045167815262281,low,0
S0069,2025-01-22,4,mid,6,44.45917148086884,0,0,1,0,0,6.540002026314656,0.0,9.496633430424314,0.47367897201775233,0.09580713343296177,0.2333190208892877,-0.90478212047357,0.0,0.057490881720825504,0.9228842380240081,low,0
S0069,2025-01-23,4,mid,6,47.422925645268705,0,2,3,1,1,6.825635157044616,0.0,8.913380526271837,0.7823413841458512,0.7196161417125355,0.028889968254371734,0.9811254146924357,0.0,0.7183720399651675,0.969443173429983,low,0
S0069,2025-01-24,4,mid,7,39.54927130568289,0,1,4,0,0,5.277377941593582,0.0,10.627338698190341,0.24037137015822552,0.9687020966082905,0.2672385520530818,0.4544295172459827,0.0,0.5293751751265942,0.1223081884549615,low,0
S0069,2025-01-25,4,mid,7,52.24459731567673,0,0,4,0,0,3.5455879569187543,0.0,7.009886438831435,0.014045585150044837,0.6779876002517938,0.41938532513588067,0.2947549647415231,0.0,0.40492993006122724,0.17393500359199165,low,0
S0069,2025-01-26,4,mid,8,46.26304906294703,0,0,3,0,1,8.35600691853444,0.0,11.575528901999528,0.7878858089304748,0.6430155280542014,0.7566829636373369,-0.668495536013024,0.0,0.658174005496141,0.42529243293883123,low,0
S0069,2025-01-27,4,mid,7,52.44938612371881,0,1,4,0,1,6.171715350601679,0.0,10.658499083916011,0.2718017501410288,0.9564764136725654,0.5483106831019482,0.005556475254276716,0.0,0.10320302183550611,0.9554627216402739,low,0
S0069,2025-01-28,4,mid,7,59.166637804974116,0,0,1,0,1,3.146750839616594,0.0,13.324983330264754,0.2511585783964905,0.7838202782793627,0.7603152124741296,-0.027231595483762527,0.0,0.0868121757045599,0.672037464306815,low,0
S0069,2025-01-29,5,mid,6,45.30750924256396,0,1,1,1,0,5.092487195533785,0.0,8.045801279703584,0.8053894516971198,0.8299869516500431,0.08538219470226349,-0.8421937020015497,0.0,0.7749974234350828,0.23265425490504854,low,0
S0069,2025-01-30,5,mid,8,59.59397935037372,0,1,4,1,0,0.0,0.0,11.852685419159721,0.2795371523833693,0.8430435745847268,0.3700963199620989,-0.7464015804378208,0.0,0.7581200222210343,0.6362790494385608,low,0
S0069,2025-01-31,5,mid,6,40.40625516977356,0,1,3,1,0,0.8478827748576281,0.0,3.133128971874328,0.8711368286969964,0.7457987000008695,0.7961232505606276,0.23798190269355413,0.0,0.36491318343052337,0.19080613990347517,low,0
S0069,2025-02-01,5,mid,5,17.853694065229778,0,2,1,0,1,3.4120946510003853,0.0,12.893183350568394,0.48713002565470565,0.97897017413532,0.017657562052106224,0.035309160897010194,0.0,0.5182229412581714,0.9985495128765286,low,0
S0069,2025-02-02,5,mid,6,38.85666614054935,0,0,4,0,1,3.870358128288019,0.0,11.735579260414456,0.7829976607220491,0.982244549162343,0.835231101577692,-0.06264647750583374,0.0,0.2693357125176724,0.7478909799636174,low,0
S0069,2025-02-03,5,mid,6,54.696659936892765,0,0,2,1,0,6.166390715949498,0.0,10.988933728598282,0.4404022782433855,0.32827113084061854,0.7144896913538071,-0.18699926055163618,0.0,0.44540485197866053,0.7220496502892585,low,0
S0069,2025-02-04,5,mid,8,43.11693787220209,0,2,5,0,0,4.315185480272309,0.0,9.71270110719731,0.9142394474214257,0.6224206683929747,0.5878366112372206,-0.902538968095008,0.0,0.09899961411353397,0.7902743884230399,low,0
S0069,2025-02-05,6,mid,5,47.28034681435117,0,2,4,1,0,7.90345132469843,0.0,11.173440776919357,0.14124726769856366,0.7216227626567793,0.6409294123064305,-0.4306339644217674,0.0,0.6903721061103881,0.67885093034675,low,0
S0069,2025-02-06,6,mid,6,40.684914424452586,0,0,2,0,1,6.664543124538814,0.0,6.5299970946714865,0.5815012832517049,0.25076193848806294,0.6121716566040081,0.39143475172398956,0.0,0.018360277280635606,0.5584711937519861,low,0
S0069,2025-02-07,6,mid,6,47.74889934023226,0,1,3,1,1,4.589135557449353,0.0,10.547248101148439,0.41471258341077766,0.19153696688881672,0.1551914167297722,0.5629979849534905,0.0,0.48134088432716704,0.09070098835487739,low,0
S0069,2025-02-08,6,mid,6,31.77910770042685,0,1,5,1,1,1.9883345032459134,0.0,8.927538592159319,0.8620822084017009,0.5121554294400718,0.994128274057833,-0.934904283974797,0.0,0.5519822767981085,0.05252397841438916,low,0
S0069,2025-02-09,6,mid,6,37.42010252474863,0,0,2,0,0,4.530651822963357,0.0,8.736317116903235,0.1012938665242098,0.7276073939097167,0.632720818066626,-0.6230911942020583,0.0,0.5573682190242035,0.6964723038299275,low,0
S0069,2025-02-10,6,mid,7,42.857396039542785,0,0,1,1,1,5.039938309283351,0.0,10.125643295476793,0.9952788117264426,0.8747638260208954,0.573659628734939,-0.29548497574437826,0.0,0.16397133665358354,0.211333190153153,low,0
S0069,2025-02-11,6,mid,7,41.856147377258345,0,0,4,1,1,7.005732550451386,0.0,14.054300540908727,0.22693407509808217,0.7366696466768741,0.5475814873051317,-0.03705992107382339,0.0,0.23399448777365994,0.1247633367024098,low,0
S0069,2025-02-12,7,mid,7,29.36704074622586,0,1,1,0,0,5.952595400584073,0.0,6.476064351831049,0.8918496144799662,0.3629220227306036,0.07542485648630015,0.07306796814654426,0.0,0.9851667397661915,0.38956133212328015,low,0
S0069,2025-02-13,7,mid,7,40.96433680778742,0,1,5,0,0,5.559653361702324,0.0,5.266407348373926,0.8357253341096907,0.6808735258072308,0.508965988333641,-0.5101713988430354,0.0,0.6369649983244843,0.2975471468010502,low,0
S0069,2025-02-14,7,mid,7,43.669549878535165,0,0,5,0,0,4.9080887593002585,0.0,10.562071458569438,0.48841525966295896,0.6364438884553616,0.6929240455686575,-0.09804755815285282,0.0,0.08012863454644159,0.8391192530947429,low,0
S0069,2025-02-15,7,mid,5,69.77011706147826,0,2,3,0,0,5.05009893000775,0.0,10.324986178655395,0.19441381010553294,0.017325454062392942,0.30357308463592336,-0.14428709921253358,0.0,0.622726738245487,0.19471088031140682,low,0
S0069,2025-02-16,7,mid,6,44.49059897819241,0,1,1,0,1,3.5078448776741222,0.0,7.925556245126913,0.022841289823394062,0.07334322174632213,0.7114295201367794,-0.9713378468996416,0.0,0.8957814891296834,0.0786608906113675,low,0
S0069,2025-02-17,7,mid,6,35.44108832702845,0,2,3,1,0,1.2113085811440745,0.0,19.943866010321624,0.9266819938913257,0.6623741457717398,0.638589073339587,-0.876388903121089,0.0,0.4895236562915588,0.6014837972964133,low,0
S0069,2025-02-18,7,mid,7,52.84101181314443,0,1,3,0,0,4.867728849986882,0.0,11.063109508116618,0.24263612385093625,0.3941029343029384,0.7667984808319995,0.08139966099787976,0.0,0.864691164581497,0.2361418441017309,low,0
S0069,2025-02-19,8,mid,6,53.371743853025485,0,1,1,0,0,7.010501727207977,0.0,14.14274304182176,0.8131212122966911,0.704597617826039,0.5027777353162396,-0.8298733860970144,0.0,0.9940568598258233,0.35219599442052063,low,0
S0069,2025-02-20,8,mid,7,58.8710504653341,0,3,4,1,0,2.2040252411596506,0.0,11.067878057856744,0.11891419500693357,0.20289104754529785,0.33238523635778305,0.9650914663228223,0.0,0.08792409749108543,0.08542385296536215,low,0
S0069,2025-02-21,8,mid,8,42.54310646915455,0,0,2,0,0,5.005437972812808,0.0,3.809558621285558,0.7809225527146764,0.4088135975578381,0.019801974763031915,-0.16768165353716458,0.0,0.8864844756914614,0.12247328105428279,low,0
S0069,2025-02-22,8,mid,6,65.42159408866391,0,2,3,1,0,5.254277844972205,0.0,13.001357148476995,0.6874306115449254,0.36626945303382397,0.2968004156394055,-0.3283552660347211,0.0,0.10279765998463375,0.25439141899671347,low,0
S0069,2025-02-23,8,mid,5,33.72155935881175,0,1,2,0,0,7.00192628728095,0.0,12.630684765086352,0.5318438228475182,0.948021744766665,0.35958768050452317,0.5282977545737992,0.0,0.001596162420329783,0.8091490345313148,low,0
S0069,2025-02-24,8,mid,6,42.5809666341864,0,2,1,0,0,2.4019612200465597,0.0,9.070138928247541,0.9355124384462231,0.9958277109858021,0.21796738772633262,0.48198158103573396,0.0,0.07227172666276616,0.027470320008801008,low,0
S0069,2025-02-25,8,mid,5,53.28822960603405,0,2,2,0,1,3.364569841121269,0.0,6.969362092552354,0.7348136351234495,0.7022892688657982,0.14575978351803753,0.8965447888112219,0.0,0.8059362449803521,0.3314359011623811,low,0
S0069,2025-02-26,9,mid,8,50.82919384347207,0,3,1,0,0,4.4897878806901765,0.0,9.48665045549063,0.15862965550412966,0.5920037455893453,0.6723455875794077,0.5479147342315265,0.0,0.3026806008372446,0.3704899837926615,low,0
S0069,2025-02-27,9,mid,6,48.60209515225014,0,1,5,1,0,7.658122652456312,0.0,10.83253536312918,0.9457238748210696,0.8095977405094359,0.8283000432077111,-0.28401551129315616,0.0,0.6955032387645184,0.3880916748092178,low,0
S0069,2025-02-28,9,mid,7,40.823006153171264,0,3,4,1,1,4.069712170738211,0.0,9.881420051495159,0.7024749076382918,0.8307348687831386,0.22457956603422302,-0.36431041884868054,0.0,0.6949622577347111,0.5738172373974619,low,0
S0069,2025-03-01,9,mid,6,54.92162512027167,0,1,3,0,0,9.485586502267846,0.0,12.283417419675304,0.2542732327748669,0.3167441530334204,0.50242584004669,-0.4582738162422928,0.0,0.1301529144392668,0.8365889427146335,low,0
S0069,2025-03-02,9,mid,6,27.469234097328258,0,2,1,1,1,5.741966980980333,0.0,12.551540157556921,0.14519131019955633,0.29693722876246065,0.03616033034020194,0.5411230236375641,0.0,0.412789062938136,0.04867358923377463,low,0
S0069,2025-03-03,9,mid,6,54.05556396348539,0,1,4,1,1,5.100063496972368,0.0,12.73670851409119,0.8541277761304071,0.29812288526422515,0.15475964635605655,0.9521113057075214,0.0,0.5780258299269907,0.29628460196933026,low,0
S0069,2025-03-04,9,mid,9,49.255002280248995,0,0,3,1,1,7.754626815161002,0.0,8.215933709415808,0.7491532245541418,0.14477845874777007,0.1967250304301924,0.09265473979055816,0.0,0.6842539553461274,0.7522837549223464,low,0
S0069,2025-03-05,10,mid,8,50.45901485372839,0,1,5,0,1,3.912062041695133,0.0,7.856643084456278,0.8368332624840431,0.7143925459308045,0.7351705026114196,-0.8017470606471715,0.0,0.4844058916886792,0.5643395649704014,low,0
S0069,2025-03-06,10,mid,6,59.19892321061062,0,1,2,0,1,4.69278308063561,0.0,5.770953541107628,0.7482451075931237,0.1707245280357106,0.35863734448982076,-0.7973132853393365,0.0,0.2151322334208926,0.432210688004777,low,0
S0069,2025-03-07,10,mid,7,52.01544621562265,0,0,5,0,1,5.917065486183462,0.0,7.790092215520206,0.4690761166950955,0.3231664822829201,0.35576300732526234,-0.7961164658785578,0.0,0.6969525997106375,0.6318963401686254,low,0
S0069,2025-03-08,10,mid,7,33.159831954224714,0,0,2,1,1,6.805324549126332,0.0,7.456135957629266,0.4506290937343227,0.5732142230771995,0.24909287205723762,0.09525555578912925,0.0,0.14920310403396742,0.9923622236584747,low,0
S0069,2025-03-09,10,mid,8,45.46882862656126,0,0,1,0,0,2.8272931552162635,0.0,7.7589029362867254,0.5368061366385308,0.9440596495657321,0.2810655704186288,0.432802681899608,0.0,0.9732626161888382,0.5493825152563594,low,0
S0069,2025-03-10,10,mid,8,42.27119115907982,0,0,1,1,1,3.797729163324661,0.0,14.69588773986075,0.5250475897721185,0.3139977309965776,0.37522379682190554,0.17821081176503117,0.0,0.36191916173381933,0.5010886289937722,low,0
S0069,2025-03-11,10,mid,6,47.88429337276635,0,1,4,0,1,5.342414744747336,0.0,10.60969023878604,0.20650505659167984,0.859906655202395,0.16575719296221492,0.025436108252391287,0.0,0.5023450653691233,0.5187411395151867,low,0
S0069,2025-03-12,11,mid,6,60.2601519261604,0,1,3,1,0,4.18502971356395,0.0,8.719732095632908,0.13437901395570673,0.9448831746534235,0.7399525541786002,-0.09005957565848366,0.0,0.2976421050407655,0.11519025973622521,low,0
S0069,2025-03-13,11,mid,7,44.320332161226396,0,1,2,1,1,6.347305725625844,0.0,10.656473056364824,0.8365240609061335,0.28712781390066444,0.9520471810462807,-0.5936738116320719,0.0,0.2085733992773361,0.09660795535524258,low,0
S0069,2025-03-14,11,mid,7,40.4202479731596,0,0,3,1,1,4.067064963555837,0.0,6.09159029592503,0.6653337608237535,0.7883948809105296,0.5764493726467356,0.4807116139195031,0.0,0.4816223801074653,0.285189178469304,low,0
S0069,2025-03-15,11,mid,7,50.48615212234776,0,0,4,0,1,5.832395876279098,0.0,8.339939691766746,0.5101133957604413,0.1620091970974935,0.3462742972727969,0.48149170496858895,0.0,0.3784991325773991,0.07176626485124116,low,0
S0069,2025-03-16,11,mid,8,34.84803676655991,0,1,5,0,0,5.17112069533463,0.0,15.16703204677668,0.1859637973523387,0.9265812655171812,0.7941751705015582,-0.5325733210998309,0.0,0.7359861984590428,0.10136501089118,low,0
S0069,2025-03-17,11,mid,6,34.90941464181552,0,4,2,0,1,7.728275744801008,0.0,8.389365619081026,0.22046926830321623,0.5329118788600861,0.15268930734967223,0.6174552558143229,0.0,0.16806502514620336,0.7059370088425547,low,0
S0069,2025-03-18,11,mid,7,41.49752150541501,0,1,5,0,0,5.386555179293318,0.0,13.95842991194089,0.10068659306499761,0.4569850964318819,0.7322870491268793,-0.7912905241241825,0.0,0.49004376881435996,0.504838205037539,low,0
S0069,2025-03-19,12,mid,7,38.965959291397475,0,1,5,0,1,8.417614738662039,0.0,10.27574030860389,0.0015549147102172922,0.5638163408403737,0.6149551387509188,-0.581850442672089,0.0,0.6591367256922249,0.6539813913552504,low,0
S0069,2025-03-20,12,mid,5,47.11423650225373,0,1,1,1,0,1.9727419900989398,0.0,10.075507458116713,0.8372411199156853,0.5031730520188685,0.21081960120204635,-0.7232076538054959,0.0,0.9953526645020289,0.727420432266832,low,0
S0069,2025-03-21,12,mid,9,57.183701971776635,0,0,1,0,0,6.504916511022788,0.0,13.084557820246264,0.4700816373877813,0.7978441777214377,0.8192315527551691,-0.803038761162874,0.0,0.33105795148884465,0.31665210685009315,low,0
S0069,2025-03-22,12,mid,8,61.15289769601698,0,1,3,0,0,3.2285371613824925,0.0,8.891168451419894,0.5792071940237706,0.7143246739128023,0.079332936577579,0.24418319481077155,0.0,0.3718431896902533,0.12460161925797841,low,0
S0069,2025-03-23,12,mid,5,53.00751953504389,0,0,2,0,1,7.082850059302486,0.0,9.297656493679543,0.749736058250356,0.810206261370302,0.9912956365763842,0.9496407797351982,0.0,0.8921053390253112,0.5656338312593368,low,0
S0069,2025-03-24,12,mid,8,35.482778726841815,0,4,3,1,1,12.457666940761984,0.0,5.812264150163161,0.5993996969802344,0.7872426430336837,0.9360365344402101,0.8961162901983011,0.0,0.8997080112396348,0.7415960447853964,low,0
S0069,2025-03-25,12,mid,6,48.428842193093004,0,1,5,1,1,2.5542342112232888,0.0,7.279622318788192,0.21335514121332633,0.5356460402342524,0.46823491769730485,-0.5055728573599894,0.0,0.7216652339210874,0.297549964430724,low,0
S0069,2025-03-26,13,mid,7,49.86523063270249,0,1,2,0,0,4.367554922781412,0.0,13.313493774938408,0.6598676383448282,0.454553351631108,0.02961478625716296,-0.36730370270561785,0.0,0.7567201618347064,0.7302931085036796,low,0
S0069,2025-03-27,13,mid,7,54.45045331712312,0,1,4,1,0,9.015954379575374,0.0,6.3022923740487045,0.3698459235943058,0.7893947971827395,0.723618229807766,-0.22036191612160838,0.0,0.43894285085831086,0.4914134073452233,low,0
S0069,2025-03-28,13,mid,5,49.10350614068894,0,0,4,0,1,9.103035357065359,0.0,8.788079389189473,0.6658987091725859,0.4564944341865609,0.6187902954341501,0.9180008847537435,0.0,0.982284379385597,0.8448131957808909,low,0
S0069,2025-03-29,13,mid,7,44.472170931864504,0,1,2,1,1,3.2443469942067047,0.0,4.61083730552078,0.7699873965166619,0.18623830031460487,0.16980765405802667,-0.5604217230208135,0.0,0.23093551991319805,0.9237864888238351,low,0
S0069,2025-03-30,13,mid,6,33.457204175962175,0,1,4,1,0,6.139991696967145,0.0,8.702601650665184,0.35278294471743266,0.7259716430790879,0.3223891724331365,0.906464195130819,0.0,0.1907037630241828,0.5270722469409778,low,0
S0069,2025-03-31,13,mid,7,21.702655161354436,0,0,3,1,1,6.233844398017684,0.0,13.266451087712769,0.8383073692681972,0.418763216561868,0.5836346814905959,-0.16527825273511576,0.0,0.221200924752329,0.6309406573438928,low,0
S0070,2025-01-01,1,mid,4,42.922299549909944,0,3,4,0,0,7.543962381873335,0.0,8.58741599420227,0.8150782304248574,0.7889079959646691,0.7443488505206911,-0.24680463307751754,0.0,0.7161945966698826,0.10943466213738295,low,0
S0070,2025-01-02,1,mid,3,32.65377688675844,0,1,4,0,1,3.650911799480451,0.0,10.048316823580175,0.41573492905520937,0.34029245298684974,0.38338771037392305,0.4387089461361817,0.0,0.36124989958619047,0.7911192742438148,low,0
S0070,2025-01-03,1,mid,3,47.37289222683994,0,0,3,0,0,6.803672935519174,0.0,6.050715700572668,0.8209142387676908,0.6417342243790067,0.6717034256792044,-0.3466055366035692,0.0,0.0100303296098333,0.8398619816257953,low,0
S0070,2025-01-04,1,mid,1,33.50529080901609,0,3,4,1,1,3.720206369302309,0.0,9.118761375183075,0.8246400967957002,0.5482785975498193,0.7912218560969801,0.9369634787131045,0.0,0.18356544878279968,0.1369377873483275,low,0
S0070,2025-01-05,1,mid,4,42.40478005472601,0,0,4,0,1,0.0,0.0,6.844487709607402,0.22870374118179337,0.6259357395539865,0.2008826313850275,-0.47465242904757443,0.0,0.5963525729283097,0.27750193722029826,low,0
S0070,2025-01-06,1,mid,3,44.490167868479865,0,2,4,1,0,6.127451955479592,0.0,7.120563464563823,0.846337251859988,0.7465157594161942,0.14765495405120943,0.359613140788019,0.0,0.628179067935907,0.5369354751998721,low,0
S0070,2025-01-07,1,mid,5,57.092996607671154,0,0,3,1,0,4.379988947816071,0.0,8.380692072862331,0.5358771255916117,0.4688883590034447,0.04698179073573261,0.056300958494449826,0.0,0.6053564306690408,0.46336577390672395,low,0
S0070,2025-01-08,2,mid,3,55.822396452977564,0,3,2,0,0,4.6752610221359605,0.0,12.233459219498119,0.7263556130890131,0.6099704238518083,0.6267479782840497,-0.8325327500938788,0.0,0.6657835112397322,0.6420229550837151,low,0
S0070,2025-01-09,2,mid,3,56.52779190212068,0,2,1,0,1,4.799493651594094,0.0,9.106031886883612,0.5142322074338664,0.5176816994468633,0.8195193994829258,0.6022397643183939,0.0,0.28263281124467476,0.3010448289982529,low,0
S0070,2025-01-10,2,mid,2,47.19053701837019,0,0,4,1,1,7.387130696784722,0.0,11.152250654135278,0.17365938645828516,0.4516340336714473,0.38294900323445125,0.9987741061194193,0.0,0.7116324127695527,0.08236861460338141,low,0
S0070,2025-01-11,2,mid,2,40.45074086065523,0,0,5,0,1,5.6164028706132445,0.0,5.385759099107857,0.21845009221861655,0.9410655039672221,0.7324622049344899,-0.7571986812707947,0.0,0.26886107264548187,0.982438034510322,low,0
S0070,2025-01-12,2,mid,2,42.954929165731635,0,0,5,0,1,3.594558035398353,0.0,9.295128475228305,0.29068269851516937,0.17096234947023903,0.22057438955462272,0.5563254605228669,0.0,0.783497372760275,0.7324160626850618,low,0
S0070,2025-01-13,2,mid,1,53.02688228400032,0,1,2,1,1,4.742091268227431,0.0,7.4562507370212066,0.7385677429437195,0.28230715653318417,0.9842168811572762,-0.6305904601205858,0.0,0.34331881888826765,0.4919805267370616,low,0
S0070,2025-01-14,2,mid,2,56.75506484719266,0,1,4,0,0,7.662998756667938,0.0,11.319513239636487,0.5676308846545632,0.08130429071844592,0.703621792424211,0.10591780117433247,0.0,0.31619030151118144,0.17680475632526094,low,0
S0070,2025-01-15,3,mid,2,36.59423993515955,0,1,5,1,0,4.1694994759133905,0.0,12.129448460871414,0.9955401437391853,0.41025122933087055,0.6601802613126118,0.9890195330128069,0.0,0.200417464631634,0.6239997661599298,low,0
S0070,2025-01-16,3,mid,2,43.2869710851137,0,1,5,0,0,8.044655713303667,0.0,9.66605376315554,0.5568439471811727,0.8491199208510545,0.23713496091662967,-0.9532101289663559,0.0,0.6702264375288114,0.7770930896793962,low,0
S0070,2025-01-17,3,mid,3,38.94581144295577,0,0,1,0,1,4.825119557895033,0.0,6.373092339160082,0.7876575788445931,0.5217588802404646,0.9786889719558773,-0.13475293659657006,0.0,0.8868828650867246,0.09235225662734847,low,0
S0070,2025-01-18,3,mid,3,45.13385288905305,0,1,4,0,0,6.785535356122173,0.0,13.086414695616618,0.5474760122179074,0.6630332337108491,0.9774264332724847,0.41156283465859755,0.0,0.7424800453768624,0.29119283552009834,low,0
S0070,2025-01-19,3,mid,0,35.926595639898686,0,0,5,1,1,4.617050589134732,0.0,7.336034886051248,0.5509637345099629,0.8059142743749509,0.632136558418073,-0.1758968479919627,0.0,0.46360747241132705,0.4290208647327095,low,0
S0070,2025-01-20,3,mid,3,41.063051249170634,0,0,3,0,0,5.455942606952126,0.0,8.158805280540092,0.1102626516766112,0.8839823968805943,0.8221645773112856,0.42705564786599415,0.0,0.926176011099871,0.887183079842477,low,0
S0070,2025-01-21,3,mid,3,48.14614212316537,0,1,1,1,0,4.431505700661775,0.0,4.7470643203067775,0.7407460703410702,0.2804799536696897,0.8392866327265521,0.2728234353229806,0.0,0.48307525057130163,0.09033783457025013,low,0
S0070,2025-01-22,4,mid,1,40.4457411978122,0,1,3,0,0,3.6438905277358566,0.0,13.162638180042578,0.4930417390751356,0.1381949273607651,0.6665817234931866,0.34878627468044865,0.0,0.9814588322985902,0.7227532534505884,low,0
S0070,2025-01-23,4,mid,1,42.85967013751187,0,1,4,1,0,9.409661917051935,0.0,13.122606538855962,0.2880050831707657,0.5531666810890095,0.608625375042432,0.7599943126348412,0.0,0.14639712226930046,0.3840050444567178,low,0
S0070,2025-01-24,4,mid,1,36.6258889385192,0,2,3,0,1,1.8500663213514446,0.0,8.698906296420045,0.65770917967927,0.26416614711699204,0.11125989297339467,-0.3581119865745641,0.0,0.4870884757880448,0.7283583385683582,low,0
S0070,2025-01-25,4,mid,2,44.853963057226764,0,2,1,1,0,7.540743340390609,0.0,8.588535457820866,0.7105682618840886,0.5692113308422044,0.7626328151790528,-0.12802968920147983,0.0,0.6088183792871817,0.040859246411019234,low,0
S0070,2025-01-26,4,mid,5,34.80536843424399,0,0,3,0,1,10.10115806014818,0.0,16.443821100831375,0.6673182536545105,0.43772457513551055,0.18769522828300844,-0.01802569760814321,0.0,0.7964684097373269,0.7028252127605756,low,0
S0070,2025-01-27,4,mid,3,28.101582150016696,0,0,1,0,0,9.445101043319795,0.0,9.859244818956963,0.8882120124440428,0.26959610923920396,0.267555292300765,0.5625382602224509,0.0,0.41098712540675975,0.2057128752984484,low,0
S0070,2025-01-28,4,mid,4,34.798416515151736,0,2,2,0,1,4.962323497688938,0.0,8.104687112488852,0.2472438748055874,0.43040471720190987,0.28718067383303636,-0.5375055871628476,0.0,0.9230322144225831,0.21664657255868325,low,0
S0070,2025-01-29,5,mid,2,42.8989464959578,0,1,1,0,0,4.935320948056374,0.0,5.9131115027107555,0.8486616107322335,0.7229875371393527,0.754582404018127,0.20050653772008165,0.0,0.7004367565682311,0.1800017670079892,low,0
S0070,2025-01-30,5,mid,5,60.726485425280714,0,3,5,1,1,5.6698392586362365,0.0,7.371676154716924,0.6141976935342994,0.06727713363165477,0.3612391595420301,0.8538085859060904,0.0,0.2298004584520973,0.5287562238483785,low,0
S0070,2025-01-31,5,mid,3,42.35019618398929,0,1,4,0,0,2.275830293778247,0.0,9.091496667669281,0.18033970917671216,0.7300862753452687,0.8264920872051221,0.8422899504737305,0.0,0.6839857725507652,0.06564850612881856,low,0
S0070,2025-02-01,5,mid,2,24.933714018863103,0,0,1,1,1,1.8787474382458025,0.0,12.749723415996275,0.382299543357265,0.06337646661887031,0.6490339821933672,-0.001371062488877417,0.0,0.04180740812038264,0.5047532380345032,high,1
S0070,2025-02-02,5,mid,2,40.53153906248798,0,0,3,1,1,3.989278845948565,0.0,11.735140803595556,0.8688366220179913,0.8971942928715644,0.08161871944203047,0.04299822099695838,0.0,0.10689614302766859,0.5331082225778265,low,0
S0070,2025-02-03,5,mid,3,55.44412379281232,0,0,1,1,1,4.7996121146612465,0.0,11.894667866724964,0.06951491894876538,0.012491549231716692,0.7052314679646359,-0.8369090344760213,0.0,0.390195700491049,0.6622637716474851,low,0
S0070,2025-02-04,5,mid,3,42.66198734652141,0,0,1,0,1,8.985278203591061,0.0,14.9927834367486,0.5041302071319075,0.22826148419562908,0.6543610184676417,-0.8165804428069707,0.0,0.5844830816403068,0.4401747789515116,low,0
S0070,2025-02-05,6,mid,2,38.40334574405587,0,1,3,0,1,3.381510345300417,0.0,12.867119928769302,0.44647845021692245,0.6429110959164916,0.2752392436804453,-0.5599267384872515,0.0,0.5689081324669885,0.9523944405301144,low,0
S0070,2025-02-06,6,mid,3,52.99034555280109,0,1,4,1,0,1.9572697168799866,0.0,6.6646534827783395,0.36018057367982614,0.09929872956901542,0.46150843113613804,0.05208906410163161,0.0,0.8764557494813432,0.06426133819161095,low,0
S0070,2025-02-07,6,mid,3,56.643865405214775,0,2,2,0,1,7.152741388580868,0.0,11.676468241008168,0.5303307354797075,0.5858254315172368,0.7663427114603393,-0.7591104890966447,0.0,0.07155232578644921,0.6219229328122463,low,0
S0070,2025-02-08,6,mid,3,46.573862308512254,0,2,1,0,0,2.8290291182763374,0.0,7.562839306306587,0.3411060430061933,0.750930926644498,0.09238048507176733,-0.4247296039304518,0.0,0.6079299425974908,0.8648538075878995,low,0
S0070,2025-02-09,6,mid,0,34.246411557709095,0,0,1,0,0,5.155548437619335,0.0,8.281889414971847,0.7934872427694545,0.8567088800846858,0.18465461795535332,-0.9349023542253587,0.0,0.7683976303447347,0.061398957408268506,low,0
S0070,2025-02-10,6,mid,1,36.45676721610698,0,0,2,1,0,6.601537618467819,0.0,10.715114483606367,0.3024400564375622,0.603220594973411,0.9597836855535026,-0.9857433994150493,0.0,0.2709790855284909,0.7587845986670316,low,0
S0070,2025-02-11,6,mid,1,43.84791196984372,0,1,4,0,1,5.2637593309334045,0.0,8.299767092175864,0.517256921462739,0.5853596357242153,0.002440182240226796,-0.8346325966233741,0.0,0.16769702237351192,0.4484386996449625,low,0
S0070,2025-02-12,7,mid,2,52.31690715394993,0,1,1,0,0,6.160923551313682,0.0,12.311764922712976,0.03844289303083459,0.3301529804242994,0.1965125045833851,-0.050824721743864654,0.0,0.3542883472184456,0.6178017090148806,low,0
S0070,2025-02-13,7,mid,1,62.73651699624516,0,1,3,1,0,7.035468026684483,0.0,9.615821836610875,0.41799707852414114,0.7556700696011291,0.40292768246140165,0.7018496270496986,0.0,0.9992301641504616,0.8982936022863842,low,0
S0070,2025-02-14,7,mid,3,45.497292101769474,0,1,4,0,1,4.240609871032273,0.0,10.791367756037564,0.2625616033448006,0.5036251725758708,0.7364375801784079,-0.30542939587608053,0.0,0.2042697673211954,0.4371552660749871,low,0
S0070,2025-02-15,7,mid,4,42.92163621969726,0,1,2,1,1,5.303606134569654,0.0,12.25378307510356,0.18006587532640217,0.5819700323852417,0.5758993231028695,0.2802412371722607,0.0,0.09929827231321253,0.6886864354673484,low,0
S0070,2025-02-16,7,mid,4,30.415667474054217,0,1,4,0,1,4.344027385205515,0.0,7.442474727597517,0.136049503574605,0.8397230387124964,0.7719421339618046,-0.36662264023617186,0.0,0.0292890206259534,0.4095863829730876,low,0
S0070,2025-02-17,7,mid,2,37.804150784779615,0,2,4,0,1,7.162087278805934,0.0,9.161075293734442,0.3301091816545889,0.5594169304649617,0.7446052782755147,0.046128221398571645,0.0,0.1638087164042762,0.37903538464662134,low,0
S0070,2025-02-18,7,mid,3,52.02832793129782,0,0,1,1,0,3.7647751166990293,0.0,8.70153242997619,0.437922452986221,0.7198852045674188,0.8791861710852028,0.08939826234794057,0.0,0.6520350761084717,0.2668222486161358,low,0
S0070,2025-02-19,8,mid,2,32.19811015917788,0,1,5,0,0,5.151972820643517,0.0,13.80677267762808,0.06011834693339324,0.35745359109793073,0.6956138392068809,-0.028281687815368883,0.0,0.35178740430808897,0.15518780139389743,low,0
S0070,2025-02-20,8,mid,1,50.18767979703379,0,3,5,0,0,7.637206150900848,0.0,11.132240982347817,0.6249020419525868,0.5259983295032342,0.5252268677746811,0.478830396530056,0.0,0.9025656522821327,0.21893117057362443,low,0
S0070,2025-02-21,8,mid,1,55.090938717707154,0,1,4,0,1,3.2351106651951547,0.0,6.523947747466464,0.218112137183761,0.12983662439857113,0.07239569460191642,0.3404952338735827,0.0,0.3464633116129251,0.45808095355359824,low,0
S0070,2025-02-22,8,mid,4,36.64189199086435,0,2,5,1,1,6.121234338024652,0.0,6.281117785668773,0.35389451937697436,0.02486263361573049,0.2140747246221626,-0.6658429582959782,0.0,0.7948656154516623,0.7267148421875567,low,0
S0070,2025-02-23,8,mid,3,46.669535008862326,0,0,4,1,1,5.616975535370169,0.0,4.8870313192782655,0.17353074803869206,0.5386861360197611,0.4792636230206795,0.6696470443442311,0.0,0.804035650990698,0.182350284429726,low,0
S0070,2025-02-24,8,mid,2,51.0296641574384,0,0,2,1,1,0.5548666483075033,0.0,9.435858713953268,0.5978357823492654,0.640719974990034,0.9343796893205658,0.9054357824098234,0.0,0.4949759504585426,0.20866745243668816,low,0
S0070,2025-02-25,8,mid,2,42.504102076834826,0,0,2,0,1,1.3708309361944315,0.0,6.421446898607695,0.3317464225496076,0.9189366979552644,0.7663631565845787,0.3102306100583092,0.0,0.6654013405529368,0.18219880388513732,low,0
S0070,2025-02-26,9,mid,1,35.166939449310036,0,3,1,1,0,6.95588756265499,0.0,5.858590398508129,0.3794377133102359,0.8761764318470101,0.7342514687623498,-0.7530375389974657,0.0,0.2532883426661221,0.6575788467690721,low,0
S0070,2025-02-27,9,mid,3,28.787891990634563,0,0,4,0,1,5.78606739057099,0.0,9.09897173675817,0.014604176979669536,0.7398202529816085,0.802513951021261,-0.25889384832741147,0.0,0.7059646546852807,0.9050746885891855,low,0
S0070,2025-02-28,9,mid,5,50.83149314485552,0,2,5,0,0,5.007762331333647,0.0,9.068098160528912,0.2827625609148331,0.32145840623040733,0.3546809478926185,0.3054408707800438,0.0,0.7577723351507099,0.329704404163464,low,0
S0070,2025-03-01,9,mid,3,47.309581401004266,0,1,4,0,0,2.8974391179226746,0.0,8.924267862587818,0.5208787489707114,0.4220404523680332,0.6421574374594241,-0.6548582620822672,0.0,0.02076366920848227,0.47646224370870416,low,0
S0070,2025-03-02,9,mid,2,42.56184993584416,0,1,4,0,0,5.87119447798101,0.0,10.7408107162061,0.47614893830664096,0.17917430022863123,0.16637269989631465,0.08329803947496384,0.0,0.7153886142535482,0.9158888284203028,low,0
S0070,2025-03-03,9,mid,1,35.95132267951204,0,2,3,1,1,5.821119261262812,0.0,9.71431574800069,0.30047672707359463,0.470291954998848,0.42239478808261455,0.6028495709563191,0.0,0.6715676859251993,0.6468581048875985,low,0
S0070,2025-03-04,9,mid,5,41.87240239690524,0,2,4,1,1,4.714168697904223,0.0,11.241690746850812,0.980116309948238,0.6764142642554208,0.2873508906804768,0.2305337704766921,0.0,0.38024948336232134,0.6427973032773013,low,0
S0070,2025-03-05,10,mid,2,59.58846285180795,0,0,4,0,1,6.107850273876338,0.0,7.751920115962016,0.6552794235853155,0.8165964752199033,0.0016762287881660898,-0.30537069463074995,0.0,0.31452989364593886,0.9238378080432652,low,0
S0070,2025-03-06,10,mid,3,23.57146475917578,0,0,3,1,0,5.6884145480854915,0.0,11.679239732194564,0.5563900087833972,0.7490860983332173,0.7928902483753767,0.5034820904914503,0.0,0.6608968732253888,0.8806899654466404,low,0
S0070,2025-03-07,10,mid,4,25.84822937619862,0,1,4,1,1,4.263694560027249,0.0,8.471675581102893,0.8244250489190462,0.016810338551593196,0.528423475320245,0.6715571082574607,0.0,0.19522237860359304,0.14410325544630564,low,0
S0070,2025-03-08,10,mid,3,37.977797289998605,0,1,1,1,1,7.188713721168668,0.0,7.244528074680188,0.6283744704081227,0.15968294673518602,0.0944755772576863,0.2150236551143112,0.0,0.6683019856486399,0.13105797817388942,low,0
S0070,2025-03-09,10,mid,3,34.6179524400202,0,0,4,0,1,3.6898283794123037,0.0,11.12252235190479,0.523567543417701,0.29719467747449946,0.9625411723462005,-0.5762589684280104,0.0,0.6826235447560843,0.30860910131319164,low,0
S0070,2025-03-10,10,mid,4,41.894097048552496,0,1,3,0,1,4.2349739635257855,0.0,11.42784802830294,0.3121760713406083,0.33708785099913396,0.8658763424390004,-0.6744849982965226,0.0,0.8125392788057677,0.467691493118088,low,0
S0070,2025-03-11,10,mid,3,55.34961382091922,0,1,5,0,1,2.8591345157999353,0.0,11.453377432627898,0.47587721900254987,0.17257465249678816,0.11943550621588972,-0.3406879100680871,0.0,0.19917738432626875,0.935327695250402,low,0
S0070,2025-03-12,11,mid,2,52.02071400671648,0,0,3,0,0,4.914998908494382,0.0,12.451372324782747,0.45769020510957903,0.8276082836606623,0.19583855807103245,-0.07568411045932,0.0,0.6377325579480728,0.7000931903214316,low,0
S0070,2025-03-13,11,mid,2,54.638582945667395,0,1,1,0,0,5.01075053236588,0.0,8.654016788568661,0.8705803013110237,0.595437111614165,0.8685789880338055,0.5323423030506709,0.0,0.3431538677316033,0.41318229078872637,low,0
S0070,2025-03-14,11,mid,3,52.436789830347514,0,2,1,0,0,6.333862069834704,0.0,10.718836982437061,0.35404467761221925,0.49509561096136967,0.32264514822380297,0.4084927286106508,0.0,0.1304288520314808,0.7529909120270213,low,0
S0070,2025-03-15,11,mid,4,36.79408281038478,0,0,3,1,0,5.668220521143335,0.0,7.2448296387010025,0.043500358203145684,0.728981664704153,0.1421246073396003,-0.4666436426683933,0.0,0.34528050053435055,0.3810523835581816,low,0
S0070,2025-03-16,11,mid,2,31.987152359554116,0,2,3,1,0,6.266643910969748,0.0,5.245526851865214,0.0013480449426480634,0.6059278811273036,0.5769083084583543,-0.9082240221363416,0.0,0.5230494247620328,0.834412147767576,low,0
S0070,2025-03-17,11,mid,3,39.30834631830974,0,2,3,0,1,8.229557653426488,0.0,6.817654574787438,0.31204512791397443,0.5315993907372377,0.17552486792466504,-0.6608693908546275,0.0,0.7427736117322856,0.4383954648122187,low,0
S0070,2025-03-18,11,mid,1,42.76128579225234,0,0,4,0,1,4.185018312711213,0.0,17.358625032039367,0.6289244203932426,0.6936823181720183,0.03436906344827784,-0.03503363036039975,0.0,0.49704230809516603,0.6212383077387227,low,0
S0070,2025-03-19,12,mid,2,43.07725464668634,0,0,4,0,0,6.234910529783172,0.0,7.251681496792607,0.7057228001354852,0.04259002038625359,0.42764144079292443,-0.04724920813180811,0.0,0.8175227566293414,0.6244425449253805,low,0
S0070,2025-03-20,12,mid,2,37.87725250712655,0,0,4,0,1,3.3269584237072083,0.0,6.647267796263268,0.3925384464519005,0.9167665743864127,0.05723449564145844,-0.4816747616653845,0.0,0.4428772262994597,0.7151138136705701,low,0
S0070,2025-03-21,12,mid,3,32.484145552379275,0,0,2,0,1,6.085600506863779,0.0,12.841197962858203,0.28092587100761823,0.3891782125655998,0.5480926624694611,-0.3575344138648082,0.0,0.18733440045659677,0.21066033150621732,low,0
S0070,2025-03-22,12,mid,2,56.88507661344627,0,1,5,1,0,1.8967032965193389,0.0,12.311057991386875,0.8355557933487482,0.9583494033055745,0.2834975699061917,-0.9997189430405653,0.0,0.5256129055532271,0.5928493286302666,low,0
S0070,2025-03-23,12,mid,3,40.33525986673444,0,0,1,0,0,2.5291403858610764,0.0,9.664322817505811,0.8767890723588229,0.8176798358434977,0.7428141731268189,0.37981771731823155,0.0,0.46648587981360834,0.9955586612662326,low,0
S0070,2025-03-24,12,mid,1,40.90813569777468,0,0,1,1,1,0.9333590426623095,0.0,11.192709909890722,0.20784748710424605,0.9670866956483838,0.8586114211047541,-0.139431741051538,0.0,0.871089510113959,0.059461792118106316,low,0
S0070,2025-03-25,12,mid,4,52.634967534296145,0,1,5,1,1,3.1520810445454073,0.0,14.104300574882306,0.34330177656833105,0.5572472105728412,0.7547606132018748,0.8560033417359771,0.0,0.01051876105658689,0.26632463891535296,low,0
S0070,2025-03-26,13,mid,2,43.10049960885482,0,0,1,1,0,3.8716802735112172,0.0,10.564151952695731,0.5987707685321908,0.8277123453088746,0.3618945394707429,-0.020652617942187312,0.0,0.14414268860784585,0.7204095191133534,low,0
S0070,2025-03-27,13,mid,3,49.29526951296745,0,0,4,1,1,8.181393657497587,0.0,11.918131579036249,0.9753138399257291,0.5029172043690151,0.6372762392271465,-0.7868503400070148,0.0,0.15525346987704214,0.23169464595197653,low,0
S0070,2025-03-28,13,mid,2,38.986512405722465,0,2,1,1,1,5.419252209952965,0.0,16.867925444185733,0.47985111268496305,0.820211177255263,0.17946916761380693,-0.15082332232020068,0.0,0.6742473903158996,0.985605867939619,low,0
S0070,2025-03-29,13,mid,4,66.62926381825515,0,1,3,1,1,4.629085704332906,0.0,11.771250196224019,0.19608439994553806,0.17129298674997706,0.6729297315076338,0.4369763582573363,0.0,0.9797573582062457,0.6260790826324583,low,0
S0070,2025-03-30,13,mid,1,42.74318338812827,0,0,1,0,0,4.254275779528278,0.0,11.99576099872429,0.40783349263404556,0.2360872006980025,0.7996838364720869,0.5823778145714791,0.0,0.9447714490321507,0.8317535202299063,low,0
S0070,2025-03-31,13,mid,2,51.97754855201268,0,1,5,0,0,5.146939525142213,0.0,13.87392418649264,0.6240149507596533,0.08325714037204635,0.49523987656387414,0.5614636330892495,0.0,0.8599869073732203,0.7211696622525413,low,0
S0071,2025-01-01,1,mid,4,47.49482947617033,0,2,4,0,1,5.33114278923843,0.0,14.276326355025066,0.6621887781874821,0.7594976560751007,0.2879098998170957,0.21216615634125335,0.0,0.7516454491145096,0.7709264315635385,low,0
S0071,2025-01-02,1,mid,8,39.14649950721592,0,0,4,0,0,4.020631744404845,0.0,14.076746947885564,0.6651665511164712,0.4923999338684866,0.46676653930428114,-0.2362319893602558,0.0,0.48279669924021773,0.6127051331700459,low,0
S0071,2025-01-03,1,mid,7,35.54820513716789,0,1,2,0,1,2.9635426748119293,0.0,4.864757849961862,0.319041585181952,0.6747294497066662,0.9942128958892589,0.41245134116655136,0.0,0.9589020776225057,0.738291106435463,low,0
S0071,2025-01-04,1,mid,8,51.97394269870233,0,2,2,1,0,0.0,0.0,7.058469681434762,0.8997778120732028,0.7978560928176894,0.019245281078577814,0.3076370171326417,0.0,0.9039045566380814,0.6835833004493445,low,0
S0071,2025-01-05,1,mid,5,47.1089637497752,0,2,1,1,1,5.51346582708401,0.0,9.72323659025776,0.9913700477754632,0.6415585613710298,0.7846384920218615,0.1537920589002988,0.0,0.46424676046552316,0.34555955787091186,low,0
S0071,2025-01-06,1,mid,6,36.167658492819044,0,3,4,0,1,5.160060714432542,0.0,9.391774417793618,0.9101133369504815,0.23080311802756126,0.054575676740873824,0.7905751591571994,0.0,0.3541600511666836,0.5497208460328141,low,0
S0071,2025-01-07,1,mid,6,51.747459510611826,0,3,1,1,1,6.396119833362318,0.0,7.563620844327558,0.2622359891462557,0.1261136160953159,0.29330418361476973,-0.6573303956910479,0.0,0.42064592987233385,0.12454081209090972,low,0
S0071,2025-01-08,2,mid,7,50.569794154457455,0,0,5,0,0,3.6410952843906585,0.0,11.241445232841809,0.020033702083680938,0.07894452871524327,0.5758801850482669,-0.2457682791007414,0.0,0.11867504084872149,0.47432673311385176,low,0
S0071,2025-01-09,2,mid,8,45.42591954465925,0,1,1,1,0,4.037501621672111,0.0,4.761899673732091,0.3450139702351285,0.9790584723249138,0.8481783425185777,-0.15730306114824733,0.0,0.5136954667796073,0.9840229931591656,low,0
S0071,2025-01-10,2,mid,7,41.61191925370828,0,2,4,0,0,3.9437713194255,0.0,6.9115258229201295,0.7734876373797959,0.3883624038086416,0.3633212200837379,0.6889171644018139,0.0,0.5945227642882237,0.46014576693736053,low,0
S0071,2025-01-11,2,mid,7,65.29575191247777,0,1,5,1,0,4.29031270715543,0.0,6.482073519752674,0.09881951749764406,0.14019147284184386,0.6237351095600319,0.2664833792042012,0.0,0.12743651604023543,0.8538184822285703,low,0
S0071,2025-01-12,2,mid,6,55.09637631521179,0,2,5,1,1,5.598982348568835,0.0,6.6430213619366265,0.7398388693453809,0.23357737565069647,0.5498574658121621,-0.5983316316514486,0.0,0.660994771541528,0.6989494529389146,low,0
S0071,2025-01-13,2,mid,9,45.317046439975606,0,4,2,1,1,5.03282412332155,0.0,10.380388002666251,0.17410206884553914,0.5704513865215621,0.6942024375644286,0.6466116859343845,0.0,0.27893469535887216,0.5577738037054079,low,0
S0071,2025-01-14,2,mid,6,26.65301868976327,0,1,4,1,0,5.164017051376926,0.0,13.094024139175728,0.9760028568806144,0.11986726076747023,0.9608697162991541,-0.8586818015173678,0.0,0.4773399389688615,0.8550270037001937,low,0
S0071,2025-01-15,3,mid,9,58.68053191272496,0,0,5,0,0,1.2887744525778397,0.0,11.064988585254799,0.5006054586230089,0.7810543010422164,0.47706665158550454,0.261846598110278,0.0,0.03884330752742837,0.5929402792299895,low,0
S0071,2025-01-16,3,mid,7,36.276879584309185,0,0,5,0,0,7.396200641343359,0.0,7.027647957476136,0.6274621905988222,0.1895446351217961,0.24211229214408736,0.4090882683026249,0.0,0.6751619566758406,0.3122440160382606,low,0
S0071,2025-01-17,3,mid,4,27.37521300113944,0,0,2,0,0,6.005426762049131,0.0,11.783772872865258,0.4707351521703784,0.11704317360817629,0.5195545745610665,0.06105137760651225,0.0,0.6311673199631834,0.5257195174421126,low,0
S0071,2025-01-18,3,mid,7,37.32242004829929,0,2,5,0,1,5.952153465232776,0.0,8.892941502854958,0.4237682122954808,0.05748950205677916,0.8168738730314263,0.12125461544498384,0.0,0.3183581094807224,0.45293199339465917,low,0
S0071,2025-01-19,3,mid,6,47.5636535275061,0,0,3,1,0,6.028218430239264,0.0,15.0758706841209,0.4575834614131745,0.984201208073058,0.4709241453310675,0.17417812632297958,0.0,0.08268785562082226,0.27180953684860654,low,0
S0071,2025-01-20,3,mid,6,37.71039701961689,0,0,1,1,1,6.192734844221495,0.0,12.250111169260858,0.26985482489935975,0.2551335585708878,0.9064372410570274,0.22963370593532462,0.0,0.22498164945220422,0.14038316900123393,low,0
S0071,2025-01-21,3,mid,6,59.18741753958203,0,1,1,1,1,3.133946326085231,0.0,11.104329481865456,0.7065397121033071,0.14707604187217516,0.38445284034671934,-0.5878746844473595,0.0,0.2766593036450603,0.7098843924566801,low,0
S0071,2025-01-22,4,mid,6,46.40999067374943,0,2,4,1,1,7.966018479021114,0.0,9.788396179806035,0.6349322141003978,0.6193123891052813,0.30313294571106675,0.7742237966387158,0.0,0.29973772175609326,0.9515093636445651,low,0
S0071,2025-01-23,4,mid,7,59.95682308463742,0,2,2,1,1,7.215664769126171,0.0,13.52465257930408,0.7651729970610741,0.043674011990450845,0.25831297842422807,0.15123367115082909,0.0,0.21840187006246803,0.5998929091268771,low,0
S0071,2025-01-24,4,mid,6,47.88790016411582,0,1,4,1,1,7.74841639182794,0.0,7.527051213295289,0.8459846228658265,0.4167422205952933,0.5511525330904772,0.9319551728126976,0.0,0.4549602510750723,0.23577300119638855,low,0
S0071,2025-01-25,4,mid,5,53.2807753850638,0,0,3,0,0,3.9432871838147943,0.0,13.314164302991436,0.4047215940812563,0.29911502634956355,0.2251709144573263,-0.878246028569668,0.0,0.0336694169988101,0.5015976288420517,low,0
S0071,2025-01-26,4,mid,8,46.83143286407882,0,0,3,1,0,9.487450884529142,0.0,8.779465601221764,0.8512843633713892,0.2544892441932157,0.5382517313758852,-0.7295928207434101,0.0,0.23473798467678653,0.304853594536279,low,0
S0071,2025-01-27,4,mid,6,49.53622958400222,0,1,4,0,1,7.262341083202819,0.0,9.547236158524134,0.1774152054404965,0.38931708786887786,0.2947506666503148,0.9909265328062706,0.0,0.9011035853153272,0.5260837599527831,low,0
S0071,2025-01-28,4,mid,6,31.706893630397715,0,2,3,1,0,7.627723568963113,0.0,10.871251622816983,0.23246190910324804,0.8711486382146088,0.639127689938392,-0.23785884067811258,0.0,0.6476921874273777,0.9280621987363916,low,0
S0071,2025-01-29,5,mid,4,28.388028913902673,0,0,1,1,0,2.5477624010377737,0.0,13.272389240331979,0.28414741302321544,0.2734217458273822,0.5067694834639053,0.8827078612591119,0.0,0.9484266449678663,0.5463865119210626,low,0
S0071,2025-01-30,5,mid,7,56.04401040047214,0,1,4,1,0,3.0125099243701783,0.0,8.878083261920263,0.9903831981696216,0.8167188121929636,0.6272608223863051,-0.9667473042007189,0.0,0.8697735010892492,0.6098043163626964,low,0
S0071,2025-01-31,5,mid,7,40.99450477647039,0,1,3,0,1,4.108533968270665,0.0,10.839416490472722,0.3074862535785755,0.5675061284025514,0.6331888154582743,-0.7236614126819285,0.0,0.3195341447133022,0.10178838710717852,low,0
S0071,2025-02-01,5,mid,6,26.775794185473053,0,1,1,0,0,3.5914544412854026,0.0,10.06630620585113,0.07991935851900023,0.9642913328918773,0.9397107800311172,-0.9635440468163958,0.0,0.5404590812350255,0.06484899753400042,low,0
S0071,2025-02-02,5,mid,9,53.8930141056204,0,0,1,0,0,4.469912061454534,0.0,9.082145323323857,0.9891607856098801,0.25793940032732576,0.45747598666046396,-0.9420058439993417,0.0,0.9304835739040551,0.047104082951947346,low,0
S0071,2025-02-03,5,mid,6,51.453437138221815,0,1,3,1,0,5.262994789614557,0.0,3.9268149310920126,0.8733799477344129,0.18095315728561923,0.3726747240301136,-0.12920498887294185,0.0,0.487709633247136,0.7048476715316128,low,0
S0071,2025-02-04,5,mid,7,44.79133062796216,0,3,4,1,0,8.388085551374754,0.0,6.618856009628359,0.7105052434359292,0.5328029702094924,0.4358733509473588,-0.9623003488364368,0.0,0.26258973665215435,0.6698748425038373,low,0
S0071,2025-02-05,6,mid,5,41.42895371412819,0,0,4,0,0,4.371642359378709,0.0,12.6526417293983,0.7012584746371378,0.06496189107438632,0.8887337623217414,0.8135671002399476,0.0,0.15684177570250102,0.7806071630162171,low,0
S0071,2025-02-06,6,mid,8,42.068204594276324,0,1,4,0,0,7.526468004926041,0.0,9.132521941839077,0.1689237670302598,0.8300652524442768,0.46121423842902654,0.019860680943654785,0.0,0.9686545726983594,0.8861374649758762,low,0
S0071,2025-02-07,6,mid,7,43.531638723842626,0,0,5,1,1,5.498761882878078,0.0,14.578000326975879,0.6557394776158656,0.32051935036716517,0.12330227862534027,-0.8798195723404851,0.0,0.2918286907127229,0.667776526897045,low,0
S0071,2025-02-08,6,mid,7,41.10676547018397,0,1,2,0,1,6.419154921322312,0.0,10.024908111213884,0.7535596125986979,0.008523970970089056,0.7042595883173723,0.08828292347958167,0.0,0.13829896484607207,0.4351269483020299,low,0
S0071,2025-02-09,6,mid,4,64.35575417168059,0,1,1,1,1,6.606364168162124,0.0,14.126465706316946,0.4064763529164147,0.2852758845160064,0.3597501990553833,-0.3771271258027682,0.0,0.36132379319673247,0.015925414674398897,low,0
S0071,2025-02-10,6,mid,7,24.585719666757257,0,1,3,0,1,4.322422401490352,0.0,12.199682553323433,0.6733833005526967,0.0646483036558183,0.13824973285951558,0.8769148980648258,0.0,0.5430733406966682,0.7543832948023824,low,0
S0071,2025-02-11,6,mid,7,39.63201024421387,0,2,1,0,1,1.9761613298837992,0.0,10.051916575638309,0.06691510390756383,0.28650652243743646,0.4734458872491314,-0.0428879883367157,0.0,0.2044483866868516,0.2582418458507939,low,0
S0071,2025-02-12,7,mid,8,52.078373928779996,0,0,1,0,0,4.970325652856869,0.0,2.7763150064039523,0.2905645072948261,0.48749730683223436,0.9588003575660776,-0.8459123150856791,0.0,0.8035095091174247,0.45532750295249724,low,0
S0071,2025-02-13,7,mid,7,45.68981100063024,0,1,2,1,0,3.307347303251146,0.0,2.4178010630934192,0.6842921597366722,0.4393185442705396,0.08948797150571763,0.45907559657789854,0.0,0.6499835259191145,0.19866740076135392,low,0
S0071,2025-02-14,7,mid,7,50.02789974971158,0,0,5,0,0,0.968564571636854,0.0,9.772571758226947,0.6733848473315778,0.5212534374195167,0.6711712087096201,-0.5583858890962772,0.0,0.5911692250300643,0.8831909275837738,low,0
S0071,2025-02-15,7,mid,8,52.61850659129682,0,2,3,0,1,5.040901289783565,0.0,8.35272196899346,0.023255136759694706,0.9475852597711858,0.17481291403932875,0.8507927291850128,0.0,0.9500202307340984,0.7754567287521027,low,0
S0071,2025-02-16,7,mid,7,36.55171380573619,0,0,5,1,0,6.381274525090707,0.0,13.895942864958569,0.5240942316898838,0.490537625617392,0.30690770852762506,-0.5957217584672985,0.0,0.7670959243538199,0.19948864233360353,low,0
S0071,2025-02-17,7,mid,7,42.496365500256154,0,0,4,1,1,3.322812224129779,0.0,10.117161339399427,0.5993719846456473,0.2317192525596502,0.920207736741697,-0.4629122588385022,0.0,0.787359851217308,0.5821603410676137,low,0
S0071,2025-02-18,7,mid,7,47.929585884438225,0,1,1,1,1,5.9834477428219905,0.0,14.99692289188994,0.7127081821363381,0.09070557078112573,0.9782191133122973,-0.826067984972582,0.0,0.6361071672177663,0.02313331873645663,low,0
S0071,2025-02-19,8,mid,6,45.39018500410032,0,0,5,1,0,3.7070340117331373,0.0,6.278353042546661,0.8533806643292488,0.3761057251500235,0.2395238897979186,0.5653848329867881,0.0,0.9431591031515209,0.7747840085041955,low,0
S0071,2025-02-20,8,mid,6,37.22363363439183,0,1,5,0,0,6.317138837537756,0.0,6.039358572753446,0.5576012566727298,0.07104381006029903,0.9025158892355976,-0.41867300883943925,0.0,0.7509678808760102,0.5784183077822102,low,0
S0071,2025-02-21,8,mid,8,47.205740847528794,0,2,3,1,1,9.528274239331196,0.0,13.192877918608179,0.4251934048758509,0.6059212067820002,0.6640121502773211,-0.3090089170404655,0.0,0.4620847783262171,0.25559656766054006,low,0
S0071,2025-02-22,8,mid,7,53.60031357260431,0,2,3,0,0,2.1356642212388675,0.0,9.180683142751919,0.45383129192977845,0.9045812468085586,0.29073249002208434,-0.13785695437238377,0.0,0.645999111622216,0.7671986818778423,low,0
S0071,2025-02-23,8,mid,7,38.690271625865094,0,0,4,0,0,6.189618395388539,0.0,16.232132263640214,0.8406148770400742,0.01852116339188148,0.9921267966751928,0.8584124170703333,0.0,0.14963555326377498,0.04816722260779838,low,0
S0071,2025-02-24,8,mid,8,52.7974535727099,0,1,1,0,1,5.7300222830905145,0.0,8.714171023339471,0.7495108520247121,0.0848261805134417,0.4624630803038625,-0.21317854462654018,0.0,0.4624719993787729,0.4612932046117817,low,0
S0071,2025-02-25,8,mid,5,46.922792851299405,0,1,5,0,1,3.9714958780827896,0.0,11.560576981828891,0.979477621896794,0.7916036680090015,0.011802324646169704,0.099352516531793,0.0,0.3958613155064694,0.444022829301871,low,0
S0071,2025-02-26,9,mid,8,43.147336859211876,0,1,1,0,1,4.434276062466157,0.0,10.343413535202785,0.2814736711357838,0.6615162499795418,0.03341715104255949,-0.9485844518294224,0.0,0.372765150608942,0.25117840614834197,low,0
S0071,2025-02-27,9,mid,8,53.09471433351831,0,0,5,0,0,5.039800199926299,0.0,8.399054750039033,0.32070783861662966,0.044238270964548465,0.75971453060783,0.14628077576617637,0.0,0.34898530932456207,0.41679427762350574,low,0
S0071,2025-02-28,9,mid,5,42.38652022007609,0,0,1,0,1,2.473356400851627,0.0,9.170472682718113,0.8202305292558055,0.9217921873915143,0.8374964088624753,0.6097416561247864,0.0,0.548384205337984,0.3336478004019211,low,0
S0071,2025-03-01,9,mid,7,40.76326984202011,0,0,1,1,1,2.3036025560435234,0.0,10.453919761168617,0.8893051908198234,0.46484200864742964,0.4157330596203447,-0.5863893893801542,0.0,0.19621787506209165,0.9912461545576344,low,0
S0071,2025-03-02,9,mid,6,31.340043073090854,0,1,2,1,1,8.295143363308364,0.0,9.946640309149524,0.22476836826267144,0.8548140204705018,0.411930697399278,-0.7329309268396698,0.0,0.7930998716806876,0.4807407897286461,low,0
S0071,2025-03-03,9,mid,7,46.93046391907389,0,1,3,0,0,6.186128798481697,0.0,12.323565463263964,0.12894669171798878,0.19433538330110434,0.7029892217074081,-0.44387170478540194,0.0,0.7113445735222452,0.6934532450494594,low,0
S0071,2025-03-04,9,mid,7,45.30767129097655,0,1,5,1,0,5.083423595604332,0.0,13.25742281746126,0.8576240941320004,0.8543598154109,0.553935507722681,0.08237588091871895,0.0,0.6152665420012258,0.15725184244150492,low,0
S0071,2025-03-05,10,mid,7,48.103947690333634,0,2,4,0,1,6.681280368259642,0.0,7.677218916864625,0.4168516841884804,0.05993884263119997,0.48471427876987827,-0.7513804740895556,0.0,0.7992225474831364,0.17146843539616763,low,0
S0071,2025-03-06,10,mid,6,52.06062390691814,0,0,5,1,0,4.128264527193231,0.0,10.127374312137622,0.00506763883763095,0.31411706431366115,0.32368542847489135,0.43746296255439043,0.0,0.32566606072654913,0.3595529630680424,low,0
S0071,2025-03-07,10,mid,9,56.916942431678976,0,0,3,1,1,3.271184780539495,0.0,7.657009646044333,0.8904341731188562,0.6474500095368314,0.3110731788483525,0.10153698325352423,0.0,0.7074068256126173,0.022629251010665374,low,0
S0071,2025-03-08,10,mid,7,49.20875079909434,0,1,5,1,1,9.137906939281025,0.0,10.990137886562627,0.47139068439407505,0.14723076620044884,0.260792780229418,-0.07391276216014675,0.0,0.9188402637743815,0.06832249557161985,low,0
S0071,2025-03-09,10,mid,5,58.90520539953796,0,0,1,0,1,4.620264759121279,0.0,13.728306259821554,0.8284175529766418,0.6766452934867052,0.40929479799641433,-0.9439976695879313,0.0,0.9135247201687697,0.2268407045513724,low,0
S0071,2025-03-10,10,mid,7,50.86569041754834,0,2,3,1,1,6.8963149954858665,0.0,5.878714937003879,0.6021351000168109,0.6682116198327689,0.12444407378884348,0.030618833318429628,0.0,0.9276072885780782,0.9537709321969734,low,0
S0071,2025-03-11,10,mid,8,49.6230178684434,0,0,5,1,0,3.0415406101548923,0.0,8.0023660961342,0.14683841664144304,0.1806977023084272,0.03427554953240752,0.40686058617227605,0.0,0.773181578493251,0.01174070250621484,low,0
S0071,2025-03-12,11,mid,6,38.07516633089516,0,2,3,0,0,6.474320581770188,0.0,8.438786967503614,0.611971263185051,0.5489895107023263,0.2668635741785069,-0.5922088005260286,0.0,0.5438768704674528,0.8914389720691791,low,0
S0071,2025-03-13,11,mid,6,35.653241562836435,0,1,2,1,1,2.952305306036093,0.0,11.763794243649969,0.5714127743182915,0.10946530745882221,0.2670082489571376,-0.9697840653992496,0.0,0.4534105009922794,0.1751103454610301,low,0
S0071,2025-03-14,11,mid,6,37.88106768638778,0,0,3,0,1,6.610019087884531,0.0,11.494202519162041,0.7412986191445905,0.7628510761342642,0.643765459535165,-0.24739918812842543,0.0,0.3485446658559187,0.5689420405848188,low,0
S0071,2025-03-15,11,mid,6,32.673670765510934,0,0,5,0,1,0.3650955190973555,0.0,10.173564159163853,0.6966741284489929,0.08467676979255756,0.04774917118670963,0.39953442421762353,0.0,0.5500628796785383,0.7332374857868924,low,0
S0071,2025-03-16,11,mid,6,41.798378057785605,0,1,4,0,0,7.267151166031929,0.0,6.866314306418916,0.7174625826779129,0.5670571074836113,0.07094641852321204,0.7127209304099613,0.0,0.6347287228981132,0.7588250911777947,low,0
S0071,2025-03-17,11,mid,5,38.84146329807035,0,3,5,1,0,0.0,0.0,16.147395729564373,0.8260386098507884,0.12538116676512823,0.7922643808685403,-0.955334097132905,0.0,0.3230738913695045,0.19650000974330029,low,0
S0071,2025-03-18,11,mid,9,69.1794572287398,0,1,2,0,0,6.618909268940559,0.0,11.069750602699079,0.8067618464564473,0.8693306445114385,0.9968897980554887,-0.4754786253991967,0.0,0.7265527561556103,0.561322708631367,low,0
S0071,2025-03-19,12,mid,5,51.71408926202051,0,4,1,0,0,3.487537074984144,0.0,6.783915740225649,0.3091625635912717,0.9299312969284718,0.3130730101447561,0.3185410454255768,0.0,0.9853614896565256,0.29394298388889795,low,0
S0071,2025-03-20,12,mid,7,58.05107530787928,0,2,3,1,0,4.313524163615535,0.0,11.677520493309864,0.162616706325049,0.9510368557550033,0.23243854101053463,-0.5562206585871077,0.0,0.10984015398002678,0.2879007435748643,low,0
S0071,2025-03-21,12,mid,7,56.79138195412041,0,0,2,1,1,4.345327281053693,0.0,11.567730317701045,0.07506360781020294,0.4697418786760543,0.27643006792838687,-0.36515169832488503,0.0,0.6674175485209695,0.7466037172967283,low,0
S0071,2025-03-22,12,mid,7,50.79028882391879,0,0,2,0,1,3.8079841772026826,0.0,9.47217182049741,0.7984098585352096,0.6539761474567458,0.6845643912438685,-0.5099032714694491,0.0,0.13070150329024033,0.45207844600244695,low,0
S0071,2025-03-23,12,mid,7,37.969237431379504,0,1,3,1,1,3.292254318445555,0.0,8.401399831353181,0.1211935186443972,0.3977164760893086,0.7460268595399104,0.627802190810159,0.0,0.8346258248876448,0.42800364710398475,low,0
S0071,2025-03-24,12,mid,7,30.925692786547337,0,1,4,0,1,5.024269310826177,0.0,8.825302901893888,0.5135812011583978,0.036073756965484316,0.6994641915759,-0.9462329726936476,0.0,0.4865696845626317,0.3952125146300297,low,0
S0071,2025-03-25,12,mid,7,54.74803292576335,0,2,2,0,1,7.824743394567424,0.0,14.156596275374909,0.3162573949019327,0.10244407942519496,0.7212090166893859,0.08666972676083473,0.0,0.501498770228275,0.7359740439930265,low,0
S0071,2025-03-26,13,mid,6,51.56630858394288,0,2,2,1,0,1.4486420322281592,0.0,11.746209050808412,0.02554024005841471,0.7285894816402271,0.9791303576276853,0.45571818902852357,0.0,0.08405248425109946,0.6299956305244225,low,0
S0071,2025-03-27,13,mid,6,48.34392987520773,0,4,4,0,1,8.052256935230265,0.0,8.596435381342692,0.823496568645901,0.41138877163719756,0.39563015399230117,-0.28602482497895143,0.0,0.38837458836331873,0.7583060738616112,low,0
S0071,2025-03-28,13,mid,6,40.502011441435705,0,0,3,0,0,4.429556191915174,0.0,5.5848717819135985,0.735197947814659,0.4537437168474323,0.57207308341188,0.8281269985479154,0.0,0.7130240006387527,0.9968376788866948,low,0
S0071,2025-03-29,13,mid,7,42.80301521437319,0,1,1,0,1,1.9549313067235206,0.0,10.190668264437763,0.18642512859532412,0.1276427920490648,0.1934941470170486,0.8494205986794505,0.0,0.6349021857937447,0.12468577709618689,low,0
S0071,2025-03-30,13,mid,8,39.30998289275631,0,3,1,0,1,3.501272998167743,0.0,8.036433295743088,0.9124409874684131,0.5326597303302464,0.40653663800649453,0.638921961312837,0.0,0.0507818386336234,0.675995275035498,low,0
S0071,2025-03-31,13,mid,6,39.683795808604074,0,1,3,0,1,6.64861052813759,0.0,8.799462610672421,0.6288355031996004,0.4212624247439871,0.4534180019963967,-0.46285534274352114,0.0,0.10847536534489233,0.3025824983660146,low,0
S0072,2025-01-01,1,mid,3,49.18937183905785,0,1,4,1,1,5.335087488994315,0.0,10.14432247928065,0.132991091506644,0.7573687583528224,0.49127986273143387,-0.812470486256452,0.0,0.16898366529877018,0.6942493687065098,low,0
S0072,2025-01-02,1,mid,4,32.753541256810365,0,2,3,1,1,3.485378129372764,0.0,6.0487688518911416,0.34842709438678865,0.8444592357515351,0.3755207603484354,0.24623526663252715,0.0,0.37388451622232166,0.08487902508121326,low,0
S0072,2025-01-03,1,mid,4,34.79393577881618,0,1,3,1,1,0.9923609935675506,0.0,11.195151936977306,0.928745348286248,0.0735702035450796,0.6577773335569521,0.5708678899852537,0.0,0.05124123295330496,0.2343697498078643,low,0
S0072,2025-01-04,1,mid,5,42.52049386236851,0,1,3,0,1,4.421426418776832,0.0,6.507427711357911,0.6242787770749023,0.8156748246643566,0.9050839940286561,0.983714436888866,0.0,0.8452709556711461,0.009501612218231537,low,0
S0072,2025-01-05,1,mid,6,41.8255641428068,0,1,1,1,0,6.240116887349303,0.0,10.088960981277971,0.801778047527908,0.17710935551106155,0.5875975136143412,0.5871234919371897,0.0,0.1449375588051638,0.0819150468457589,low,0
S0072,2025-01-06,1,mid,4,49.387022280992966,0,1,3,0,1,6.021589460431927,0.0,15.942293516270333,0.3432503725709395,0.15906308719253526,0.5130177211035281,0.5967233392290596,0.0,0.7492809888177043,0.9724485973896656,low,0
S0072,2025-01-07,1,mid,7,45.06249942565937,0,0,2,0,1,4.21301203234279,0.0,9.696360246766725,0.31261778859988465,0.39850912397732297,0.05799329985313706,-0.9597181642359105,0.0,0.5998645055189049,0.20583903359313005,low,0
S0072,2025-01-08,2,mid,4,42.81285619270427,0,0,2,0,1,8.222724467624758,0.0,10.612655733790074,0.4140920975963973,0.32879287612758945,0.28494493019247946,0.8351551659297265,0.0,0.9406252290531523,0.5797271728164507,low,0
S0072,2025-01-09,2,mid,3,50.71933900556776,0,0,1,1,1,1.8666368502956536,0.0,10.172592847129806,0.9936345431539256,0.1919705491735093,0.9140243586299739,0.7378229812355404,0.0,0.8103919861501016,0.9370499564642694,low,0
S0072,2025-01-10,2,mid,4,56.21106771390718,0,0,4,0,1,2.9226136983811006,0.0,17.010617233173868,0.48914645478921026,0.45682446924825704,0.265435830614116,0.9117906497585404,0.0,0.8380857754359459,0.3228524239604812,low,0
S0072,2025-01-11,2,mid,4,46.81953614097044,0,1,4,1,0,3.979044875247272,0.0,12.716253728888544,0.4727931997774433,0.3575051355075175,0.9178520856931532,0.04824754015440513,0.0,0.9017952248278925,0.36194303539386274,low,0
S0072,2025-01-12,2,mid,5,31.88571402634098,0,2,1,1,1,6.623516418500997,0.0,12.389834498116418,0.1846967905613205,0.8511095484252114,0.17557248288644944,0.5284873998922734,0.0,0.6024146099905079,0.8564842537728102,low,0
S0072,2025-01-13,2,mid,5,56.61425025873759,0,2,2,1,0,6.2493624595524455,0.0,9.096189584805638,0.03251947311857195,0.9569355800799215,0.3879813895758355,-0.7703802256960397,0.0,0.3011432593715473,0.8081626536996839,low,0
S0072,2025-01-14,2,mid,5,47.06022291698649,0,1,3,1,1,0.894595864116078,0.0,10.440946303030644,0.22200409791507902,0.17409288592953176,0.26117971602248935,-0.923054347476483,0.0,0.31207125043450323,0.38323550671035034,low,0
S0072,2025-01-15,3,mid,5,32.79503191367833,0,2,5,0,0,2.8295191622157927,0.0,11.855217973259887,0.6576594088354332,0.8721776063009873,0.08124429132680555,0.27398825873565547,0.0,0.5376054823643557,0.1755967465765328,low,0
S0072,2025-01-16,3,mid,5,29.02953456613279,0,2,2,1,0,5.991708474856234,0.0,9.111105743611706,0.97529046681632,0.14547629780006976,0.5252083012456222,-0.39647598382205285,0.0,0.3935461497081434,0.4434263381720098,low,0
S0072,2025-01-17,3,mid,2,36.39119153358056,0,0,5,0,1,4.952447946496027,0.0,10.838634765481935,0.37021476260700525,0.7612062317582455,0.890177506465744,0.3248134934898981,0.0,0.3601585236363296,0.4040441256651899,low,0
S0072,2025-01-18,3,mid,4,43.15244373549495,0,1,4,1,0,1.7993773911498199,0.0,11.904835692251632,0.8203718135505744,0.20189231356117088,0.21862173115969863,-0.7263116021655127,0.0,0.7595978842294979,0.5445829080142125,low,0
S0072,2025-01-19,3,mid,5,35.83631699148493,0,2,4,0,0,6.345963335582521,0.0,14.912994873586216,0.13909550465449516,0.24263423260784156,0.9073500826678288,0.6384623310999413,0.0,0.9500227590996576,0.40907497810564786,low,0
S0072,2025-01-20,3,mid,3,40.935268253981675,0,2,5,0,1,6.790950548718728,0.0,11.578127054591397,0.7515381177158327,0.41929677269661203,0.15679519802764386,0.42904281510013975,0.0,0.87840235985629,0.15280691198547813,low,0
S0072,2025-01-21,3,mid,2,47.238986874118545,0,1,1,0,1,5.364550105816589,0.0,3.3462720294742763,0.8067861510516984,0.3379713536475394,0.31095483882474884,-0.977223774763794,0.0,0.6169717266367092,0.7656283938979843,low,0
S0072,2025-01-22,4,mid,4,51.72283698700927,0,1,5,1,1,5.591053972602389,0.0,4.511555011023527,0.9607259953174931,0.12616730997213066,0.43997490518634774,0.5176234896002732,0.0,0.16074082402990209,0.7121039804858267,low,0
S0072,2025-01-23,4,mid,6,31.27917040235246,0,1,5,0,0,4.400134952016337,0.0,7.466504760281279,0.4196609399963295,0.7208684506020409,0.29182668646652676,0.42028652887880336,0.0,0.608558820308475,0.2845236936505853,low,0
S0072,2025-01-24,4,mid,6,46.07668855815974,0,0,1,1,1,6.841092718838819,0.0,7.11196798586565,0.6529964555609479,0.6605672011825515,0.6964952195036037,-0.14131264673907928,0.0,0.937893549905666,0.3661463303218109,low,0
S0072,2025-01-25,4,mid,4,53.19496816300463,0,1,5,0,1,4.213288687280562,0.0,12.075660940228959,0.033722489082466445,0.5970527783715847,0.40102400948981154,0.7416394999280098,0.0,0.10196984008301713,0.5952908357363477,low,0
S0072,2025-01-26,4,mid,5,48.25387717552947,0,0,4,0,0,5.0933818284336025,0.0,9.494158855600912,0.9009266914994969,0.08840885036041102,0.8992582173503294,-0.7644825284061127,0.0,0.9968326867423861,0.5117527451527346,low,0
S0072,2025-01-27,4,mid,4,46.021643580469004,0,0,2,0,0,5.053120978831044,0.0,6.076319428885053,0.33578031517547624,0.08421104368578958,0.20050584463510435,0.0030394213788829116,0.0,0.9076548767466901,0.8606529307861216,low,0
S0072,2025-01-28,4,mid,4,47.467036177985406,0,1,3,0,0,3.5448878723220627,0.0,11.26296063639911,0.0037398705071971516,0.7756934733227662,0.6555010699642655,0.7563066653009196,0.0,0.5776832151838724,0.045572564720625985,low,0
S0072,2025-01-29,5,mid,5,46.99290413417706,0,1,2,1,0,2.5086757283606897,0.0,6.226210420310536,0.2863255329650868,0.6335114380749794,0.09687361624838842,-0.893001291478833,0.0,0.6961251603711603,0.9456102964651122,low,0
S0072,2025-01-30,5,mid,4,53.36077629575551,0,0,1,0,0,7.862080163682128,0.0,8.961404838749173,0.8671860569656131,0.8643207087920657,0.8834119788319601,-0.6993419213121268,0.0,0.4282848536204791,0.6600327245114661,low,0
S0072,2025-01-31,5,mid,4,53.9011755252041,0,4,3,1,1,2.881237560834101,0.0,12.372950288557952,0.19479516165855182,0.1671428334096,0.5967240706788137,0.2712858001111338,0.0,0.07941554219106817,0.746770500982341,low,0
S0072,2025-02-01,5,mid,3,49.65501255837095,0,2,4,1,0,8.127385542948431,0.0,9.330615676614906,0.519394779964959,0.921920058321802,0.6369836276469376,-0.9830069358294315,0.0,0.44745202994854083,0.5519600274298341,low,0
S0072,2025-02-02,5,mid,5,63.33756738408398,0,1,3,0,0,0.9830510036074562,0.0,9.31648133192637,0.02745590360762007,0.793329894987135,0.9031383699536734,0.4671826762522602,0.0,0.27235992762787586,0.8169543972703088,low,0
S0072,2025-02-03,5,mid,6,54.64834463819983,0,0,1,1,1,8.623916838731436,0.0,6.789367884987489,0.15384473953123845,0.2183166232330661,0.3572547802617273,0.9596908655251528,0.0,0.6362256597009956,0.9154955473134619,low,0
S0072,2025-02-04,5,mid,5,56.2610970673331,0,0,3,0,0,4.523451406856622,0.0,7.614766459246247,0.7496543777499215,0.4247728713427622,0.4930354685200631,0.6469189129957171,0.0,0.6155213304263079,0.6680803887160641,low,0
S0072,2025-02-05,6,mid,4,38.46277098132651,0,1,5,1,1,0.9337104824738338,0.0,10.71065786247982,0.3146947754400188,0.04202546873571811,0.2884381209815131,-0.14424261395651938,0.0,0.7005530033701939,0.2790658992843461,low,0
S0072,2025-02-06,6,mid,6,61.71268324836369,0,1,5,1,1,7.315963707364092,0.0,12.797059674989764,0.30229497099205727,0.8135175741134031,0.8929904308417481,0.9110632977474395,0.0,0.638547340670453,0.34817522435853976,low,0
S0072,2025-02-07,6,mid,6,24.963710110978692,0,2,1,0,1,4.867552290703852,0.0,12.362571185300158,0.3577862938331323,0.7332623245392216,0.3469232268313477,0.7360655450166922,0.0,0.6756778987192272,0.04396408201386126,low,0
S0072,2025-02-08,6,mid,6,47.370934900713344,0,1,2,1,0,3.072384106250082,0.0,8.257549085240488,0.9193168088260067,0.8826284774858462,0.05316490145714292,-0.5846987509916857,0.0,0.8125679430768765,0.2671969746567773,low,0
S0072,2025-02-09,6,mid,4,45.98607844660593,0,1,3,0,1,6.4085671568356615,0.0,10.24023647337149,0.3558852114108245,0.9905430336054596,0.7056070003660823,0.3441457777135335,0.0,0.029367768496197266,0.01030255688631343,low,0
S0072,2025-02-10,6,mid,5,59.60781789324318,0,1,5,1,0,8.086582628967275,0.0,6.798982198328341,0.687264912402495,0.41646489335705417,0.7294578762337766,-0.1514281286759689,0.0,0.9027568827206027,0.3163647414766563,low,0
S0072,2025-02-11,6,mid,4,47.21192459140383,0,1,3,1,0,4.650514478186057,0.0,3.9950030537313337,0.8433107475209368,0.4871380681716351,0.20830800729955445,-0.8617459947155623,0.0,0.3495672018069401,0.1572812049620249,low,0
S0072,2025-02-12,7,mid,4,55.55229450755087,0,0,4,1,1,4.714486283692469,0.0,7.751640215997201,0.5772533619975613,0.3141610673798151,0.25567829188817626,-0.41958565091629385,0.0,0.28261075628397203,0.3793951164018652,low,0
S0072,2025-02-13,7,mid,5,50.22462294213351,0,3,3,0,1,3.5359965598011556,0.0,11.318419148584972,0.4120450011263167,0.35422609754223344,0.2195262767962609,0.057680362072527025,0.0,0.3630707592490485,0.7595327229651826,low,0
S0072,2025-02-14,7,mid,4,67.32650251926955,0,1,5,1,1,3.742430378769024,0.0,10.215363895025384,0.6737614183400845,0.013521994707075602,0.5278305623990139,-0.46897958162501574,0.0,0.31305084292258534,0.7384024818987723,low,0
S0072,2025-02-15,7,mid,4,48.30321362250453,0,1,4,1,0,5.566681701160559,0.0,8.51504941692423,0.7116893705834897,0.11575670177783048,0.043589300758734906,0.9656005021400924,0.0,0.7462416228109997,0.6057759357094842,low,0
S0072,2025-02-16,7,mid,3,35.64635403921589,0,0,4,0,0,5.350453295670183,0.0,11.791139874572877,0.45145859265289556,0.8972927768693436,0.6140559561934428,0.42850760652056996,0.0,0.6266675649977609,0.16943904893764183,low,0
S0072,2025-02-17,7,mid,5,35.843693446557424,0,4,4,1,0,8.33884884732349,0.0,10.776944559318027,0.16998561571517756,0.1886893765724882,0.9446705153519368,0.6797181440964581,0.0,0.8185203895645202,0.4831072007638485,low,0
S0072,2025-02-18,7,mid,6,55.69844330730437,0,0,3,0,1,4.991894296823943,0.0,4.284674999381439,0.49690511227507583,0.13126280086139686,0.3724114039984425,-0.7614386138458624,0.0,0.05708957563560668,0.05564572070586293,low,0
S0072,2025-02-19,8,mid,6,40.3135448705293,0,2,3,0,1,3.917602642161835,0.0,15.568156260256805,0.5002120810525622,0.9754816977968439,0.40462187116969384,0.19026265178258095,0.0,0.9986117573152774,0.6863689501630428,low,0
S0072,2025-02-20,8,mid,2,46.669065092703384,0,1,2,1,0,7.362730237352693,0.0,10.420860848547077,0.01543179635631764,0.7970715780623774,0.7044441657022007,0.95419638090557,0.0,0.11466898683119908,0.6426515995303411,low,0
S0072,2025-02-21,8,mid,4,44.54386723119824,0,2,3,1,1,9.13038842936767,0.0,15.489982085724435,0.20032969882540486,0.0460702153426753,0.7720979911266154,0.052103817682646936,0.0,0.313253220496446,0.05275962585503424,low,0
S0072,2025-02-22,8,mid,4,35.866104003638455,0,1,4,0,1,4.4378297025814835,0.0,13.68471050549433,0.11234877717353786,0.7635135583954644,0.8671671461309999,0.17581637785608728,0.0,0.22041712167780347,0.7667932111937162,low,0
S0072,2025-02-23,8,mid,4,41.35415426877077,0,1,2,0,1,4.333741828013244,0.0,3.57627422031036,0.14510811981605487,0.09738129449191524,0.41053525645049527,0.8468010424213783,0.0,0.8629064403749972,0.6782754899703803,low,0
S0072,2025-02-24,8,mid,5,49.28038918645411,0,2,4,0,1,2.1039646839675745,0.0,12.04062230015065,0.2746426945085406,0.11106052088432927,0.42732320960456804,-0.8772576502526215,0.0,0.683693729662729,0.24536643894299714,low,0
S0072,2025-02-25,8,mid,5,48.90990172883689,0,2,4,1,1,5.955346293284568,0.0,7.667188562415465,0.9239354304635924,0.5676219365402835,0.5345044590577248,0.14225666624504418,0.0,0.8795364287478971,0.8000456726448819,low,0
S0072,2025-02-26,9,mid,4,46.11391485669128,0,2,4,1,1,8.313308941292261,0.0,6.370368973436808,0.21829769637194685,0.13218552023855,0.6382912427660935,0.6535037137770461,0.0,0.1543038454507627,0.9042469019327719,low,0
S0072,2025-02-27,9,mid,5,56.56161538367843,0,0,2,1,1,7.34691790137002,0.0,7.36573114136368,0.17004450806281612,0.6214158968841088,0.07492310627407328,-0.8452819960742988,0.0,0.6946906642162921,0.9925982960891064,low,0
S0072,2025-02-28,9,mid,6,29.537589975647222,0,1,5,1,1,3.4355885082383226,0.0,11.37074541922633,0.7889579129392276,0.8896728746782523,0.24110816799352042,-0.47933812255716357,0.0,0.12310558764284318,0.5408778413207438,low,0
S0072,2025-03-01,9,mid,5,33.88888867036473,0,2,4,0,0,2.4325588758274996,0.0,13.319248044221306,0.18605413554234662,0.6237884816758696,0.915221562682926,-0.498996002643038,0.0,0.806348453924677,0.08848651400940422,low,0
S0072,2025-03-02,9,mid,6,35.901276913645866,0,1,3,0,1,7.745707811294416,0.0,4.376797593540103,0.003822889728368195,0.7356206986834856,0.8439675305921484,-0.9078265462972908,0.0,0.399458520992119,0.8487562919391525,low,0
S0072,2025-03-03,9,mid,4,70.1235491090944,0,0,5,1,0,7.316172124986366,0.0,8.75107662582167,0.04837575025885499,0.8369408136912022,0.6198115762977354,-0.8396149610511068,0.0,0.9584424391542835,0.8724993382085211,low,0
S0072,2025-03-04,9,mid,3,59.49765173171094,0,1,5,0,1,3.5557482172527415,0.0,9.98193934976165,0.7456872412561426,0.3928228016309172,0.5272154865339204,0.42561324061335304,0.0,0.2520694767270909,0.2883275412957109,low,0
S0072,2025-03-05,10,mid,6,37.51378475080772,0,1,3,1,1,8.677113613490256,0.0,8.517696040712236,0.5248882784666314,0.915356536612623,0.5111509107496501,-0.5849511403592449,0.0,0.8316395233224474,0.7788125716570928,low,0
S0072,2025-03-06,10,mid,5,38.12197430589795,0,0,5,0,0,6.003221952095816,0.0,6.6825609544140345,0.8762138382054925,0.0893070030963885,0.25669092766923496,0.20842289347929843,0.0,0.11498896659511837,0.9054497595558791,low,0
S0072,2025-03-07,10,mid,6,62.331672685929384,0,0,3,1,0,3.4402121800991403,0.0,12.124466183651089,0.35203856530064537,0.43075677484763264,0.12423418251739216,-0.49318035259873305,0.0,0.7266272319470544,0.7823837568056048,low,0
S0072,2025-03-08,10,mid,4,35.01590199153264,0,1,5,1,0,5.874822202395335,0.0,9.15939802423528,0.6736306350683607,0.512472234221844,0.10725463322796813,-0.7093749313953324,0.0,0.22383083820691174,0.2185415549000801,low,0
S0072,2025-03-09,10,mid,3,41.31024667431783,0,0,2,1,1,8.620173017165257,0.0,8.8067655132563,0.821466621932688,0.5760001664915689,0.8689472234424053,0.27741340489693056,0.0,0.8027353393413006,0.6896084609374223,low,0
S0072,2025-03-10,10,mid,5,52.311288900810936,0,1,4,0,0,6.907632549141636,0.0,15.190240823020911,0.5905541022916427,0.2118656632632332,0.018352171561070163,-0.6154694486169743,0.0,0.3190491806400074,0.4002660279873095,low,0
S0072,2025-03-11,10,mid,3,51.53828769466593,0,0,5,0,0,7.750677275624874,0.0,6.286991813814541,0.8641984204034507,0.3414287174988557,0.474527611785863,0.06337246348147607,0.0,0.02927233857140754,0.8283799830464046,low,0
S0072,2025-03-12,11,mid,4,51.2820772568069,0,1,5,0,0,3.0580302596422477,0.0,8.677535657519439,0.1049371186818463,0.7556462253423203,0.06007460199690173,0.1652301937600773,0.0,0.028920522970564577,0.4608950998441935,low,0
S0072,2025-03-13,11,mid,5,35.88271295233386,0,0,3,0,0,5.778328174632108,0.0,11.401327817270136,0.8627446196707571,0.4863415128747841,0.820245122764388,-0.6919728557526013,0.0,0.5766735901519375,0.5517386206652823,low,0
S0072,2025-03-14,11,mid,4,50.5061869559365,0,4,1,1,1,6.002552791777655,0.0,8.75901950782183,0.14193364837322275,0.017131087691191205,0.8470274102430464,0.9197507031217458,0.0,0.032211242417314434,0.8444225494791382,low,0
S0072,2025-03-15,11,mid,6,55.682958513375624,0,1,4,1,0,0.0,0.0,10.86602397932637,0.7417156868704904,0.49208140924993193,0.797664013925819,-0.09405736854695967,0.0,0.04177881845769116,0.8592225588868548,low,0
S0072,2025-03-16,11,mid,4,50.400796628340075,0,0,4,0,1,2.3702334070849087,0.0,9.466624808540544,0.1853381844270855,0.2448663540710837,0.709197901607497,-0.3453335129556456,0.0,0.5800077666868754,0.2397541134073946,low,0
S0072,2025-03-17,11,mid,5,52.87164210576954,0,2,2,0,0,4.345452047019286,0.0,9.887576535170433,0.8381344881140887,0.20683446160281838,0.9198882980166995,-0.28460402868311263,0.0,0.835875521117302,0.3896193973205748,low,0
S0072,2025-03-18,11,mid,5,32.92662994443939,0,0,1,1,0,4.641213785127258,0.0,9.577302191438765,0.41952940916783565,0.4766099025132893,0.3507111864709811,-0.21377691990581327,0.0,0.6103059667632686,0.5472049732656175,low,0
S0072,2025-03-19,12,mid,4,16.081141018359265,0,3,1,1,1,3.4936417440942593,0.0,13.300343337896837,0.9726101467173923,0.4753745246104849,0.9282933763309079,0.5195775345894629,0.0,0.21150951087137904,0.22069735439038662,low,0
S0072,2025-03-20,12,mid,3,30.31995420932313,0,0,4,0,1,4.861859883590507,0.0,13.929480111651985,0.5920331331010273,0.5364509205885921,0.9446821254579476,-0.16405194834410697,0.0,0.38876393320176994,0.6148969791589161,low,0
S0072,2025-03-21,12,mid,6,29.192578043285422,0,4,1,0,0,6.209584673035233,0.0,7.697339091120037,0.9685446666578215,0.15262976171733988,0.2722463848362976,0.7100424883626122,0.0,0.3052610238163401,0.4412608123067624,low,0
S0072,2025-03-22,12,mid,4,48.70669520151168,0,1,2,0,0,7.957796058724299,0.0,9.67480800956826,0.18231949703344108,0.8408530322880148,0.1763486912534029,0.9872858654942982,0.0,0.1077997947791357,0.3816327133819941,low,0
S0072,2025-03-23,12,mid,6,53.56922037151867,0,0,5,0,1,4.666970484795073,0.0,8.281598098515953,0.8213119089371326,0.34990688777494283,0.5459257818690535,-0.7310169869709886,0.0,0.8568639674077421,0.9311603650024071,low,0
S0072,2025-03-24,12,mid,4,30.748515485592826,0,0,3,0,0,5.520460014499732,0.0,10.583089209538985,0.8192026396725572,0.2970606356002341,0.7619830500572796,0.7165431350654876,0.0,0.8454923001623919,0.45463842659827003,low,0
S0072,2025-03-25,12,mid,5,46.93249265632082,0,1,1,1,0,1.4065828581428312,0.0,12.927918152371028,0.3242421312564572,0.9244946776898918,0.665150822074393,-0.08284221115155899,0.0,0.6659498928417525,0.1209141961162905,low,0
S0072,2025-03-26,13,mid,5,51.88408547992704,0,0,1,0,0,6.304741373711769,0.0,7.923492974443885,0.806901890176028,0.30638130432878463,0.5001533529814753,-0.16960155690711542,0.0,0.25043804150162663,0.5154567019217818,low,0
S0072,2025-03-27,13,mid,4,44.50318589415676,0,1,5,1,1,6.497793893910344,0.0,10.585047059286138,0.5418697552342437,0.3603992055702878,0.17474105894293035,0.6211642490010498,0.0,0.3310067161504556,0.5164006751529294,low,0
S0072,2025-03-28,13,mid,6,45.63165405829619,0,1,3,0,0,7.14901334223706,0.0,12.76820687101316,0.5750427213485337,0.1713419709432753,0.5340165161206164,0.5534549497819619,0.0,0.7084853359259303,0.6418013431497188,low,0
S0072,2025-03-29,13,mid,5,38.44062164416108,0,0,2,1,1,4.762473921673539,0.0,9.341231689390511,0.5545174745413517,0.44211985204290105,0.3633266680667273,-0.5786477789475901,0.0,0.6194515836914738,0.5757553646008262,low,0
S0072,2025-03-30,13,mid,6,51.14032409677053,0,2,4,1,0,5.853043762423686,0.0,11.520866388699654,0.6660676134604911,0.7062465682266373,0.6915242139665309,0.05982686646699009,0.0,0.03265586991819924,0.5795616572786374,low,0
S0072,2025-03-31,13,mid,3,37.77585704402784,0,2,5,0,0,0.4026538312457735,0.0,10.011047417599563,0.596639321332184,0.8561706295972878,0.3920417812430814,0.8534597086645812,0.0,0.26848669293088145,0.7779211285253055,low,0
S0073,2025-01-01,1,mid,3,43.9612410317881,0,1,5,1,0,3.4909759841577195,0.0,10.206846587255871,0.3696598070919047,0.4516478889445026,0.2483249019977518,0.9562475234386738,0.0,0.34482998402518084,0.14470236736806286,low,0
S0073,2025-01-02,1,mid,2,52.01120749415343,0,2,3,1,0,4.790053773191233,0.0,10.33775983596236,0.003289054070422348,0.8984835031601308,0.30712029939300434,-0.2739615494565475,0.0,0.470320738851845,0.3176453247222377,low,0
S0073,2025-01-03,1,mid,1,61.01595758931552,0,1,4,0,1,3.8021975151694334,0.0,12.78558248986511,0.16721488670560025,0.2374113483644592,0.8109395170190362,0.0941199618385482,0.0,0.5364636319092423,0.5767618399194627,low,0
S0073,2025-01-04,1,mid,4,44.76104070956603,0,1,3,1,0,5.370071885109519,0.0,12.388795309015823,0.5656149995474619,0.561175361457233,0.039916424038854426,0.8988363772949888,0.0,0.7641168601891718,0.7157701664823355,low,0
S0073,2025-01-05,1,mid,3,63.41502822071389,0,2,3,0,1,1.7928659031063217,0.0,6.489413122958321,0.12376930676859987,0.449090769846182,0.2130360460303321,-0.7975895298779834,0.0,0.32192557387907084,0.674256971031873,low,0
S0073,2025-01-06,1,mid,3,44.080857392719174,0,0,3,0,1,3.6941752410534994,0.0,10.933420455035128,0.3225989737395071,0.5854252215706077,0.5754121287816095,-0.9798831666046726,0.0,0.25997842990134945,0.7362935766538841,low,0
S0073,2025-01-07,1,mid,3,47.930011312157426,0,3,1,1,0,6.361812223143467,0.0,10.0107584451672,0.37540110780610236,0.0729022685353039,0.737193457177994,0.8444492641246075,0.0,0.36320505898476607,0.45706969246503115,low,0
S0073,2025-01-08,2,mid,2,48.73200996093925,0,2,2,0,1,4.056453530264001,0.0,13.645269556538349,0.7540940837288383,0.7122503358616868,0.33247747164130526,0.484573070095792,0.0,0.6396298262875262,0.3120149432496572,low,0
S0073,2025-01-09,2,mid,0,63.98221901162551,0,0,3,1,1,4.836732321824582,0.0,10.122440673210948,0.2133253382947281,0.32457191789047046,0.05590430617267439,0.6547703109725107,0.0,0.07661814749628526,0.20539388672143188,low,0
S0073,2025-01-10,2,mid,1,32.69153420289025,0,0,5,1,1,3.928678128795033,0.0,12.411127517501184,0.2385596834620608,0.7908698318558623,0.05572513489675046,-0.847669249525598,0.0,0.8129903688176431,0.41887330883503904,low,0
S0073,2025-01-11,2,mid,3,49.91215117939112,0,2,3,0,1,8.63828412998851,0.0,9.439995506552885,0.9873623024921873,0.04391175293790628,0.7967704075975909,-0.7442685676701872,0.0,0.9435333880128978,0.7699605860045848,low,0
S0073,2025-01-12,2,mid,3,20.043879255449557,0,4,2,1,0,3.1022897630865733,0.0,4.4282061542505975,0.2953377192591774,0.7956548729759009,0.533526169825552,-0.08976740221741153,0.0,0.4563604093272676,0.8144365004785833,low,0
S0073,2025-01-13,2,mid,2,33.81287614978253,0,2,5,0,1,4.6251966549921315,0.0,8.389064059457287,0.7937318289226333,0.49282278687990655,0.6943714840478121,0.2810380130460439,0.0,0.9433456023576726,0.8581649635484958,low,0
S0073,2025-01-14,2,mid,2,23.430471988723156,0,1,5,0,0,4.542978493211029,0.0,4.533951327144573,0.1156588422982231,0.6757914735512003,0.870238452430785,-0.14582433123550875,0.0,0.8732491066014465,0.15098283281685543,low,0
S0073,2025-01-15,3,mid,4,57.91039609734124,0,2,5,1,1,4.747495137950384,0.0,9.681364675850295,0.038223211489080255,0.09044093058968505,0.04876565309561931,0.0962161295050008,0.0,0.0571542554388238,0.9961903159578765,low,0
S0073,2025-01-16,3,mid,3,45.04088654508369,0,1,4,1,1,4.9744991145670365,0.0,6.011190592585397,0.3755624231816842,0.6578325668945183,0.3491077196080544,-0.8857052813975455,0.0,0.3792216559443212,0.8844673433883864,low,0
S0073,2025-01-17,3,mid,2,60.178789042446674,0,0,3,0,0,5.402594717996275,0.0,7.658145374958364,0.9000728555443434,0.6517186546339735,0.9154819525994968,0.2270957619877334,0.0,0.7517998245394587,0.8926127922054148,low,0
S0073,2025-01-18,3,mid,1,43.69658114126977,0,0,2,1,0,3.693249078599757,0.0,12.610831329147185,0.6024601941782392,0.3785228273601593,0.2638202989167673,0.014841641721906607,0.0,0.37447532028520003,0.3932487000703698,low,0
S0073,2025-01-19,3,mid,2,43.35326947221059,0,0,4,1,1,4.422855331912916,0.0,12.448406653176878,0.8058784698427971,0.4784687315878611,0.3222705381988503,0.13312629135812104,0.0,0.533974847081352,0.9847790979965116,low,0
S0073,2025-01-20,3,mid,4,32.06188221176683,0,2,4,0,0,4.815628608350511,0.0,8.907859392601372,0.2832651005331359,0.5461034227493706,0.7709711928402934,-0.7388235336197984,0.0,0.47516699986716193,0.1303272318026767,low,0
S0073,2025-01-21,3,mid,3,51.48629395199784,0,0,2,1,0,6.849624079244077,0.0,8.448329337852186,0.3154815372501092,0.511454433854946,0.03171424517333987,0.8808370901077547,0.0,0.7347449955744011,0.865364631823345,low,0
S0073,2025-01-22,4,mid,2,45.95837342739322,0,1,3,1,1,4.53444848255035,0.0,9.811183963594786,0.6668389078162906,0.5551706170398961,0.10102624727738785,0.6497666154658097,0.0,0.8226746049317706,0.11857036963607026,low,0
S0073,2025-01-23,4,mid,2,37.271200412482195,0,2,2,0,0,6.366610456115047,0.0,7.195732353639428,0.23485864657458455,0.01398481648500527,0.5236914245635135,-0.40400785408357454,0.0,0.6289666706474499,0.7460652492579205,low,0
S0073,2025-01-24,4,mid,2,72.96475068698038,0,0,4,1,0,2.5177062627650355,0.0,8.92705266300604,0.2546399784869722,0.2732500432320283,0.40579724480473134,0.0016806038397749745,0.0,0.9902934082396035,0.5450084222229967,low,0
S0073,2025-01-25,4,mid,5,39.88572140603942,0,4,2,1,0,3.003582834070458,0.0,11.967886391617057,0.21430305860440357,0.09520313287375759,0.5332948935886275,0.453529550114423,0.0,0.6976505213477601,0.7427972145955795,low,0
S0073,2025-01-26,4,mid,3,33.0573220603147,0,0,5,0,0,7.004840670903416,0.0,10.567733898898291,0.3154586220617245,0.042493670081783064,0.43636127289100246,-0.6002259478894232,0.0,0.7780494922948695,0.8047766064050514,low,0
S0073,2025-01-27,4,mid,2,59.8450367660026,0,2,4,1,0,5.053575155854857,0.0,12.195580834683266,0.9882757732946059,0.2974303949237769,0.426885618090862,-0.6513380750968991,0.0,0.4641076358545334,0.18502666420284652,low,0
S0073,2025-01-28,4,mid,3,42.48880316263512,0,1,4,1,1,5.567856080065598,0.0,7.361990071714786,0.420893446542966,0.2505611601147987,0.8914172256229496,-0.04492329060617073,0.0,0.9878533563267311,0.6351182054108578,low,0
S0073,2025-01-29,5,mid,1,34.645305311482716,0,1,1,1,0,3.6261630117599406,0.0,10.975331098397447,0.13513583548610697,0.8719286169042976,0.21019448703864618,0.24486571216393838,0.0,0.3967591261036528,0.1367252118316099,low,0
S0073,2025-01-30,5,mid,1,26.89090471623193,0,1,2,1,0,5.555784312094479,0.0,10.305706119590768,0.5340137331297253,0.5981130229142746,0.1885471615364921,0.556011082810536,0.0,0.5216348902968833,0.48677956746344075,low,0
S0073,2025-01-31,5,mid,2,32.21444403112468,0,1,3,0,0,3.4101382422734217,0.0,11.855557346034118,0.4067314759482906,0.5075939269469486,0.3729350873725601,-0.07072787797989566,0.0,0.7987487285066691,0.22919879796784792,low,0
S0073,2025-02-01,5,mid,3,24.76051559176598,0,1,3,1,0,6.331673115038832,0.0,10.217419967696815,0.3191096873859244,0.884185665649231,0.14607189771793394,0.4823075160811201,0.0,0.41613955500271327,0.012940236883241973,low,0
S0073,2025-02-02,5,mid,2,29.18372273457488,0,1,4,0,0,4.584849984170745,0.0,6.665867599893131,0.2567054394202196,0.21790309254590357,0.519524714557785,-0.7131209518371904,0.0,0.015415174112398233,0.16213555787556821,low,0
S0073,2025-02-03,5,mid,3,55.83984381334876,0,0,2,0,0,4.828666117108306,0.0,9.018111229853655,0.09666472474282628,0.39159904857275196,0.9680215103202748,-0.08998412259910737,0.0,0.6136980017736067,0.40844251527078423,low,0
S0073,2025-02-04,5,mid,3,29.254085546643445,0,2,2,1,1,4.184239500525023,0.0,11.066989914954027,0.24040725350959935,0.5532814828754703,0.12190965384552699,-0.3268865116229409,0.0,0.5147144605143262,0.7914619912478881,low,0
S0073,2025-02-05,6,mid,3,37.41871563277277,0,1,5,0,0,6.792635821672781,0.0,11.432243288867323,0.6549074241446999,0.12353444514990952,0.5416210727247026,0.2672582481539716,0.0,0.2612164483634616,0.6308998449577774,low,0
S0073,2025-02-06,6,mid,2,45.51350025051393,0,2,5,1,1,4.508437867242396,0.0,8.424920324290724,0.2591914661297101,0.9576748943994484,0.14058333139613466,-0.3800089221957075,0.0,0.0796724172031732,0.6719818192928607,low,0
S0073,2025-02-07,6,mid,1,48.79210219865395,0,0,4,0,0,3.6270157378966235,0.0,11.647401115555645,0.20935139162070782,0.134062257137334,0.5623672862533405,-0.021326626321715336,0.0,0.0061513239938939535,0.369632328286149,low,0
S0073,2025-02-08,6,mid,3,36.767938412768245,0,1,3,0,0,9.573726018882308,0.0,9.285185560027696,0.30135565247535734,0.9374033461728274,0.28147806847979673,0.8275513532806391,0.0,0.8136815796062625,0.9062463696499719,low,0
S0073,2025-02-09,6,mid,2,38.432866452697915,0,4,1,0,0,4.610824630818548,0.0,12.130326369393874,0.9884386833767566,0.4655065247208302,0.6204631609394446,-0.9907287501192577,0.0,0.18699215918553858,0.35571057317740806,low,0
S0073,2025-02-10,6,mid,4,35.56294274512844,0,1,1,0,1,5.633108901580092,0.0,6.44563575995033,0.08545669751442464,0.8784114811079254,0.5030985344869509,-0.2263279492924306,0.0,0.013232168619078277,0.11298812206371767,low,0
S0073,2025-02-11,6,mid,3,53.813307590358406,0,0,2,1,1,5.91277326039946,0.0,11.945508402888706,0.6105924990513784,0.3561520791831104,0.5528857901499734,-0.8981322625376185,0.0,0.8660901475326831,0.6919990242775732,low,0
S0073,2025-02-12,7,mid,2,45.611255536367935,0,0,5,0,0,7.418515072267316,0.0,9.153231975704886,0.8869459204539004,0.3827395746260738,0.9453011350356297,0.8561700913868051,0.0,0.4105745691264363,0.8680699850851213,low,0
S0073,2025-02-13,7,mid,3,34.89886052082511,0,1,4,1,1,10.1926789640113,0.0,14.354720699061426,0.38472608590346613,0.46707219557551194,0.4548816453083112,-0.08491627386108336,0.0,0.2662619694023286,0.16949554775503972,low,0
S0073,2025-02-14,7,mid,2,21.986846235010074,0,3,5,1,1,4.65767374158778,0.0,6.012476021439476,0.3482991640202755,0.5477942922263215,0.2921292812749955,-0.2906617825196711,0.0,0.8322646993903002,0.7774893964364656,low,0
S0073,2025-02-15,7,mid,2,43.02789428949291,0,0,5,0,1,7.460889942750244,0.0,9.172394084434364,0.6421237327288196,0.6792430272575759,0.9403642455473787,-0.18207852524390034,0.0,0.9980099506640141,0.38204446513386825,low,0
S0073,2025-02-16,7,mid,3,39.95015550702092,0,1,5,1,1,4.445034165327611,0.0,8.624959262802848,0.11802260922094554,0.8857571722154993,0.23914066208588114,0.5013373662338498,0.0,0.07133491591505237,0.7750481211595222,low,0
S0073,2025-02-17,7,mid,4,56.1257962126841,0,1,4,1,1,1.9113796246497423,0.0,6.888115662706394,0.021136301181679973,0.08566517206716606,0.42042479258950416,0.7615268579534897,0.0,0.9617409228756019,0.7434256680759612,low,0
S0073,2025-02-18,7,mid,2,48.67600954981927,0,1,1,0,1,9.690249220217794,0.0,8.687978435345428,0.129802235733956,0.7233265297930959,0.24500897217861484,-0.7693014025300422,0.0,0.09798591354479058,0.31966944589134805,low,0
S0073,2025-02-19,8,mid,3,26.930056706825233,0,1,4,1,0,6.02445194365083,0.0,7.728298220173279,0.7982986342807405,0.5925750710540961,0.5709491201931418,0.2537520361572352,0.0,0.8012186608280863,0.842814402221631,low,0
S0073,2025-02-20,8,mid,2,27.127614221685246,0,1,4,0,0,7.190939474080462,0.0,11.604204769121921,0.26960594532979887,0.23395317963545237,0.8274444955585837,0.6514266774470332,0.0,0.24882794475755876,0.44027034114133623,low,0
S0073,2025-02-21,8,mid,3,15.749434323699226,0,2,1,1,0,5.45145736428361,0.0,11.309574520244773,0.07440427416487028,0.2975455104362983,0.6470401046631059,-0.5817588912776597,0.0,0.1050865031068886,0.5503204747053262,low,0
S0073,2025-02-22,8,mid,3,39.916381739019535,0,4,5,0,0,3.8100595933858328,0.0,7.355543176125361,0.6880815194801173,0.9219741038533963,0.11897072471687631,0.27850963487720004,0.0,0.37688782340380655,0.32169630697516627,low,0
S0073,2025-02-23,8,mid,2,24.58844595677402,0,0,4,1,0,3.985899302918315,0.0,11.775535929911005,0.6579820891989734,0.8191383112360617,0.7401654123700131,0.39579446506072524,0.0,0.9441812678661624,0.7456473055837592,high,1
S0073,2025-02-24,8,mid,4,44.67709535052776,0,1,2,1,1,5.634782799480048,0.0,15.62770014436374,0.8854597209985071,0.7217161867872962,0.580615498164396,0.40776602290876274,0.0,0.343852255149128,0.9995047581819148,low,0
S0073,2025-02-25,8,mid,0,20.341125999689407,0,1,3,1,0,7.738510324616707,0.0,14.670201437061209,0.8517840550778633,0.6977468817267841,0.6408683115360672,-0.5358129550165587,0.0,0.740130586074366,0.8553783201914922,low,0
S0073,2025-02-26,9,mid,4,22.19707395912174,0,1,2,1,1,4.767764481632494,0.0,8.936784862670466,0.2297342761994725,0.4849072505199039,0.9242152387050715,0.9124913364653191,0.0,0.28601144596635864,0.9094957794545775,low,0
S0073,2025-02-27,9,mid,2,54.03666800080989,0,1,2,0,0,8.47808900747566,0.0,9.07662069878656,0.5092289821254644,0.9149539478970508,0.2568257556810636,-0.3478707997956514,0.0,0.7775457765245558,0.783388016282275,low,0
S0073,2025-02-28,9,mid,3,47.194565746875945,0,1,1,1,1,7.262831803551377,0.0,10.96649082025648,0.6334851321101016,0.47258180590483856,0.06362896983805943,-0.5046838449674762,0.0,0.8450154341181491,0.39621064088751534,low,0
S0073,2025-03-01,9,mid,2,49.57821582068771,0,2,5,0,1,7.0363952868639,0.0,12.076363557046967,0.8202573381828248,0.07372345155981674,0.9422654291482448,0.23693353762083058,0.0,0.08834807395763344,0.08488794037809522,low,0
S0073,2025-03-02,9,mid,1,45.62693246291257,0,0,5,1,1,4.064529121983842,0.0,7.593262538366679,0.7834611695904037,0.7604629025657338,0.6638685174547156,-0.8135812790044779,0.0,0.6448292676858698,0.6103329514624314,low,0
S0073,2025-03-03,9,mid,4,48.98869535825745,0,0,2,0,1,5.550296336622518,0.0,8.777776756099936,0.07836559442556401,0.36333745288917474,0.8984649052025319,0.7948489260050369,0.0,0.3582074411468932,0.6049191165436703,low,0
S0073,2025-03-04,9,mid,2,54.956115174550206,0,0,3,0,0,2.3150249968207572,0.0,12.862366100577624,0.13920896803602523,0.056239533797186936,0.6027551207215955,-0.8458178775894021,0.0,0.7987998281033183,0.3571819490887489,low,0
S0073,2025-03-05,10,mid,3,30.219126929336397,0,2,3,0,1,5.7079066366296125,0.0,12.095216767061517,0.7623497032721165,0.7866994596965927,0.015154814124590299,0.6765800737276675,0.0,0.6793733431852209,0.9473833650026893,low,0
S0073,2025-03-06,10,mid,2,50.255420839998145,0,0,1,1,0,6.568760553322136,0.0,11.436294293928814,0.5567070474559145,0.2839589120889665,0.8570655587838276,-0.13321605426917205,0.0,0.4346111446559431,0.49248303517882364,low,0
S0073,2025-03-07,10,mid,3,42.197362885574215,0,1,1,0,0,5.093907772805234,0.0,7.290187546078714,0.5309815988097547,0.46013979420702966,0.45097657323877705,0.16089670746379947,0.0,0.662155847137109,0.963782101978582,low,0
S0073,2025-03-08,10,mid,1,48.25358457003252,0,1,3,1,0,5.324823844947409,0.0,11.491434445818914,0.01462141661239258,0.4425713108066901,0.9327546727354352,0.7793997093328893,0.0,0.8937753777902685,0.2938521304602517,low,0
S0073,2025-03-09,10,mid,3,54.795162312043395,0,2,5,1,1,6.714610151539441,0.0,6.2854944648410545,0.5569207536242601,0.8213541443339901,0.03809435792219629,-0.18060905484878798,0.0,0.34260301488831035,0.6528635984533756,low,0
S0073,2025-03-10,10,mid,1,30.99650743627241,0,1,2,0,0,3.617967428293203,0.0,10.997002099615809,0.0523933296936836,0.16611083674828375,0.2702986939216171,0.2324682243048366,0.0,0.080337156869981,0.18304072715926234,low,0
S0073,2025-03-11,10,mid,3,34.40664597595732,0,0,1,1,0,4.611964549439134,0.0,5.645651153233209,0.9501068937282776,0.2020152490008884,0.24457610769187277,-0.043629225060000554,0.0,0.10504012772772509,0.08012143262347904,low,0
S0073,2025-03-12,11,mid,2,40.63560466372644,0,1,1,1,1,6.721200091490909,0.0,10.595860145906617,0.3452140476153107,0.2683906590412295,0.5742387779852903,-0.5059920299135905,0.0,0.06652444291090132,0.05875080271821842,low,0
S0073,2025-03-13,11,mid,2,49.76394655779788,0,0,3,0,0,5.652695518094137,0.0,5.889913700950448,0.33213798181011744,0.30418649453767455,0.4103099999348345,0.6622352660672879,0.0,0.8410116910607067,0.6658676488522592,low,0
S0073,2025-03-14,11,mid,2,45.43654513234784,0,3,4,0,1,5.089718693293498,0.0,9.161254214236681,0.3195168049170404,0.5305465425136463,0.21997720225283013,0.411495714685399,0.0,0.33135864359735745,0.6420914411621584,low,0
S0073,2025-03-15,11,mid,2,30.00245730574253,0,1,4,0,0,3.0377618985330614,0.0,7.337524206658436,0.90472539691333,0.18913508134398727,0.8736917122010702,-0.844379701966854,0.0,0.8395491014279396,0.5416480205819583,low,0
S0073,2025-03-16,11,mid,2,46.44889676535862,0,1,5,1,0,2.3682153750821096,0.0,15.456143688332928,0.07691459571949533,0.60945347860268,0.27236594214561805,0.15230221442082437,0.0,0.946988784841396,0.7859872013175898,low,0
S0073,2025-03-17,11,mid,4,57.98063840162108,0,1,1,0,0,3.7187645696758476,0.0,17.59829976983345,0.30780187004823,0.44094047777891165,0.3115849826082209,-0.10271727839354905,0.0,0.20251552713172838,0.06068201984724031,low,0
S0073,2025-03-18,11,mid,2,48.821628745814486,0,1,4,0,1,5.295590423731563,0.0,9.55487124700395,0.16674759690868535,0.49382303707694675,0.16199799321922503,-0.9085952825861596,0.0,0.7977301011868225,0.5574024658022563,low,0
S0073,2025-03-19,12,mid,1,25.896747682615825,0,1,3,1,1,9.950382418224073,0.0,6.164775385057132,0.4008173456570673,0.9647789190098939,0.013341508752640285,-0.38308848745581936,0.0,0.985573940447684,0.9237533001050507,low,0
S0073,2025-03-20,12,mid,2,47.83162633921715,0,1,2,1,0,2.177083998173591,0.0,4.045753482458055,0.8852101747554142,0.40599597225741935,0.796318079114924,0.26528490607723665,0.0,0.4877212429636135,0.6928360988106201,low,0
S0073,2025-03-21,12,mid,2,41.02791260879042,0,2,4,0,0,6.977552936534324,0.0,11.272473207243637,0.4299530565772889,0.6600934482760544,0.2937196825228485,-0.07053057686530662,0.0,0.17309586098688623,0.22893534036714802,low,0
S0073,2025-03-22,12,mid,3,50.916699328583654,0,1,2,0,0,4.614825548352069,0.0,13.509220932312244,0.45262529375430816,0.8786091916345216,0.02934405874355306,0.8613576801387779,0.0,0.08936526318632798,0.901432159648907,low,0
S0073,2025-03-23,12,mid,2,56.865681756292396,0,0,4,0,0,6.2556191122773335,0.0,12.665016349457161,0.259094720260448,0.17160469646600462,0.007186784301647653,0.939120376922252,0.0,0.433556875138044,0.19890455780095284,low,0
S0073,2025-03-24,12,mid,3,40.937700512088995,0,2,3,1,1,3.4554190252823034,0.0,6.466642847162004,0.36073547222554403,0.09284673735362892,0.7314404468699053,-0.17561343367604287,0.0,0.6210028223332877,0.709453812682327,low,0
S0073,2025-03-25,12,mid,4,32.06044995183062,0,2,5,0,0,4.203363999970652,0.0,12.788069240882109,0.19660126700208136,0.8376413849300542,0.17053146845986666,-0.07862199074977738,0.0,0.09556534497300584,0.44499431035731096,low,0
S0073,2025-03-26,13,mid,3,49.810035570809156,0,3,2,0,1,4.821818339047613,0.0,13.252560991583223,0.5101383964451179,0.41580167699738324,0.404522408442727,0.3857066890093719,0.0,0.7594077490909322,0.7890549995028261,low,0
S0073,2025-03-27,13,mid,4,47.347297923017415,0,2,1,0,1,6.893378176847609,0.0,5.522994730760723,0.1639314527329634,0.40279531188783235,0.46195285945373343,-0.2508530535541551,0.0,0.8221304541026211,0.5835833214989566,low,0
S0073,2025-03-28,13,mid,4,44.795312767320546,0,1,3,1,0,4.970825396967634,0.0,8.408519138916516,0.5378267062704258,0.33836816942723336,0.2758585550969068,0.4805234754642729,0.0,0.36634721516965696,0.12372752737071935,low,0
S0073,2025-03-29,13,mid,4,42.16562593810629,0,0,2,0,1,3.706459514596488,0.0,7.826551889891517,0.645080016584407,0.53299196856849,0.23581026816486683,-0.7008021462883147,0.0,0.6917929277833713,0.05257003020860962,low,0
S0073,2025-03-30,13,mid,2,35.23360870501527,0,0,5,0,0,6.201823658218531,0.0,4.9458887309112916,0.4113097518786657,0.8847277497193665,0.6964198565464734,0.7050193329391037,0.0,0.518890887925287,0.7811967803402523,low,0
S0073,2025-03-31,13,mid,4,51.723864339034634,0,1,2,0,1,10.446100221424665,0.0,17.156229454397113,0.6510522886274758,0.5820382698081275,0.1259298976025447,0.38849258353051797,0.0,0.4630551300606296,0.1874902440086662,low,0
S0074,2025-01-01,1,mid,3,24.60920179416618,0,3,5,0,0,3.006711550543203,0.0,13.332504620049084,0.2113916460685128,0.17135821930872586,0.021407747062015647,-0.1192784304092891,0.0,0.6062696671935477,0.5942649628984163,low,0
S0074,2025-01-02,1,mid,4,64.02240582009968,0,2,5,0,0,4.740082284754378,0.0,7.371598646741294,0.9128949210830268,0.4410678089803961,0.45173067895555874,0.7302019356432012,0.0,0.28604120276308764,0.4898728835176459,low,0
S0074,2025-01-03,1,mid,4,42.34510448199986,0,0,5,0,1,3.2854879732068145,0.0,7.559736859993185,0.3695268778396452,0.9014931683702053,0.7087661753664093,0.778862356236133,0.0,0.19644464539280193,0.8491257421532971,low,0
S0074,2025-01-04,1,mid,4,44.51640868908321,0,1,2,1,0,3.932580456607459,0.0,12.563100507546675,0.770698388916342,0.16821140256289724,0.04879870568726041,0.3000840000112577,0.0,0.4441267018677679,0.8468026588004934,low,0
S0074,2025-01-05,1,mid,3,52.95188300223323,0,1,1,0,1,2.311723529175666,0.0,12.34373734745326,0.9123811085079658,0.35754997718645254,0.8152208077251625,-0.7418206716694224,0.0,0.28673465133995124,0.614419703346529,low,0
S0074,2025-01-06,1,mid,5,48.756296192001976,0,1,1,0,0,0.2589757299057682,0.0,8.839022793899998,0.7499478391194956,0.07647797619888186,0.7037324306415383,0.04481366215597715,0.0,0.4226697115939101,0.6601235028524992,low,0
S0074,2025-01-07,1,mid,3,42.96030671166103,0,1,4,1,0,7.5254290139196955,0.0,11.828568455702808,0.8976442734057496,0.9252534742380305,0.9258001702590641,0.3143523192184121,0.0,0.6241785994467695,0.014758057345157227,low,0
S0074,2025-01-08,2,mid,3,37.428784591166206,0,2,5,1,0,9.772464490221825,0.0,8.695530688672369,0.8296083022851023,0.40997976853724005,0.7519690562045728,-0.6782634414165818,0.0,0.04796859699991707,0.0472317788812856,low,0
S0074,2025-01-09,2,mid,4,39.145656235803244,0,1,1,0,1,2.1524678445759786,0.0,11.748636155878764,0.003051082328239696,0.7494774193762466,0.3708528865586532,0.8162502019882045,0.0,0.2780881415951144,0.6693083061281528,low,0
S0074,2025-01-10,2,mid,3,40.63662430294227,0,3,3,0,0,4.813290763949758,0.0,6.730534267793876,0.7923007994136162,0.5869058489745023,0.32673395609599243,0.4535794615240025,0.0,0.6200972872576049,0.06952579510539647,low,0
S0074,2025-01-11,2,mid,4,27.334912454142067,0,3,1,0,1,8.09042495199911,0.0,11.575744401502845,0.7913398539627415,0.2105111422600786,0.7225245486464453,-0.3540676330350918,0.0,0.5577250630609094,0.5102581552025454,low,0
S0074,2025-01-12,2,mid,4,56.64462709505227,0,0,1,0,0,4.386687664680402,0.0,9.414883512468922,0.6610455856685298,0.21798583193128973,0.40650750384477086,0.41582327751000303,0.0,0.10265838295060126,0.1277343124795376,low,0
S0074,2025-01-13,2,mid,3,64.73584919946003,0,0,5,0,1,5.584314186749787,0.0,10.379130450857105,0.231160273011898,0.09263864994948345,0.5595660407359548,-0.48564771904290516,0.0,0.23583222181644292,0.9231289063826716,low,0
S0074,2025-01-14,2,mid,4,57.10520421685353,0,1,1,1,1,4.591328160433954,0.0,10.386027551497495,0.39786843806709016,0.24683683783844823,0.2853537363850187,-0.11628899628347233,0.0,0.9226675942276052,0.6592070620590268,low,0
S0074,2025-01-15,3,mid,4,31.78340215004232,0,0,4,1,0,3.9787345901021944,0.0,17.84623270393157,0.24299251909212438,0.3003983138448544,0.21988881271277194,0.05078625961462779,0.0,0.887723736287355,0.8428436315052036,low,0
S0074,2025-01-16,3,mid,3,53.91651127982762,0,1,5,1,0,2.3570580713816804,0.0,8.151086752059104,0.87538531806854,0.9018961699091866,0.6910005906459987,0.9069710563595297,0.0,0.10954169469952513,0.34660183324484817,low,0
S0074,2025-01-17,3,mid,2,41.75057040191941,0,3,3,1,1,7.438404126348701,0.0,5.973368048184888,0.09428591876346482,0.19048132015523467,0.47130404658619773,-0.11896248977646362,0.0,0.19419409001929355,0.8707790144063627,low,0
S0074,2025-01-18,3,mid,3,28.18746691790583,0,0,4,0,1,5.861008407263086,0.0,9.252503389566684,0.15737984570778896,0.9181974847709864,0.5685193611411136,-0.5536449708849451,0.0,0.2519938379015778,0.7109562335267128,low,0
S0074,2025-01-19,3,mid,4,39.03795924521182,0,0,5,1,1,4.269787193533236,0.0,11.92378841559834,0.8437878020827592,0.1020533483005408,0.17358294474760727,-0.6840857618326373,0.0,0.6129834926606803,0.3886683955257906,low,0
S0074,2025-01-20,3,mid,3,56.272950482901976,0,1,5,0,1,0.0,0.0,3.477655903299862,0.1853888723688526,0.5775136295364861,0.8244132919067857,0.7527309557422381,0.0,0.36585784616983075,0.19418933344970002,low,0
S0074,2025-01-21,3,mid,2,45.19441142621575,0,2,2,0,0,2.8313451548771296,0.0,11.547793054926021,0.6204516148354862,0.9256340104233185,0.004516642792979031,0.948799687535925,0.0,0.2962162303268856,0.6075051300489844,low,0
S0074,2025-01-22,4,mid,4,35.74966520134825,0,1,3,1,0,10.693466901956228,0.0,5.177215842749714,0.7437195750940351,0.4318135316706261,0.5935497725692281,0.026077151397645437,0.0,0.11874060539107723,0.42770419525613756,low,0
S0074,2025-01-23,4,mid,3,48.72768497863408,0,1,1,1,1,3.188519008760076,0.0,3.368917039205872,0.2929186891751352,0.25027287547628896,0.6145421246040167,0.6565553418930241,0.0,0.5056260122048066,0.7117811095608173,low,0
S0074,2025-01-24,4,mid,4,47.52348067187106,0,1,4,0,0,7.768264360194037,0.0,13.400259293805277,0.6088271062688851,0.849474084921967,0.7348576756959543,0.009413255287644695,0.0,0.4825203924495429,0.7977033056037148,low,0
S0074,2025-01-25,4,mid,6,43.7489766836639,0,2,3,1,0,4.460243836329688,0.0,9.769515464226698,0.1700207917909049,0.7539867551124981,0.6737792070575429,0.6696483674736586,0.0,0.6582347074272564,0.6076809957660264,low,0
S0074,2025-01-26,4,mid,4,47.89206000458991,0,1,2,1,1,5.448575751472358,0.0,9.097832197626559,0.05920045104868066,0.16518371518815134,0.7299489301331249,-0.5780311281982555,0.0,0.02203290541750713,0.21939957166910318,low,0
S0074,2025-01-27,4,mid,4,62.21513563665452,0,1,3,1,1,5.886589878531586,0.0,10.174707188136496,0.6820879120162997,0.9559088516051065,0.10421078035625331,0.5116919316604671,0.0,0.8827243591754719,0.6359552756966651,low,0
S0074,2025-01-28,4,mid,5,47.27222716466315,0,3,3,0,1,7.4270133916008545,0.0,12.44166416472778,0.9003526394329658,0.6258525281579881,0.12860574563762417,0.4470352233376027,0.0,0.5280474223933361,0.09961721277373115,low,0
S0074,2025-01-29,5,mid,4,42.60335155550304,0,1,1,1,1,4.623998389286057,0.0,6.2649948686954975,0.9289350110561357,0.7514836497072404,0.38684794110359333,-0.9894420158930037,0.0,0.2259644965093438,0.1808420660034754,low,0
S0074,2025-01-30,5,mid,4,42.14844901532821,0,0,2,0,0,6.277310189168024,0.0,10.553849161375782,0.5514100594438587,0.6801855575744952,0.4367329831848006,0.7037052718007186,0.0,0.16332338091079124,0.09211893649061398,low,0
S0074,2025-01-31,5,mid,3,42.92899048974965,0,0,2,1,0,9.180825632275628,0.0,15.383887473386494,0.9066583144670799,0.8732796403246508,0.7163622702739211,0.6439202248787601,0.0,0.7413975017760756,0.30783511995699353,low,0
S0074,2025-02-01,5,mid,4,38.63169647928591,0,2,1,1,0,6.6775880606066185,0.0,3.736011275663998,0.45579680936749256,0.9245866252167565,0.2991553414008733,-0.6413828669381845,0.0,0.6731334278051524,0.2858356052042905,low,0
S0074,2025-02-02,5,mid,4,26.44434654125633,0,0,2,0,1,6.615362595139462,0.0,10.843806785797833,0.6347016073694138,0.8902776428886472,0.9041042132676824,-0.4008360644493931,0.0,0.8388091404916185,0.8400429099214946,low,0
S0074,2025-02-03,5,mid,2,52.998600175253266,0,0,4,1,1,3.8482905823316003,0.0,10.675849261709589,0.27654384615065264,0.06779984294739583,0.8698373570950341,0.007538354460581376,0.0,0.3742457199056829,0.6317271816133622,low,0
S0074,2025-02-04,5,mid,4,57.548513747484336,0,2,1,1,1,4.980438886760925,0.0,11.172633068283133,0.9376596823781873,0.8514023494755267,0.7116521613699359,0.4274946803132016,0.0,0.004636755389939018,0.297199231819244,low,0
S0074,2025-02-05,6,mid,4,17.638102117329225,0,1,4,1,1,1.2392401712938863,0.0,8.459389865624315,0.31686215651252636,0.42903706235684524,0.7896807849385147,-0.2860424957288048,0.0,0.2567815637199873,0.5508354015452859,low,0
S0074,2025-02-06,6,mid,4,52.26709107114467,0,0,5,0,0,5.840258556194188,0.0,7.656898788113142,0.9058057117050317,0.4729926361698993,0.7294325610390178,-0.6984219259397615,0.0,0.1105942857846205,0.6280207890676727,low,0
S0074,2025-02-07,6,mid,3,22.047943788744455,0,0,3,0,0,1.4687907599209007,0.0,10.8443129209895,0.09177138248919603,0.7994398167089848,0.2217656771121327,0.29077808077424927,0.0,0.3648395113879087,0.6340291746547433,low,0
S0074,2025-02-08,6,mid,3,50.96964596781616,0,0,2,1,0,5.949112010896497,0.0,11.994101111946344,0.934645581047186,0.876871848922497,0.6695411110738025,-0.6199114215124213,0.0,0.36194106027582695,0.5546235914466812,low,0
S0074,2025-02-09,6,mid,5,56.78770408123411,0,1,2,0,1,4.584118320063812,0.0,16.941296574328444,0.8906879079809136,0.967218655469125,0.5952642653080683,-0.8422432446691672,0.0,0.10088412754464693,0.41923084518763376,low,0
S0074,2025-02-10,6,mid,6,43.757860291089116,0,4,5,0,1,3.141929218868189,0.0,15.552502367099102,0.8540828421670851,0.9809436194424918,0.39839810817121946,-0.30516958799748917,0.0,0.28818392487065103,0.5612628544108582,low,0
S0074,2025-02-11,6,mid,2,49.17826144902599,0,0,1,1,0,6.605098295670668,0.0,-1.2985632354110734,0.24772109779562168,0.16715155529011272,0.40936434287471635,-0.884572225955413,0.0,0.1595133285137147,0.8185482844893706,low,0
S0074,2025-02-12,7,mid,4,44.47987016414823,0,0,2,0,0,6.490412186231395,0.0,7.294219103909473,0.981236294171629,0.8853014551499321,0.002117997953072548,-0.1365648281583196,0.0,0.208032161935796,0.49348539726040896,low,0
S0074,2025-02-13,7,mid,5,24.563236838581936,0,2,4,0,1,3.821215517922452,0.0,5.313480930548533,0.24053919316090167,0.7826212473850709,0.2746450044740205,0.6844204196340029,0.0,0.7359324582733555,0.29777904509606,low,0
S0074,2025-02-14,7,mid,3,55.22849803543675,0,1,3,1,0,6.401691289302651,0.0,13.179283023394117,0.4105822510863244,0.7183603304722052,0.1296625211519593,-0.5178979566584674,0.0,0.7191770422703521,0.1279169175504935,low,0
S0074,2025-02-15,7,mid,4,53.24840292128107,0,0,1,1,1,10.21678644757371,0.0,10.72459028022214,0.703288747006101,0.4461133622447302,0.8647496053607415,-0.8629310325628585,0.0,0.12144816176022655,0.22787334034872275,low,0
S0074,2025-02-16,7,mid,4,41.06515525248908,0,0,1,1,1,6.923015912763508,0.0,11.607167186258643,0.3819050077373658,0.7075801841580589,0.6152378583670574,0.9704744428928034,0.0,0.7396331251992772,0.9447442141289014,low,0
S0074,2025-02-17,7,mid,3,27.28598274268308,0,2,5,1,1,8.382063312631947,0.0,12.00326050244405,0.6608151798767171,0.24953110517460808,0.6544469674126056,-0.07617618681810834,0.0,0.2449157279887174,0.8846554295330651,low,0
S0074,2025-02-18,7,mid,5,45.93104742210107,0,1,1,1,1,6.576691645404532,0.0,11.717962285124674,0.9885738323637872,0.399553189686196,0.030301868568365475,0.04690722829799876,0.0,0.3216285424718044,0.30202531804541854,low,0
S0074,2025-02-19,8,mid,3,45.9448461485524,0,1,1,0,1,5.357666132751283,0.0,4.642693879798323,0.690893986850279,0.2513119874604469,0.40735722474927194,-0.23419397120046592,0.0,0.32757679428675623,0.38859197139112545,low,0
S0074,2025-02-20,8,mid,2,44.438799282424725,0,1,4,1,0,4.538518688950122,0.0,6.554884611061288,0.9812925754679558,0.5878447162003019,0.6312899909320319,0.45839359820533265,0.0,0.8671725940357704,0.8203032788723408,low,0
S0074,2025-02-21,8,mid,5,40.78832825137205,0,0,2,0,0,4.293613822118143,0.0,6.423849848304226,0.8091304489404164,0.5350689309929799,0.35770365417547956,0.25184414876204375,0.0,0.3247159043110889,0.6263095145348354,low,0
S0074,2025-02-22,8,mid,3,39.79955231668964,0,0,5,0,0,2.884454091698687,0.0,14.710605646263547,0.20681341088796157,0.036425125116746004,0.579407633700053,0.40742746802626284,0.0,0.3746657185588308,0.1906672121540509,low,0
S0074,2025-02-23,8,mid,3,37.732355111040924,0,1,3,1,0,5.083246614020822,0.0,13.616750080296853,0.6802659252100252,0.5105691865193954,0.7574056291851797,0.5710832951335749,0.0,0.7814226438977291,0.7358512245897622,low,0
S0074,2025-02-24,8,mid,4,50.51445531696672,0,2,1,0,0,5.229259104924001,0.0,12.699321662090107,0.8003121902341322,0.7759698819647944,0.0010757539995209786,0.7717458918345839,0.0,0.7733635581811241,0.2687482329001806,low,0
S0074,2025-02-25,8,mid,4,52.94637122515214,0,1,5,0,0,7.905331854072936,0.0,10.245487268680932,0.06041233373784127,0.32274687047946715,0.03637064613117025,0.13126632090263946,0.0,0.926185181995456,0.32421833531085975,low,0
S0074,2025-02-26,9,mid,2,39.263798288834266,0,2,1,1,1,5.77370538158105,0.0,12.22995578610881,0.3407749977630704,0.8223244152696599,0.0840488480815963,-0.4692106808145666,0.0,0.09249526306648337,0.11031924937030613,low,0
S0074,2025-02-27,9,mid,3,46.54749462037857,0,1,4,0,0,1.6580536308618594,0.0,6.217015376500712,0.510129829138185,0.5027862857003464,0.3596185666795688,0.798442107035424,0.0,0.22001566118186966,0.34028624059969037,low,0
S0074,2025-02-28,9,mid,2,48.33087696722904,0,0,5,1,1,5.839553005642251,0.0,9.371696424700142,0.9799806183084357,0.9852455746530315,0.8121733965214432,0.5424887429386305,0.0,0.9381922034369814,0.3403152924586573,low,0
S0074,2025-03-01,9,mid,6,55.31536153619708,0,1,2,1,1,6.448981555673247,0.0,7.45894933067571,0.9182863872586652,0.9682234277223979,0.8035967459693051,-0.23363162952806316,0.0,0.8143998131342778,0.7627011155027523,low,0
S0074,2025-03-02,9,mid,3,42.833772593190346,0,1,5,1,0,1.0693268538688194,0.0,9.276092460473146,0.21062937429173867,0.1943485418181572,0.1438394834152974,0.9992583132749271,0.0,0.6625945453254732,0.3145765436031188,low,0
S0074,2025-03-03,9,mid,2,34.041376220514316,0,2,1,0,0,3.15266229085974,0.0,9.095166018852748,0.9309193770449293,0.691317417096563,0.25004777964597813,-0.7172079490574184,0.0,0.12374518052565797,0.5115937956289057,low,0
S0074,2025-03-04,9,mid,3,42.258042659457345,0,1,3,0,0,5.314469949733972,0.0,6.682205606723872,0.23412730817486604,0.5145187950951311,0.9765255003881219,-0.5391578587631307,0.0,0.06528125415845043,0.25445674026167797,low,0
S0074,2025-03-05,10,mid,3,58.87104233868483,0,0,2,1,1,5.848760109971425,0.0,12.75749848326641,0.7428318921978903,0.6084260845499796,0.7463698378027666,-0.31104315542034433,0.0,0.3894654374448121,0.780256872709057,low,0
S0074,2025-03-06,10,mid,4,30.849080270249573,0,0,5,0,1,3.9662461421311237,0.0,11.135104215002086,0.5687597866640187,0.29970004686026563,0.18298804398609458,-0.3062908306226406,0.0,0.2574651238816944,0.4332417401942642,low,0
S0074,2025-03-07,10,mid,3,46.231935101546306,0,0,4,0,1,7.523772759102778,0.0,10.873498897631917,0.2666736927895562,0.8953996867323138,0.6289846708955388,-0.1880489483824832,0.0,0.6005629537507449,0.12746937271666436,low,0
S0074,2025-03-08,10,mid,4,25.79512880211801,0,1,3,1,0,1.8775235458690935,0.0,12.535911303017514,0.9851707779810072,0.2708333205220077,0.7145713102203407,0.003782975932157928,0.0,0.39485824410265247,0.5257614870579528,low,0
S0074,2025-03-09,10,mid,3,26.139074047057605,0,1,1,1,0,3.788881559732989,0.0,13.550147155519403,0.6153859466220375,0.5062907617972981,0.6400745582401993,-0.2920664773811532,0.0,0.1913557519456881,0.7259663035223312,low,0
S0074,2025-03-10,10,mid,5,37.51842279081059,0,2,1,0,1,4.996210871873754,0.0,12.171874408691178,0.6648283357646566,0.754732727724881,0.9894419893026101,-0.08174209062794913,0.0,0.25658776178876774,0.6054802722935685,low,0
S0074,2025-03-11,10,mid,3,43.53297232292597,0,1,1,1,1,5.138734151274451,0.0,15.586873132188153,0.09669628449348855,0.6921528349172109,0.19418181056201822,0.4318597036194265,0.0,0.3067943378434753,0.5368996070080436,low,0
S0074,2025-03-12,11,mid,3,41.909887337019505,0,4,5,0,0,5.152841297478759,0.0,12.195556916797797,0.5338586513120148,0.8355228036582865,0.306762171191984,0.3118414783914407,0.0,0.3170112174187406,0.7608578245653947,low,0
S0074,2025-03-13,11,mid,2,42.209025002521756,0,2,3,1,0,4.658668686537755,0.0,9.762842947470162,0.37839821719201483,0.11730100899250095,0.4321565617966122,0.655859485404837,0.0,0.3238815215528972,0.8125741898374826,low,0
S0074,2025-03-14,11,mid,4,47.06013618081976,0,0,4,1,1,3.452493633782767,0.0,10.234164246781,0.02138658362683954,0.21317863974603957,0.8016948581327344,0.20708007937347328,0.0,0.8943069605448982,0.38898867477936727,low,0
S0074,2025-03-15,11,mid,5,35.00809825209842,0,1,4,0,0,1.0091382444790682,0.0,10.39785851081492,0.39493806368451856,0.6983005001413879,0.6012971565112589,-0.8572351569596179,0.0,0.09928129554545084,0.7030746702920769,low,0
S0074,2025-03-16,11,mid,2,49.276618657675044,0,3,1,1,0,5.869033701946759,0.0,9.316219080688604,0.18484844632788955,0.7189945883783574,0.408679291704808,-0.9630802019169888,0.0,0.33184903993611914,0.20264296929771342,low,0
S0074,2025-03-17,11,mid,2,48.77170242453681,0,0,1,1,1,5.38756639831125,0.0,6.933945825546526,0.5953484794631851,0.6283832907368333,0.2714448436673169,-0.2573975824039152,0.0,0.9916241995193622,0.3993633339178039,low,0
S0074,2025-03-18,11,mid,3,35.961674573422385,0,0,4,1,0,3.3891354376717255,0.0,9.01563918603343,0.01688099068811011,0.6330273933733005,0.23953276106167787,0.7130789752834628,0.0,0.3093655741091489,0.5450356886162376,low,0
S0074,2025-03-19,12,mid,3,39.4940704048693,0,3,3,1,1,6.3879224377814605,0.0,11.569179781742445,0.2135032080841438,0.3667662108564165,0.6054906823397871,0.8210872425461073,0.0,0.027353440497478898,0.5581911010662381,low,0
S0074,2025-03-20,12,mid,3,34.280052617951156,0,3,1,1,1,3.4685693504321966,0.0,10.562236324635887,0.07191249558230117,0.343883365448447,0.05923983243361097,-0.00947893630706731,0.0,0.25791869538809264,0.052576559580100324,low,0
S0074,2025-03-21,12,mid,3,39.17659158352612,0,0,1,0,1,7.056047498400833,0.0,5.132449893819235,0.5001625992151252,0.5699990739026768,0.6268388632934117,-0.38106007126525543,0.0,0.9088665906398552,0.008925577016926423,low,0
S0074,2025-03-22,12,mid,4,34.239472016750305,0,1,4,1,1,6.014042088111048,0.0,13.894056285525748,0.29138244814984393,0.6538201311556961,0.009566329030054277,0.6704041201296513,0.0,0.9658303226141254,0.20704459950223086,low,0
S0074,2025-03-23,12,mid,2,44.23046061695499,0,0,1,1,0,3.087846930870218,0.0,7.200714274755734,0.06439607477070419,0.49875939675757786,0.1601153794558028,0.7978453960311755,0.0,0.8012143813573932,0.9104290796571891,low,0
S0074,2025-03-24,12,mid,3,53.85589524135747,0,2,2,0,0,6.416728431686623,0.0,8.168536828808506,0.8304850342941134,0.8512535542669999,0.9415699935517194,0.9131730706986356,0.0,0.10792513538735227,0.8777110259271528,low,0
S0074,2025-03-25,12,mid,3,55.501233079094526,0,2,3,1,1,3.321174104528291,0.0,11.121703540765846,0.028755552776438265,0.0197244726325545,0.9652409688117417,-0.5075703592066212,0.0,0.7321718445864348,0.7195923840645492,low,0
S0074,2025-03-26,13,mid,3,56.13336829286209,0,1,1,0,0,7.557125926039699,0.0,6.7728414411598825,0.43010029649672354,0.7676595596182559,0.4790022547741315,-0.721551465382517,0.0,0.7420965313635524,0.06592976952313478,low,0
S0074,2025-03-27,13,mid,2,44.14879039704057,0,1,1,1,0,3.5212221191461195,0.0,7.415294692879474,0.7381897562893156,0.6303716485421275,0.13626467809397746,0.2112900549207546,0.0,0.8464308448656085,0.4522237707633773,low,0
S0074,2025-03-28,13,mid,4,68.22167350652916,0,0,5,0,1,3.252982048856599,0.0,8.286499318070986,0.763656789827809,0.605767855220207,0.6910280950513672,0.0829342718944881,0.0,0.6823620774045239,0.7152630877285592,low,0
S0074,2025-03-29,13,mid,4,52.15081146157206,0,0,1,0,0,8.000308290501646,0.0,8.522971518989491,0.8116839640289986,0.07532885898046426,0.675450057775794,-0.39449573185804865,0.0,0.3587951889851425,0.7334400260948784,low,0
S0074,2025-03-30,13,mid,5,34.691856416912174,0,0,5,0,1,5.829882562264434,0.0,7.881329428214952,0.8895144377869871,0.7161942588054212,0.36610178000725646,0.20881569110535003,0.0,0.5092106228990603,0.5207672280961774,low,0
S0074,2025-03-31,13,mid,4,49.435318442904936,0,1,3,1,0,3.8460254023040195,0.0,9.957438360531372,0.10459489939424438,0.7079759263646347,0.9434256937806542,0.3490398467212601,0.0,0.23564471255508723,0.29774255073433686,low,0
S0075,2025-01-01,1,mid,3,32.12675763666583,0,1,4,1,1,4.373771351417864,0.0,18.72126443378374,0.16267884665037058,0.4169397034158909,0.36902231284893694,0.858643139241916,0.0,0.7428220403183874,0.8660808051959371,low,0
S0075,2025-01-02,1,mid,3,46.202357407001855,0,2,5,0,0,4.3198465410381885,0.0,11.77383466467804,0.1496692979375298,0.5332296931746034,0.6554540037601432,-0.007561255702557723,0.0,0.5464689491934788,0.19281423696232602,low,0
S0075,2025-01-03,1,mid,4,32.20920942983652,0,1,2,1,0,1.8788452865921643,0.0,7.515135492224594,0.9147910939165694,0.8037013989822342,0.8825306153659919,-0.8967997718160479,0.0,0.6610221016358093,0.2676028497539005,low,0
S0075,2025-01-04,1,mid,4,47.96320139142894,0,2,5,0,1,5.076944807206528,0.0,8.10280320816843,0.46868796371610777,0.9300817836980115,0.40502289331182395,0.24330638511217306,0.0,0.9146822761661573,0.19459102716994225,low,0
S0075,2025-01-05,1,mid,2,31.468822084292068,0,0,4,0,1,4.396345361639897,0.0,10.211807872412098,0.0708919622145755,0.4768944579169728,0.7999742167972894,0.4452690903734824,0.0,0.5244831890329944,0.4469217764226986,low,0
S0075,2025-01-06,1,mid,3,55.294935177375,0,2,3,0,0,6.862422962109899,0.0,8.435565830029592,0.684950908405843,0.7339895414211043,0.08574771036626905,-0.30206158664252913,0.0,0.048713576274983184,0.15050151348117258,low,0
S0075,2025-01-07,1,mid,4,29.139944849926422,0,1,2,0,0,4.311405790300833,0.0,7.045671650834891,0.6155607336218979,0.9436661640930653,0.6640579559375652,0.26839427295757035,0.0,0.7245301759658701,0.16980481468292197,low,0
S0075,2025-01-08,2,mid,3,53.10957862871613,0,2,2,1,0,7.1517379378769235,0.0,5.1649961029666,0.12165770246035046,0.42532235131892027,0.16591672834450932,-0.4526953343011284,0.0,0.6410109478083547,0.7536069388817508,low,0
S0075,2025-01-09,2,mid,3,40.35331664572644,0,3,4,0,0,3.6053721308157565,0.0,12.715801829158057,0.9418667491243553,0.51980620851237,0.17569763441865727,-0.7715788434824353,0.0,0.14453754364108407,0.7031248628537268,low,0
S0075,2025-01-10,2,mid,3,43.18344221466512,0,0,4,0,0,6.241490620860802,0.0,14.137472174929822,0.7990317364678442,0.15440829526492583,0.37725035708343047,-0.5741551425244189,0.0,0.463888585258744,0.17566076425979915,low,0
S0075,2025-01-11,2,mid,4,50.34850233515398,0,1,5,0,1,1.4430524248817411,0.0,11.266190462099416,0.39563430109810704,0.08792687737039562,0.26421692512532924,0.13930225580461397,0.0,0.7213209467738313,0.9103301298168284,low,0
S0075,2025-01-12,2,mid,4,38.615023384446914,0,0,2,0,1,5.758973898224693,0.0,10.193791920792567,0.4387340573445796,0.34925981683350893,0.7597296020304543,0.9127563063273099,0.0,0.8925326190664961,0.411990593020893,low,0
S0075,2025-01-13,2,mid,3,48.61304272566315,0,1,2,0,0,4.642873822335358,0.0,10.54347980457428,0.45028427910439695,0.4742091168532503,0.8475547213559975,-0.27504696279859964,0.0,0.08104217634250299,0.6012538527476677,low,0
S0075,2025-01-14,2,mid,4,62.93372381306884,0,1,4,1,0,4.087740685588907,0.0,18.37549446796895,0.9526249356495171,0.3199535584371037,0.021756369824624366,0.5202330064100382,0.0,0.16767128826894218,0.5444645432470948,low,0
S0075,2025-01-15,3,mid,4,30.27977508587659,0,2,1,1,0,7.149690558225393,0.0,8.265228543105831,0.7167285624910088,0.2173895792176349,0.3075754757243858,-0.994380025749461,0.0,0.7910145339972185,0.0902598657406739,low,0
S0075,2025-01-16,3,mid,5,47.4021008345266,0,1,5,0,0,3.204949176083579,0.0,10.25157006951477,0.9977064723135476,0.6539520914566015,0.22419324129220142,0.7994131839319871,0.0,0.34975284649318616,0.27525184249282386,low,0
S0075,2025-01-17,3,mid,3,26.059049471037586,0,0,3,0,1,3.7897988897570674,0.0,10.713766225766467,0.27893739770396186,0.43856036183805036,0.5608121021869148,-0.617035294855375,0.0,0.3199244750499347,0.5042741511086727,low,0
S0075,2025-01-18,3,mid,3,53.2501649407623,0,0,2,0,1,2.0842667779477253,0.0,15.282511975425216,0.9069617921357962,0.6867205600167614,0.8876176629777809,0.3207576557725589,0.0,0.5620438995976721,0.4168116265779379,low,0
S0075,2025-01-19,3,mid,5,50.06876988025967,0,1,1,1,0,2.8867693359184528,0.0,9.88054053127681,0.4966654598500141,0.1819444361274165,0.49185299989322906,-0.956102719958756,0.0,0.35249448611518885,0.05529568546385244,low,0
S0075,2025-01-20,3,mid,4,36.9291790223871,0,2,5,0,1,5.00721408720531,0.0,12.813289198607752,0.8293124105196621,0.8426599513655793,0.7503552715906686,-0.4499266420113235,0.0,0.4677892044672549,0.14541732222996728,low,0
S0075,2025-01-21,3,mid,4,51.12850404975363,0,0,4,0,1,6.353481032350077,0.0,14.598076077914662,0.321203080968805,0.38643590359850344,0.6656228207282523,0.03798852574236711,0.0,0.07375548715002778,0.5486692595583454,low,0
S0075,2025-01-22,4,mid,5,43.0889482902474,0,0,5,0,1,5.714770049196187,0.0,9.22510715735533,0.17115878356124348,0.3199869447043202,0.6105893894531941,-0.6410856735944894,0.0,0.6451475438925807,0.7066725249987215,low,0
S0075,2025-01-23,4,mid,3,43.07417982505424,0,1,2,0,0,2.028966215367557,0.0,9.931997173200356,0.6514103667146056,0.9717603514250697,0.6047756130639445,-0.050224169495679094,0.0,0.9049373356280817,0.6588044659521313,low,0
S0075,2025-01-24,4,mid,4,30.10240981475583,0,2,3,1,1,5.216498905133601,0.0,9.867048422290315,0.4076561492253604,0.38724321178411036,0.8316500070131927,0.5835911110990328,0.0,0.4748947851626786,0.44742397516132015,low,0
S0075,2025-01-25,4,mid,3,49.231381224984474,0,2,2,0,1,2.003815087294847,0.0,10.310795140338728,0.9170233923520292,0.9404594566920512,0.2752343731294936,-0.6525345534695794,0.0,0.09056253249450363,0.7717377274952991,low,0
S0075,2025-01-26,4,mid,4,52.68680413730523,0,0,4,1,1,4.714766085741483,0.0,8.304266904035863,0.8511216830802468,0.7998302609931489,0.35478899244462103,0.5014145308894626,0.0,0.9789828450299853,0.1939491766874475,low,0
S0075,2025-01-27,4,mid,4,42.22742630075196,0,0,4,0,0,7.910421651203944,0.0,10.87922530903134,0.4663216622476679,0.4704206108865109,0.3714118468262063,-0.029319784883125477,0.0,0.05704798041228465,0.9682509945511042,low,0
S0075,2025-01-28,4,mid,4,46.44631163490739,0,1,4,1,0,2.131400066002396,0.0,12.58625118126388,0.3653086469777215,0.37583178914985804,0.22646945644809657,-0.11826415141312818,0.0,0.8152539535336308,0.9709670181478978,low,0
S0075,2025-01-29,5,mid,3,27.247419087456088,0,0,2,0,0,6.8478544841483675,0.0,14.937942849859283,0.9814172397196348,0.7701442600619861,0.9654864843413015,0.05102109120980014,0.0,0.2814225009593474,0.5319635391781904,low,0
S0075,2025-01-30,5,mid,1,33.751888531170565,0,1,4,1,0,5.974210725167811,0.0,9.72668818944375,0.9314694958799627,0.8509292092363999,0.7504631249531293,0.06156023055616244,0.0,0.21276119288291961,0.2542935268257589,low,0
S0075,2025-01-31,5,mid,4,42.64616752448587,0,0,4,0,0,6.503533794485466,0.0,12.444474606055039,0.0030767635298635243,0.16703119185119097,0.32589182469295785,-0.8769142802536678,0.0,0.17816840209846008,0.5814329098795511,low,0
S0075,2025-02-01,5,mid,5,43.662058083325796,0,0,5,1,0,9.293517495712553,0.0,4.083131130915704,0.5718461747764124,0.3853802894018691,0.3391336700454103,0.26551305760147703,0.0,0.3502036038632831,0.11699336723381826,low,0
S0075,2025-02-02,5,mid,4,55.53518698081405,0,2,4,0,0,8.064827529635037,0.0,4.698950795274673,0.2968324741157754,0.39281282183476673,0.5390345150240017,0.6488080325376719,0.0,0.8534564879585144,0.13120542729227203,low,0
S0075,2025-02-03,5,mid,3,42.22116109184753,0,1,2,1,0,3.6424629637294546,0.0,6.906126571489446,0.18166506772380242,0.6804784273366442,0.6867982658979356,-0.9920065215499689,0.0,0.16484981875767213,0.33483362474168943,low,0
S0075,2025-02-04,5,mid,4,30.79507944831915,0,0,2,0,0,4.0779123896473815,0.0,11.104878907517561,0.34449441321712493,0.07869433289316174,0.6797232484525247,0.6028385517678867,0.0,0.9614817180475058,0.9570093480217954,low,0
S0075,2025-02-05,6,mid,5,52.500291561149105,0,0,5,1,1,4.292217994432574,0.0,10.26344634680457,0.6471854370414813,0.19728341666190463,0.8069084402826106,-0.460637912982915,0.0,0.40106312377902775,0.515761880513368,low,0
S0075,2025-02-06,6,mid,2,53.48733338861495,0,0,3,0,0,0.3866826131925887,0.0,8.505611139061823,0.7777948637839074,0.23927144342913742,0.6881749339929832,-0.22477947960832378,0.0,0.26131703514795324,0.9310382018441526,low,0
S0075,2025-02-07,6,mid,3,30.949359364490324,0,1,5,1,1,3.513736096101387,0.0,7.416069892453152,0.8700886412947271,0.7434298756319928,0.506248022097348,-0.3680589172901092,0.0,0.7917229227529968,0.5625918698271881,low,0
S0075,2025-02-08,6,mid,2,33.787741818258965,0,2,2,0,1,4.868858971752222,0.0,11.008566825039683,0.011972966586364153,0.8011758531603297,0.512885542988579,-0.6995339132409271,0.0,0.022936194765775797,0.9921578883270707,low,0
S0075,2025-02-09,6,mid,3,66.30214277950463,0,0,3,0,0,4.42780867606022,0.0,8.676467522976267,0.40344425374660553,0.7974051495752568,0.7769957583735215,-0.5116450543210125,0.0,0.36125361802412703,0.05911197968968396,low,0
S0075,2025-02-10,6,mid,2,40.942095452929934,0,2,2,0,1,2.478147972677626,0.0,3.485700495179927,0.34150540053170797,0.4922656673152932,0.5965650509314222,-0.8200977016092763,0.0,0.09253113256200451,0.7690204497290527,low,0
S0075,2025-02-11,6,mid,3,48.73749648844886,0,2,5,0,0,5.51483414487349,0.0,11.421602079406458,0.8819647678679997,0.4102330308782546,0.3417405391949121,0.9899194138856011,0.0,0.8821544636187963,0.11458549282903097,low,0
S0075,2025-02-12,7,mid,3,43.567492752596806,0,1,3,1,1,6.273900704233503,0.0,12.0001618750284,0.6744534072962863,0.49944724466032764,0.3899084852770509,0.16155808683540207,0.0,0.5269716495638984,0.35103694960333476,low,0
S0075,2025-02-13,7,mid,1,43.85027975929913,0,3,3,1,1,2.2552819769799965,0.0,11.048818194405687,0.18397209906988177,0.13583215831301032,0.9279137368894939,0.12942113525852195,0.0,0.24629887592191724,0.971215279167418,low,0
S0075,2025-02-14,7,mid,3,42.80954225389028,0,1,4,1,0,2.951023839902246,0.0,8.560531984154718,0.41356201738176823,0.5048930362860927,0.466317234013055,-0.9323009767652635,0.0,0.7942565367887666,0.3431671690424394,low,0
S0075,2025-02-15,7,mid,3,38.10435739297249,0,1,3,0,0,2.8532807395008204,0.0,3.1873190257840935,0.3686982859388914,0.7776868750799724,0.7707866187768365,-0.559160676984293,0.0,0.38389412986328497,0.21243667703670888,low,0
S0075,2025-02-16,7,mid,3,43.78910067622225,0,3,2,1,0,5.359923340722126,0.0,8.187819146703871,0.6446355311047237,0.9789260704164953,0.49672819792960576,-0.3216860462098421,0.0,0.7101082668140432,0.8023004939186726,low,0
S0075,2025-02-17,7,mid,5,53.509112090460505,0,1,5,1,0,8.224189651506936,0.0,6.783473513936086,0.8467413448381724,0.8622498836249947,0.3338104018289898,-0.7638611559376618,0.0,0.22326599494248622,0.6069243364860047,low,0
S0075,2025-02-18,7,mid,2,79.60573392965532,0,0,5,1,1,6.156048806228696,0.0,13.788987578116451,0.6839477440463385,0.9218062294417602,0.44378028779479306,-0.9609558991706524,0.0,0.9900900035103727,0.4545777647676891,low,0
S0075,2025-02-19,8,mid,4,35.901928422226646,0,1,5,1,0,1.5231404026398616,0.0,15.776096390293198,0.6939703389349473,0.2351184394169552,0.07803790423281254,-0.6621336515400493,0.0,0.2673337974129806,0.24329075295743863,low,0
S0075,2025-02-20,8,mid,4,45.32110320372001,0,0,1,1,0,4.311818545430997,0.0,6.268852308232715,0.8641983554441721,0.15105756794245262,0.7241401443642597,-0.8325713272395134,0.0,0.4671689714625785,0.7289940621682485,low,0
S0075,2025-02-21,8,mid,3,49.4563110931761,0,2,4,1,1,7.071949485023392,0.0,14.97278176152681,0.18844278763150613,0.28956660378293764,0.8799268555496671,0.015490397385973242,0.0,0.8636438242328225,0.015807305809197536,low,0
S0075,2025-02-22,8,mid,2,45.64832273796735,0,0,1,1,1,9.343064083919451,0.0,9.659893628838313,0.08625533423692722,0.6525814142610101,0.2150835294600133,0.34105051891584437,0.0,0.10104554617113526,0.495208192020265,low,0
S0075,2025-02-23,8,mid,1,71.93789164660842,0,3,2,0,0,4.895872031834631,0.0,11.663353097568622,0.13861346644025252,0.11211416294978682,0.662203732035775,0.6217025674871506,0.0,0.05732962966618438,0.9157016715905761,low,0
S0075,2025-02-24,8,mid,4,39.53354220135111,0,2,2,1,1,2.9886576048490383,0.0,11.4247041930778,0.20455558548798758,0.9725001809624044,0.8259740647430246,0.8222305272334935,0.0,0.15194295882743647,0.4131226509398539,low,0
S0075,2025-02-25,8,mid,4,57.2782807186329,0,0,1,0,1,5.686561322295876,0.0,12.139807113706002,0.4917554128635001,0.48738358449938135,0.7715613880569651,0.8479084234087122,0.0,0.08805949903097876,0.8768262003681346,low,0
S0075,2025-02-26,9,mid,4,45.47364976952782,0,1,2,0,1,6.451151712134408,0.0,11.149205323104544,0.13667019816665904,0.8394201905669662,0.7967550178402598,0.48489505634087515,0.0,0.4637425999423729,0.5636918119456716,low,0
S0075,2025-02-27,9,mid,5,14.127472184755288,0,1,2,1,0,5.089866373237817,0.0,8.004866029200887,0.4398198419697087,0.7384034873833198,0.30179484125787337,0.24115506439439915,0.0,0.08258274729770754,0.8229540106486173,low,0
S0075,2025-02-28,9,mid,3,34.146419313422214,0,1,1,0,0,6.5952735923349035,0.0,7.930690931503124,0.4896945642483407,0.07209919357408401,0.03455740780489169,0.04076395277056255,0.0,0.03473112524763944,0.9463861435946088,low,0
S0075,2025-03-01,9,mid,3,32.36770124631482,0,1,5,0,0,4.952364163799332,0.0,16.262982413716585,0.02502364079812669,0.11410349766627859,0.6592755405868856,0.0592358351148341,0.0,0.04625639983611052,0.5175567522478197,low,0
S0075,2025-03-02,9,mid,5,57.638553581269356,0,1,4,1,0,6.164282585220759,0.0,10.293666316203984,0.1024794256557442,0.6582733745953893,0.11491283231112259,-0.6116883708098966,0.0,0.6740528662303841,0.6189185550704864,low,0
S0075,2025-03-03,9,mid,5,44.20136343531912,0,1,4,1,0,5.094594678573397,0.0,3.5249906382177656,0.5060979823409827,0.0966907698514935,0.6293519926155654,-0.4436646840118814,0.0,0.04696162471965448,0.647101121753918,low,0
S0075,2025-03-04,9,mid,3,38.930036826893534,0,2,5,1,0,3.5131762609048955,0.0,10.624123804083688,0.41110624278395946,0.707453870297398,0.9690152669709047,0.11034109623442134,0.0,0.17541490728414733,0.01266535919840761,low,0
S0075,2025-03-05,10,mid,2,27.69873975180681,0,1,2,1,1,8.931487732276596,0.0,13.341060611023224,0.675574901461942,0.4031536898310569,0.8368136532313477,0.8478073542345343,0.0,0.6218631319863706,0.8867279416008529,low,0
S0075,2025-03-06,10,mid,3,60.585869498238736,0,1,2,1,0,7.900063398561159,0.0,7.362986781220183,0.12327767576818571,0.8147597010434282,0.7082119535061204,-0.8337333381854946,0.0,0.9786013832876659,0.9435447392745085,low,0
S0075,2025-03-07,10,mid,3,41.32448335449939,0,0,2,0,1,8.179325592467336,0.0,7.819628528253587,0.3932692324370829,0.2257309191708191,0.08779010918352892,0.243451820413078,0.0,0.9726890134533822,0.6347945021082003,low,0
S0075,2025-03-08,10,mid,4,44.10635919814629,0,2,4,1,1,6.614778228850669,0.0,7.2591044289020985,0.17472484888138484,0.8834367591340861,0.22497172211234828,-0.2637625758711013,0.0,0.866968692301007,0.3429398216335082,low,0
S0075,2025-03-09,10,mid,2,53.67789359018043,0,1,2,0,0,7.163653580460961,0.0,10.245829889604948,0.5262979204677213,0.1942390471499178,0.897100614593119,-0.1641818726246651,0.0,0.867461383679328,0.23238771772371924,low,0
S0075,2025-03-10,10,mid,2,49.29464197885019,0,0,4,1,0,7.2323042722493565,0.0,15.60523242233739,0.28339817786017263,0.7598320998244705,0.029131708946348422,-0.7485925064577628,0.0,0.05814624834315729,0.33807555774090925,low,0
S0075,2025-03-11,10,mid,2,45.466351914227005,0,0,2,1,1,3.5167503128159066,0.0,10.680971273743292,0.41350851004927813,0.5925540514650948,0.3231380559793745,-0.6171767943894173,0.0,0.6063002788443551,0.7184171019232475,low,0
S0075,2025-03-12,11,mid,3,56.530247892967495,0,0,4,1,1,5.0538939091176385,0.0,13.427628200017976,0.20585557563046086,0.8516823962059397,0.07604671170140997,-0.43195787788139106,0.0,0.9385510052194379,0.9684376413429691,low,0
S0075,2025-03-13,11,mid,5,39.97451036033368,0,0,2,1,1,3.88918028094992,0.0,8.29721121370034,0.6610983875579397,0.28648686656644196,0.2510307704282011,0.616024280549494,0.0,0.4738170249748237,0.3799938022141667,low,0
S0075,2025-03-14,11,mid,3,58.56939629302481,0,1,2,0,0,1.6733950797180168,0.0,9.38944647118037,0.7724995145760339,0.4903945164204372,0.9616621238245556,0.9115070423534837,0.0,0.8813266848746334,0.6297527446270598,low,0
S0075,2025-03-15,11,mid,2,49.734996430889545,0,2,3,1,0,6.354309697468684,0.0,9.129659487362101,0.5278448639994495,0.5283905651871186,0.3783169321720098,-0.8955770866027641,0.0,0.2699560133331329,0.8183028726365802,low,0
S0075,2025-03-16,11,mid,3,29.615340061324993,0,1,2,0,0,5.229946019702528,0.0,7.973207825524715,0.349426688973153,0.5543310219212552,0.5468236402873489,-0.9800332245504988,0.0,0.6484601479102926,0.21591967296703374,low,0
S0075,2025-03-17,11,mid,4,46.39891459880057,0,0,2,1,1,3.439991524317419,0.0,7.756645545487471,0.21276121247416324,0.7047132279908817,0.19307266105574972,0.7198941488902182,0.0,0.5618660224504693,0.5187320988642196,low,0
S0075,2025-03-18,11,mid,2,39.21672339619542,0,0,1,0,0,3.1570116293756287,0.0,11.062611090073592,0.9367256017446661,0.3349853079456776,0.6650461386878589,-0.27894915363803485,0.0,0.8851955340167937,0.11035839938468073,low,0
S0075,2025-03-19,12,mid,4,52.931268455235916,0,2,2,1,0,6.120160637065391,0.0,15.383538351116693,0.21202508068916748,0.8234992778630086,0.5208932845738058,-0.7768383792050766,0.0,0.22648746588287916,0.9681548717714026,low,0
S0075,2025-03-20,12,mid,2,57.377262556613815,0,0,2,0,0,4.587047446461365,0.0,12.572344456794049,0.5595069963773963,0.6777504389142305,0.9146408110319353,0.5928961127164547,0.0,0.4890866010091195,0.5097180588885905,low,0
S0075,2025-03-21,12,mid,3,36.15134834993598,0,3,5,0,0,7.950326637845734,0.0,6.4536868670555485,0.39533469608720473,0.793365030728983,0.9978868192291154,0.37644988339476293,0.0,0.7819352017297717,0.05739108433103868,low,0
S0075,2025-03-22,12,mid,4,35.02596574878197,0,3,1,0,1,9.39411628516127,0.0,6.749938134991265,0.9937189829390715,0.3992836295010136,0.6687110410535267,0.9053601607601123,0.0,0.5714756336434624,0.5343436477957514,low,0
S0075,2025-03-23,12,mid,5,47.927561565112505,0,0,3,0,1,6.3966572105168265,0.0,11.865875605622794,0.6261568996780108,0.4391188558985749,0.7324937106164237,-0.961887435710091,0.0,0.6487376694976771,0.23232551288329673,low,0
S0075,2025-03-24,12,mid,3,48.90757107824227,0,0,1,0,0,5.698481129740211,0.0,8.206013084601448,0.06368795822158635,0.9143861397602897,0.9504445120965361,0.1619115109155025,0.0,0.6200359515149442,0.9083074665338896,low,0
S0075,2025-03-25,12,mid,2,48.41920583676548,0,0,4,0,0,9.681969054941277,0.0,9.433491695326389,0.8544306216811016,0.8287241548738331,0.8071034290481485,-0.17702235256015464,0.0,0.3899517837283827,0.20687055701760038,low,0
S0075,2025-03-26,13,mid,4,39.8857687208795,0,3,2,0,1,2.0538834688979684,0.0,14.089249154768513,0.10490886644317943,0.26292956919026145,0.2570252490407946,0.07022341515564934,0.0,0.10331756635708123,0.2882067959619894,low,0
S0075,2025-03-27,13,mid,4,23.895385646743517,0,0,5,1,1,0.6582208619178065,0.0,5.35628824727214,0.19974798225074086,0.10663390561177921,0.43378249175863925,-0.46173515504197127,0.0,0.3086081135531742,0.10598437442357322,low,0
S0075,2025-03-28,13,mid,4,59.28056985938702,0,0,5,1,0,4.25715765579066,0.0,10.585955034804954,0.877990864197174,0.959074994974635,0.3336448508375399,0.07779783396386986,0.0,0.9919250516748732,0.45094588654585077,low,0
S0075,2025-03-29,13,mid,3,64.83671039106046,0,0,3,1,0,5.133010405106021,0.0,15.850093984773697,0.8106787787547826,0.7843074079858469,0.3431213943466672,-0.7327114584567023,0.0,0.2782505958016921,0.546249734204854,low,0
S0075,2025-03-30,13,mid,3,58.80571953449662,0,1,2,0,1,4.217205386558831,0.0,10.427146171755034,0.6010210759455352,0.8993988835999731,0.914208981342877,0.7020455746495688,0.0,0.219816074821081,0.8589435545676133,low,0
S0075,2025-03-31,13,mid,3,37.78466892725844,0,1,2,1,1,6.804730761382502,0.0,8.122452663821294,0.49153727860056384,0.07653622647979785,0.29702650109688633,0.6058364782955108,0.0,0.3889180027961091,0.093263034564247,low,0
S0076,2025-01-01,1,mid,6,34.082950781456425,0,0,1,0,0,5.057616141080034,0.0,12.341189552824305,0.6930350907847644,0.5072512005893051,0.41690181106405466,0.5615362838693803,0.0,0.1477437129826723,0.44466807899387795,low,0
S0076,2025-01-02,1,mid,7,51.9792994462103,0,1,2,0,0,9.398358263577542,0.0,9.421432444660631,0.57487651051113,0.1826017541064877,0.012994176156686077,0.7404539156748171,0.0,0.09235201622191569,0.7914615121869577,low,0
S0076,2025-01-03,1,mid,6,41.64987943375031,0,1,4,0,1,5.229752543982245,0.0,18.519580128827528,0.8273432682551292,0.13564684778044034,0.6448802736673747,0.7898235169498518,0.0,0.5523155754542107,0.8659544838322283,low,0
S0076,2025-01-04,1,mid,5,50.0908191365238,0,3,3,1,1,5.145184612711231,0.0,7.746075065164913,0.5480400251465057,0.9059354902239651,0.23592259887621514,-0.6814401847202687,0.0,0.4824358442690294,0.7260492494931223,low,0
S0076,2025-01-05,1,mid,6,49.25507083896858,0,1,1,1,0,3.7497333102629753,0.0,9.981707624333131,0.3235108804427055,0.781784015854679,0.0678324603197179,-0.36295441814449325,0.0,0.170698512085103,0.6274699439368924,low,0
S0076,2025-01-06,1,mid,5,48.06096358946198,0,1,2,1,1,5.101346812830029,0.0,11.035971858620416,0.514270397861803,0.007200132563131789,0.4842923249893769,0.32542605929856183,0.0,0.4099481997034038,0.1289185186713061,low,0
S0076,2025-01-07,1,mid,6,35.036121883941476,0,1,5,0,0,6.985806598434161,0.0,9.409450457807223,0.38084079353749956,0.6092345858482312,0.9358905777188403,0.13243288723425994,0.0,0.029785589474655483,0.10158894595629853,low,0
S0076,2025-01-08,2,mid,6,49.96586015212687,0,0,2,0,0,1.367877859218655,0.0,12.808139709459354,0.3527016798864432,0.45992590074798123,0.25293474387051595,0.23368442742768236,0.0,0.6716423627943052,0.25107685167038685,low,0
S0076,2025-01-09,2,mid,5,62.99614217377268,0,1,5,1,1,2.9914772844636937,0.0,13.207676879870572,0.43032653341771554,0.7581984997649257,0.22996627043729356,-0.09847617470214787,0.0,0.319194367149609,0.7152638792297672,low,0
S0076,2025-01-10,2,mid,4,44.88536354704411,0,2,4,1,0,1.767229504351132,0.0,12.929580812345154,0.4207560002376348,0.8482022943941628,0.14767647194175504,0.2416210996569741,0.0,0.23086466180653942,0.3781773970192003,low,0
S0076,2025-01-11,2,mid,6,41.00372261539744,0,2,3,1,1,3.3345041889428906,0.0,4.510163482484916,0.8713580985219772,0.8850487050627547,0.7883610700442248,-0.24823379306336912,0.0,0.02440298951870634,0.3670929118384909,low,0
S0076,2025-01-12,2,mid,6,49.09429059436681,0,1,1,0,0,5.32724142842523,0.0,16.440338106963672,0.6028435372518434,0.2767592899623157,0.21233823333980162,0.7729141209186052,0.0,0.288537587728913,0.6924241641216334,low,0
S0076,2025-01-13,2,mid,5,32.127264931177315,0,0,3,1,1,2.8051050243508793,0.0,9.397052164412282,0.6110698199146657,0.8085542097425724,0.7105292127187857,-0.3769098234459207,0.0,0.23895985594773528,0.8828839401673999,low,0
S0076,2025-01-14,2,mid,6,37.743882722589014,0,0,1,0,1,7.6985037493149555,0.0,6.460372515318033,0.4648192726058298,0.5712055366733942,0.3017586763116512,-0.11945820994777168,0.0,0.713365303873895,0.1073259762581058,low,0
S0076,2025-01-15,3,mid,5,58.36158912059214,0,2,3,1,1,4.9250557572196385,0.0,12.501290639497135,0.4802575742951116,0.7447826071610772,0.5600308695250181,-0.0914262340059051,0.0,0.7946058513089455,0.47502480072741093,low,0
S0076,2025-01-16,3,mid,5,50.49783049541602,0,0,3,1,0,6.6109803859292855,0.0,12.353918441668089,0.0015321047659072606,0.22270471215497978,0.2146250729826381,0.16298328998071998,0.0,0.656927903191923,0.9016714103505307,low,0
S0076,2025-01-17,3,mid,6,6.535897663688182,0,0,2,0,1,7.1283830902247995,0.0,15.449775025625925,0.8753377534119847,0.5839621892054568,0.22081054808480705,-0.5692988819604521,0.0,0.733880708950654,0.8342573708787463,low,0
S0076,2025-01-18,3,mid,7,44.36638730374396,0,0,4,0,1,2.2934381209217545,0.0,13.484653539591566,0.2845230110980044,0.4622514365811602,0.25897902560255537,0.7914559018156295,0.0,0.04903552557640389,0.11267433070291766,low,0
S0076,2025-01-19,3,mid,7,55.956033281016836,0,1,1,0,1,3.770840918895541,0.0,6.012672342554426,0.6969187927650191,0.49860750088206085,0.9666099839007002,0.1591902459220842,0.0,0.32860608769879607,0.18180628306322855,low,0
S0076,2025-01-20,3,mid,6,44.31418353577929,0,1,3,0,0,4.561799822401686,0.0,11.283792923053777,0.20980569469425336,0.0824502867068514,0.7492246220496769,0.9241737937420522,0.0,0.1189294578771688,0.4776516635125847,low,0
S0076,2025-01-21,3,mid,6,35.694391612356974,0,1,5,0,1,3.403903702656031,0.0,8.333560648873538,0.23329158571442754,0.535823343134749,0.06799757221601277,-0.9471913639135063,0.0,0.5863807120896241,0.4365942377440587,low,0
S0076,2025-01-22,4,mid,6,54.16469612376969,0,2,2,0,1,2.2941727128993996,0.0,6.743277007203621,0.5637894182773806,0.24387318397041613,0.19919000138940768,0.33316947626389504,0.0,0.4433760407129216,0.052965842134822694,low,0
S0076,2025-01-23,4,mid,7,41.536853983214655,0,0,3,0,0,3.9723948250444674,0.0,8.71487504705063,0.11254440730063286,0.96898812816628,0.6599417979906943,0.11100360898914152,0.0,0.8827011022316528,0.32889910151899926,low,0
S0076,2025-01-24,4,mid,4,45.31496908144674,0,3,3,0,1,4.868724059842254,0.0,10.21245235163149,0.5605867763379184,0.0893041761656036,0.16746803761189266,0.8175465676522151,0.0,0.9927932733437109,0.9974662126622734,low,0
S0076,2025-01-25,4,mid,5,50.70799144240165,0,0,2,0,0,4.125617051359086,0.0,6.123093324825484,0.008294947139063646,0.9715274346414717,0.44279028289052125,-0.13288682611021008,0.0,0.02319366954449331,0.18604585624040026,low,0
S0076,2025-01-26,4,mid,5,45.49600806413831,0,0,4,0,1,6.646823781751727,0.0,9.232644915971768,0.2542556300208678,0.903021668072427,0.07576230069047596,-0.6822180385104901,0.0,0.6631514206974096,0.9941781281195033,low,0
S0076,2025-01-27,4,mid,6,52.530040792044645,0,1,2,0,1,6.21115059484022,0.0,12.660144383493943,0.9352205089131426,0.6210802414863784,0.980821322058272,0.05549741121042384,0.0,0.5251382300213235,0.01896556857696663,low,0
S0076,2025-01-28,4,mid,5,51.94119402003888,0,1,5,1,0,3.1187843026831805,0.0,11.262385775242706,0.8805956054642189,0.7853898813492579,0.8172983017245146,-0.29574974972157175,0.0,0.05770824665981911,0.07646799348202793,low,0
S0076,2025-01-29,5,mid,6,47.24525859998027,0,0,1,1,0,7.224472300027058,0.0,9.420985717672101,0.3670512516962695,0.07817142906660601,0.4535718596227394,0.8100978707758419,0.0,0.0684626506874807,0.2483012565189573,low,0
S0076,2025-01-30,5,mid,6,38.64859968012817,0,1,3,1,0,1.2940392278704422,0.0,12.652117322063138,0.4971350777051118,0.3593350507918217,0.030332965083099794,-0.4378618708755617,0.0,0.4508817817045554,0.2552875884565097,low,0
S0076,2025-01-31,5,mid,6,49.226110893425925,0,0,5,1,0,3.118511937391009,0.0,10.945293428240465,0.9570251486953615,0.45807964111793276,0.605974529190584,-0.889099509817521,0.0,0.945537070893154,0.6633650505813948,low,0
S0076,2025-02-01,5,mid,6,33.55022945001826,0,4,3,1,1,6.046594541951576,0.0,14.625153161763388,0.35723172866802255,0.6948022991516132,0.5288877387321705,0.6794891299773937,0.0,0.2733702494907533,0.10208867245400177,low,0
S0076,2025-02-02,5,mid,5,46.41171898755189,0,2,2,1,0,4.628302927132053,0.0,15.615981580107004,0.8027012486621532,0.0271406873446437,0.6358464977873229,-0.937520234881339,0.0,0.22801500264646446,0.3125034999502557,low,0
S0076,2025-02-03,5,mid,6,46.61419452933923,0,1,2,0,1,3.0005483472046253,0.0,13.619624139263063,0.8614811080135588,0.7452455319611541,0.33361784244948867,0.5496508371783064,0.0,0.8904195732063991,0.2523487058107067,low,0
S0076,2025-02-04,5,mid,4,61.49632868862109,0,2,1,1,1,5.675085993454416,0.0,11.337676314338818,0.2871121274322226,0.5219794906640016,0.37817435350193296,-0.29364781740164725,0.0,0.7309580487523181,0.5993992220417671,low,0
S0076,2025-02-05,6,mid,6,32.788084003340835,0,1,1,0,0,5.247689038482846,0.0,10.151688407447862,0.09624743131058233,0.7269180183460974,0.5828964972454783,-0.31701043036850596,0.0,0.05070056374883569,0.3293340304046499,low,0
S0076,2025-02-06,6,mid,6,55.90866568582684,0,0,1,1,1,5.997428753830781,0.0,5.732435626759326,0.42607342326050945,0.973095930148989,0.0007603968650616855,-0.272666199798004,0.0,0.813379062814276,0.39150544947155863,low,0
S0076,2025-02-07,6,mid,6,41.046520132585776,0,1,4,1,1,5.38284230474232,0.0,18.221656681344708,0.4020978181143867,0.07688288783379149,0.6509606290004913,0.26347316870473825,0.0,0.5590757240356538,0.13148788415287904,low,0
S0076,2025-02-08,6,mid,5,26.04698308051321,0,1,5,0,0,5.972794186393185,0.0,10.553361130365948,0.7141838606915938,0.069263238084043,0.3764267022354907,0.15632154453407088,0.0,0.6732529770474411,0.34482014882143264,low,0
S0076,2025-02-09,6,mid,4,33.851898582611604,0,3,4,1,0,6.368502977617152,0.0,9.84234379046183,0.6641936590784839,0.7081921880267824,0.4269846499996942,0.7159581033602171,0.0,0.18543479391664908,0.9591580420345667,low,0
S0076,2025-02-10,6,mid,4,55.792616049223575,0,3,3,0,0,4.903292374167885,0.0,7.515006148411521,0.7805503619180681,0.5490986888767954,0.4777531125081015,-0.8570821405342774,0.0,0.980547193334723,0.5411968367523298,low,0
S0076,2025-02-11,6,mid,5,44.07971029414797,0,1,4,1,0,2.9675034750050795,0.0,2.764685235163414,0.6105509165652122,0.6817644495322307,0.32553619998648076,-0.2652313658794947,0.0,0.1034708248730245,0.08931910231758677,low,0
S0076,2025-02-12,7,mid,6,45.64413859537779,0,0,2,1,1,6.731132234165619,0.0,14.17290299225271,0.44122561879888467,0.5467040794695045,0.04311328268025594,0.997889048594494,0.0,0.8670421230755576,0.3227892841455289,low,0
S0076,2025-02-13,7,mid,6,36.67833554763052,0,2,4,1,0,6.408592032811305,0.0,6.185592782536691,0.5842662139786337,0.09628562110669736,0.7372923957799129,-0.12500336391238376,0.0,0.1608175470773534,0.9269108546802185,low,0
S0076,2025-02-14,7,mid,6,54.46227510374633,0,1,1,0,1,3.384125441213114,0.0,9.707948736922235,0.9280888299446253,0.929955581745681,0.3935658117311609,0.641924416201832,0.0,0.8985885063547571,0.5080490559606502,low,0
S0076,2025-02-15,7,mid,7,51.56583156458551,0,1,3,1,0,7.059526959673011,0.0,10.468772636909293,0.4078754143596013,0.6228165193068246,0.634141124031221,0.4638548095759718,0.0,0.22841538174110798,0.7479121089715214,low,0
S0076,2025-02-16,7,mid,6,30.73599158387446,0,0,1,0,1,3.042678380255207,0.0,11.292711858424077,0.23110167188803798,0.8172292080618956,0.09304900085458301,-0.8047110457167181,0.0,0.7739883750970592,0.1233299481396084,low,0
S0076,2025-02-17,7,mid,6,61.529277103889434,0,2,2,1,0,4.609617437847453,0.0,5.202565401310984,0.7832761077889279,0.634263467514901,0.7403408710786514,0.6067947191943375,0.0,0.03475609470116381,0.48057861774001853,low,0
S0076,2025-02-18,7,mid,4,36.26984957877361,0,1,2,0,0,0.0,0.0,8.120001032938232,0.910196721788765,0.7949377776650274,0.27218549394012814,0.6088097595879007,0.0,0.08266988931389996,0.715824064037504,low,0
S0076,2025-02-19,8,mid,5,53.59390635075139,0,1,3,0,0,3.938393871597577,0.0,12.435348212083596,0.4915484309106304,0.3197151544746749,0.5873455543294347,0.6905473502029855,0.0,0.019917837615159528,0.5697647763845618,low,0
S0076,2025-02-20,8,mid,6,42.19472601254786,0,2,3,0,1,5.310672754535334,0.0,12.251515174269665,0.7440764271723443,0.4556988911031181,0.7070582971679814,-0.33106291948897937,0.0,0.6601790565432537,0.4307716625684077,low,0
S0076,2025-02-21,8,mid,7,48.7674054760852,0,4,3,0,0,4.370018726348927,0.0,13.963138668416585,0.552442788010894,0.4274702867262071,0.17397618868599296,0.941521034265921,0.0,0.19034189770783339,0.6203105444348949,low,0
S0076,2025-02-22,8,mid,6,39.42065006334269,0,1,5,1,1,2.490617909042465,0.0,9.739005326393228,0.9492234907545106,0.13665193054549962,0.2356497699340363,0.5366005223744288,0.0,0.43113955270182536,0.35784995795248264,low,0
S0076,2025-02-23,8,mid,6,22.965559231994085,0,1,2,1,0,6.443719725348693,0.0,10.73772596953069,0.2849892535196984,0.8173709956543612,0.6706454572513042,0.6799347389868529,0.0,0.10293303416711319,0.8272217915688481,low,0
S0076,2025-02-24,8,mid,7,43.71411809078624,0,0,5,0,1,2.3444805936545343,0.0,16.74777710049659,0.6243405486973801,0.8349800053030523,0.01448823802870558,-0.7981751292249586,0.0,0.6833614616295517,0.6790466232125931,low,0
S0076,2025-02-25,8,mid,5,36.73486428629762,0,1,5,0,1,7.91358014460446,0.0,8.431523659183512,0.12726888434746186,0.011029224529034876,0.9982494011713502,0.5941064687624813,0.0,0.832589847323484,0.6021773875419717,low,0
S0076,2025-02-26,9,mid,6,50.962419318087925,0,1,4,0,1,1.7277692406282363,0.0,9.393157016158565,0.4195560632610914,0.45838745046141327,0.8657273308280432,0.5335367538482061,0.0,0.19594244120822324,0.3159342191384188,low,0
S0076,2025-02-27,9,mid,7,64.60349340013666,0,2,4,0,1,3.3662426714722775,0.0,10.811779917471391,0.13802100131874528,0.5954045765990033,0.24817763909242796,0.665533926138608,0.0,0.06937672458997768,0.23625429413622767,low,0
S0076,2025-02-28,9,mid,7,57.2608652515745,0,3,2,1,0,7.092706162603246,0.0,9.32077368688823,0.0427475501760195,0.010116479268385548,0.25029949593125556,-0.7447842391235768,0.0,0.2702345550042261,0.3055977559793501,low,0
S0076,2025-03-01,9,mid,8,36.053383789934976,0,0,1,0,1,5.975910384960985,0.0,8.051393770243143,0.5925327245003296,0.050594966645647,0.29213772569951046,-0.5593966110553239,0.0,0.2911366122428687,0.19978856989766625,low,0
S0076,2025-03-02,9,mid,4,40.16058568137814,0,1,4,1,1,6.465758170242348,0.0,8.69846977983138,0.748690042855702,0.8630980702553018,0.8728981371101284,0.4593229901705822,0.0,0.0575651316704483,0.09564279693720379,low,0
S0076,2025-03-03,9,mid,5,43.37408018580701,0,1,2,0,0,2.448609600128793,0.0,15.38746928612407,0.21341573402891345,0.8776901076385261,0.9496598676188343,0.9756885714062378,0.0,0.04137123117718233,0.05036856496167652,low,0
S0076,2025-03-04,9,mid,5,47.78188031616576,0,1,3,0,0,5.10660926822639,0.0,10.888845497727802,0.08306282143587873,0.8550014193656442,0.6527950527430857,0.03418870478011926,0.0,0.7791206737672548,0.6902882561846461,low,0
S0076,2025-03-05,10,mid,5,51.45387368903096,0,1,1,1,0,2.545048398825327,0.0,11.060467632850788,0.505390617552158,0.6933981276804668,0.5364471456499847,0.12504425931614782,0.0,0.21252222036127877,0.6576541343976274,low,0
S0076,2025-03-06,10,mid,6,68.77690295045417,0,2,5,0,0,2.131153982697826,0.0,11.689853236706838,0.7469554663337671,0.7245075272058074,0.16665290167642333,-0.6103422651382304,0.0,0.10933710514400197,0.4986855400390968,low,0
S0076,2025-03-07,10,mid,6,42.03883951317907,0,0,5,1,1,4.3719100488840485,0.0,8.929386358963022,0.8450952313890132,0.9871596918711377,0.6358561871330994,0.2347074368838329,0.0,0.5405735499444086,0.2445635529604565,low,0
S0076,2025-03-08,10,mid,5,39.63287066724056,0,3,4,0,1,9.40100126235593,0.0,7.365834677507957,0.5717686021591945,0.26540632850661505,0.00017851487062858773,-0.7913407887368977,0.0,0.8307831362097129,0.10935386222080401,low,0
S0076,2025-03-09,10,mid,6,67.16283043056188,0,0,3,1,1,3.2998535206861526,0.0,10.472679106175901,0.7753896878107763,0.6880518891874674,0.15439938783534268,-0.9171775785941558,0.0,0.13504001677871735,0.11690383382869818,low,0
S0076,2025-03-10,10,mid,5,46.34014815946547,0,0,4,0,1,7.21273571750085,0.0,10.543938036684855,0.5935662234625306,0.13857724730630394,0.18567406871140602,-0.2847653398110348,0.0,0.9200290916500189,0.46002346254053217,low,0
S0076,2025-03-11,10,mid,5,64.39957633698887,0,0,1,1,1,5.959162148030979,0.0,13.28055747758032,0.46209306823488927,0.8454770544236081,0.18103178551797194,-0.4419772923255565,0.0,0.5540714538856713,0.5896250912195832,low,0
S0076,2025-03-12,11,mid,6,24.741899984461423,0,0,1,1,0,3.0983545590240884,0.0,10.53279893654496,0.6461034562174517,0.5627097913695294,0.4777941699935965,0.08470150995363213,0.0,0.029830382602501038,0.7528837648259236,low,0
S0076,2025-03-13,11,mid,5,51.36384346868748,0,0,4,1,1,8.849812902728283,0.0,9.637500207634377,0.37928721142134403,0.04371932183138827,0.7658468141808202,0.8908809570714578,0.0,0.8104923071436294,0.8400887615602125,low,0
S0076,2025-03-14,11,mid,6,51.03046779190351,0,1,3,1,1,7.121178215873954,0.0,4.587404135470456,0.8103190963605481,0.5827191220783774,0.9120624448572164,0.38284036287290446,0.0,0.5529187097598878,0.20604446113997532,low,0
S0076,2025-03-15,11,mid,5,54.96070840884506,0,0,1,0,1,3.5498286142195323,0.0,7.410468888558741,0.9115704322567284,0.5933759556750112,0.03168955334239276,0.6059044919783008,0.0,0.6420528139663283,0.7430633646265158,low,0
S0076,2025-03-16,11,mid,6,19.574200226723416,0,1,1,0,0,4.223389437342927,0.0,7.735181116666715,0.07733181114470056,0.8277751609354038,0.6153820130846648,-0.6711545078347114,0.0,0.8371843456033369,0.8969788100613746,low,0
S0076,2025-03-17,11,mid,5,63.85841938855213,0,1,4,0,1,5.349157299057148,0.0,16.01520714084704,0.14693544123661095,0.040716069114833386,0.38462444209362834,-0.9893635848406259,0.0,0.0571264442573135,0.07341708760435783,low,0
S0076,2025-03-18,11,mid,6,53.169784550850316,0,0,4,1,0,2.811420597836969,0.0,11.436321620061246,0.7213336711901999,0.6393118213749084,0.964277290989053,-0.422122507438059,0.0,0.056351309570403685,0.18330342620050633,low,0
S0076,2025-03-19,12,mid,4,40.42479337201381,0,1,2,1,0,2.3210928701667686,0.0,10.800249089315365,0.8011083793767038,0.005648749407219489,0.5043234434723772,-0.6083576419714753,0.0,0.3380300088983541,0.4090967845668708,low,0
S0076,2025-03-20,12,mid,4,53.19708384100065,0,1,2,0,0,0.8453095818021898,0.0,7.161564322166882,0.22131847891183432,0.0017961924888970637,0.455608982938155,0.9611488102170036,0.0,0.7299626081804377,0.9395922626104165,low,0
S0076,2025-03-21,12,mid,6,45.002151262344036,0,0,2,1,0,5.31351863755999,0.0,8.57931225961867,0.4820184080058837,0.1424026868010102,0.47309182113063497,0.844682407946086,0.0,0.8760273091026645,0.08636621402124578,low,0
S0076,2025-03-22,12,mid,6,16.273087702528723,0,3,1,0,1,4.927870828968825,0.0,8.752815238268932,0.16117371329189134,0.5740924945888721,0.680786029563846,0.3620578868205766,0.0,0.4904353085553431,0.7169027454016811,low,0
S0076,2025-03-23,12,mid,6,46.55250900583782,0,0,4,0,1,6.266269953977148,0.0,10.39754880790156,0.11058499735716587,0.1320771679437246,0.33483221763306925,0.2824748563040478,0.0,0.14634345690471806,0.13054141618636406,low,0
S0076,2025-03-24,12,mid,6,51.08193713409617,0,1,4,1,0,5.849435055527438,0.0,11.631653251594122,0.9809067809255675,0.17107883094408716,0.944504187821814,0.4653481405602964,0.0,0.8812265848307144,0.034264487527610354,low,0
S0076,2025-03-25,12,mid,6,44.38262047930326,0,1,3,1,1,3.3112160303078815,0.0,15.818151699575463,0.02070905193670647,0.800515019935503,0.27345345266377685,0.34279125306050684,0.0,0.6581637089406693,0.14461212153373615,low,0
S0076,2025-03-26,13,mid,5,32.69954534489901,0,0,2,1,1,4.026124083249291,0.0,9.078472806994927,0.08786206861174228,0.8800303474073977,0.814873659375118,-0.011445875476911338,0.0,0.31980362129993944,0.686708853857973,low,0
S0076,2025-03-27,13,mid,6,37.00245808230221,0,2,1,1,1,7.50014058817283,0.0,10.820457878301522,0.21526937189927686,0.018864258682483648,0.02138872228998412,-0.5100206589992353,0.0,0.7160453263673074,0.33917705248251184,low,0
S0076,2025-03-28,13,mid,5,44.67449627047099,0,1,4,1,1,5.122147951912733,0.0,10.034556853101392,0.34945483308268377,0.4033688611495716,0.5371000371084899,-0.9109210457298271,0.0,0.2258378187597132,0.3228893643510836,low,0
S0076,2025-03-29,13,mid,5,45.35061799915413,0,2,4,0,1,5.526790514951642,0.0,10.932209940742707,0.6226713239637541,0.503623602184485,0.08341548724413039,-0.35909304141392484,0.0,0.6051980172717428,0.5779791894910477,low,0
S0076,2025-03-30,13,mid,6,48.53684590738965,0,1,4,0,1,5.6673140971967655,0.0,12.320315220655878,0.8652881942166523,0.8778533008932753,0.5272659035429856,-0.12694492833263427,0.0,0.42930401870853807,0.4440217258626916,low,0
S0076,2025-03-31,13,mid,5,34.373081944438496,0,3,3,1,0,3.3728791238084366,0.0,12.33412826351623,0.33153524521588085,0.4309274780370349,0.3908054109839596,0.22980234734441263,0.0,0.7235225018693409,0.8995726538539235,low,0
S0077,2025-01-01,1,mid,6,55.59785411176361,0,2,1,0,0,8.791432040867726,0.0,12.070477459527645,0.8251677180775935,0.6006140356800815,0.6351493963239243,-0.6958042977388343,0.0,0.062384318367728286,0.10192652591060913,low,0
S0077,2025-01-02,1,mid,5,29.837004208520817,0,1,3,1,1,4.293200588209336,0.0,9.555048077995762,0.9336955780505373,0.4034041401414217,0.2910267037681199,-0.6987880841756517,0.0,0.4251971327140601,0.3677955497203532,low,0
S0077,2025-01-03,1,mid,5,40.63019866009328,0,1,5,1,0,1.6853760761295389,0.0,5.866757983442964,0.777803313189575,0.8159083903054669,0.28723381512144097,0.37815505094126145,0.0,0.6392455930142198,0.03366401185453405,low,0
S0077,2025-01-04,1,mid,5,54.23575841284175,0,1,4,0,1,6.462585169245858,0.0,10.090633359700009,0.4161545593575333,0.04028261018815715,0.5945962796938179,0.6567227699126259,0.0,0.286046081895467,0.31730569081248594,low,0
S0077,2025-01-05,1,mid,7,50.87498221725778,0,1,2,0,0,5.914571162049068,0.0,6.8018645955070935,0.781644811541781,0.17572501484439018,0.7894300984357604,-0.7564555596020115,0.0,0.2627778588230708,0.3618154013093856,low,0
S0077,2025-01-06,1,mid,7,36.03582438792893,0,0,4,1,0,6.177595575507942,0.0,9.223621054693094,0.38553757578285575,0.47029118127432457,0.7528517908554566,-0.8923859393486337,0.0,0.7005936168477307,0.06442292460161347,low,0
S0077,2025-01-07,1,mid,8,55.090601558031736,0,0,1,0,1,3.2279762402815093,0.0,9.885088640511558,0.24086103145392412,0.677335221277067,0.504768637593344,0.5886332586462646,0.0,0.39344062354727516,0.11508449630470441,low,0
S0077,2025-01-08,2,mid,5,41.82107198089038,0,1,4,0,1,3.1640243411118787,0.0,8.78044036466049,0.18838446216176552,0.08143102670736102,0.08549253748251828,-0.6140271502248791,0.0,0.47044203193265,0.7128691828915843,low,0
S0077,2025-01-09,2,mid,5,33.48173730730245,0,0,2,1,0,8.521053727048699,0.0,12.835793382672486,0.35071690317769244,0.9488389936827343,0.0667623539571287,0.781999096268075,0.0,0.26144343638609036,0.805089995024869,low,0
S0077,2025-01-10,2,mid,5,32.68485206456471,0,0,4,1,1,6.453708864183646,0.0,9.25012813607078,0.7072273796053117,0.70347670000971,0.48638710984316613,-0.004377931793965617,0.0,0.7307408559666829,0.01011460210542292,low,0
S0077,2025-01-11,2,mid,6,44.553633724998825,0,1,2,0,1,7.427303175395054,0.0,12.18810440791886,0.9809922574693976,0.9181851260077526,0.34424410286252904,0.6054868884949691,0.0,0.3724986520861764,0.6462747936234952,low,0
S0077,2025-01-12,2,mid,6,47.41454921191753,0,2,4,1,1,3.7427034280693574,0.0,5.450952675579044,0.5106043670602939,0.477574804834313,0.1623266369074321,-0.7031648422545835,0.0,0.4136031654101535,0.6909130476938007,low,0
S0077,2025-01-13,2,mid,5,46.74951152628877,0,0,3,0,1,4.750980018740997,0.0,11.040613204210917,0.10312866295073675,0.3364729719930436,0.6970664705333101,-0.49790907615938296,0.0,0.18294126746372807,0.26362026998393306,low,0
S0077,2025-01-14,2,mid,7,46.446164587311706,0,0,2,1,0,4.462410356204211,0.0,11.522110976794425,0.3229522408313843,0.3384688377760139,0.07000109590692716,0.5572401196877486,0.0,0.1825109602636371,0.20802196046585053,low,0
S0077,2025-01-15,3,mid,6,25.79795721148303,0,0,1,0,1,2.673434608721284,0.0,7.289465938060896,0.33912995479552555,0.3919187981435147,0.12818160774342235,-0.5844336730608015,0.0,0.9104935519933662,0.9445229438223061,low,0
S0077,2025-01-16,3,mid,5,47.35704171100669,0,0,4,1,0,4.072664448656093,0.0,5.637093592822622,0.3510265055257452,0.7877037107316978,0.41105668527952255,-0.8459666356596265,0.0,0.605591190948199,0.8887113191849502,low,0
S0077,2025-01-17,3,mid,5,53.72372568683472,0,0,3,1,0,5.334934818358069,0.0,10.710176798064495,0.2497858952536306,0.5764297874597666,0.8461129398233415,0.5728183334012664,0.0,0.8237894741682293,0.47757585019489324,low,0
S0077,2025-01-18,3,mid,5,44.12811755946037,0,0,4,1,0,4.137863424265487,0.0,9.176826607475451,0.8547310007571969,0.6521149508867031,0.03357893833307746,0.4465085558417905,0.0,0.33704591699159014,0.5434014080841396,low,0
S0077,2025-01-19,3,mid,4,47.77856717710373,0,1,1,1,0,7.947223480207834,0.0,14.460742451599309,0.9162173991249154,0.6724185204838325,0.14733906313602652,-0.6520860582328265,0.0,0.2746206406087631,0.0379422742277693,low,0
S0077,2025-01-20,3,mid,4,29.6756810810978,0,1,3,1,1,6.019541523343694,0.0,8.605953225513078,0.5637875190929018,0.5158986540202776,0.9688295647762115,-0.2641939444378105,0.0,0.04094775404713824,0.25516454096873753,low,0
S0077,2025-01-21,3,mid,6,26.688373279946905,0,0,3,1,1,2.9310783873395043,0.0,7.290489624273681,0.8404881098258453,0.49515708045499063,0.9315383073871845,0.3668229714535105,0.0,0.0624471832072524,0.10724441759267422,low,0
S0077,2025-01-22,4,mid,5,48.95948774104003,0,0,2,1,0,2.494218825694458,0.0,7.910813957493898,0.5144837574815943,0.44151307343563895,0.09345220073275518,-0.9874045469127193,0.0,0.5950344383852806,0.8583867179800598,low,0
S0077,2025-01-23,4,mid,4,55.031220250628905,0,0,5,1,1,4.7210577508962395,0.0,11.153342020511555,0.15847347187826866,0.8236375267632685,0.6426060874255803,-0.8014902133381494,0.0,0.6183427482407324,0.8165988851216925,low,0
S0077,2025-01-24,4,mid,3,51.26190267405638,0,0,1,0,0,3.5440365025220437,0.0,11.998321364292252,0.40537483805723395,0.24188910271182595,0.5132936727674475,0.30480326383711853,0.0,0.2700751861839723,0.4621475584876781,low,0
S0077,2025-01-25,4,mid,3,55.632374835028,0,1,1,0,1,7.548772066684289,0.0,8.505889306511003,0.8506187576141011,0.2684714614653886,0.6399949893307769,0.4479192323807699,0.0,0.9159015670907452,0.8891235345468451,low,0
S0077,2025-01-26,4,mid,7,21.924667660803596,0,2,2,0,1,4.610830336077994,0.0,11.63829070644849,0.24232858027041704,0.49312544399544656,0.7848027705426003,-0.45972380762270015,0.0,0.4066008522576474,0.1514311118105094,low,0
S0077,2025-01-27,4,mid,7,53.906683521979005,0,1,4,1,0,2.350137343026837,0.0,7.208893788584681,0.44077922202386133,0.06658770186274887,0.47116593626385084,0.9314269418411052,0.0,0.053896238693622256,0.15294370054166595,low,0
S0077,2025-01-28,4,mid,7,53.99036175211141,0,2,2,0,1,6.6387089887365365,0.0,9.577582213757305,0.4792300406184796,0.6924408619854838,0.5086447917612039,0.45304188270402035,0.0,0.10891599947174857,0.9449114998269479,low,0
S0077,2025-01-29,5,mid,4,54.047560101163384,0,0,3,0,1,9.284016316708856,0.0,7.184994083011855,0.8577557202624075,0.8292513865160567,0.6670938437833311,-0.4700290418250015,0.0,0.1619211486549984,0.545440589158979,low,0
S0077,2025-01-30,5,mid,5,54.573970313545665,0,2,5,1,0,4.699744128329747,0.0,16.838969276592586,0.7805242654160106,0.9551487685855901,0.36447031208248715,0.5095705262472208,0.0,0.21211382758198227,0.4214561552464696,low,0
S0077,2025-01-31,5,mid,5,47.39220278518342,0,3,3,0,0,6.994676575016114,0.0,10.499925453305634,0.731054332290531,0.8543422710533751,0.6983948262004122,-0.9516597453182594,0.0,0.8782040923569644,0.6177295721681757,low,0
S0077,2025-02-01,5,mid,6,33.7366777115934,0,2,1,1,0,0.8224772922213113,0.0,5.150027507555324,0.09473829543273582,0.9042495899818921,0.9367614292640922,0.769027996237061,0.0,0.2253694047687238,0.3017063862951205,low,0
S0077,2025-02-02,5,mid,6,50.39412142856363,0,1,2,0,0,8.902639611977062,0.0,9.094805440467308,0.04780681207861737,0.43043987636431724,0.23960033681490478,-0.7903184728183403,0.0,0.6725986057303438,0.9768093079136237,low,0
S0077,2025-02-03,5,mid,6,42.969251150580085,0,0,1,1,1,5.650771901736642,0.0,8.04266294608713,0.772762705391163,0.5883513283583413,0.7410970517112188,0.37965323005603735,0.0,0.9229385612056846,0.47855299099151116,low,0
S0077,2025-02-04,5,mid,3,51.61602424703359,0,0,4,1,0,3.5325021725322374,0.0,4.806998758225626,0.3523156588551144,0.8546502944228461,0.9478039389709494,0.8039874289142652,0.0,0.013223425272288702,0.17273772252504516,low,0
S0077,2025-02-05,6,mid,6,54.63997878014305,0,1,4,0,0,1.9981445729381782,0.0,10.21798354719914,0.2475598534155654,0.37822958645528393,0.9963409722662634,-0.6521462760309882,0.0,0.8028857901137219,0.8656780621696879,low,0
S0077,2025-02-06,6,mid,6,50.07690256610373,0,0,4,0,1,4.669937128831745,0.0,8.51330537742994,0.23653350470246715,0.4946945223451258,0.5636453596538118,-0.24074196476641951,0.0,0.38015677183553087,0.7483977332361035,low,0
S0077,2025-02-07,6,mid,8,31.008128279712516,0,0,3,1,1,5.028782671216334,0.0,12.295540759656186,0.3589414043869572,0.7659018412948888,0.5421962063400064,0.6262315438687942,0.0,0.6989602714818987,0.3637503579946014,low,0
S0077,2025-02-08,6,mid,5,41.16133674924216,0,2,1,1,1,8.917062259421446,0.0,7.795578175903344,0.8771436770398154,0.03943824098690296,0.9921048568295037,-0.18501604624496992,0.0,0.1299969800132723,0.3312487875923591,low,0
S0077,2025-02-09,6,mid,6,58.64043184635064,0,0,1,1,1,5.366582914432443,0.0,2.344036399435355,0.39713427659326694,0.7262808558159324,0.17382771752479442,-0.895906222726474,0.0,0.9740392629865813,0.5356160426229061,low,0
S0077,2025-02-10,6,mid,4,69.32343099156594,0,0,1,1,0,7.5802233501754746,0.0,6.5597991742370345,0.5480021181225996,0.26672716915662653,0.8812853669218395,-0.05501918052678367,0.0,0.7884384400703172,0.8621277198040208,low,0
S0077,2025-02-11,6,mid,4,39.10273218959274,0,1,4,0,1,2.233150944527829,0.0,8.610295606742486,0.07113887196061774,0.9066938259933338,0.046630774543739206,-0.9078155219391904,0.0,0.32201674028721405,0.3187716213296016,low,0
S0077,2025-02-12,7,mid,6,38.081206918810196,0,0,1,1,0,4.2840789385080065,0.0,2.15365786136136,0.7306663276985494,0.6579618644149439,0.6176168686165945,-0.22418939746750022,0.0,0.9657093407248115,0.18453347706185608,low,0
S0077,2025-02-13,7,mid,5,38.707432724637364,0,0,2,1,1,5.817666959159728,0.0,11.357694955407379,0.5685528257303429,0.3754242587060911,0.8049344502262802,0.22053910236645513,0.0,0.18983169849869752,0.24230274664021012,low,0
S0077,2025-02-14,7,mid,7,54.58399433095578,0,0,4,1,0,3.403623162148924,0.0,10.806386025705327,0.3274494921884262,0.6599168856077213,0.28475468025345196,0.5165486717705965,0.0,0.5186088606853063,0.24927840515803779,low,0
S0077,2025-02-15,7,mid,5,45.60673685225159,0,1,4,0,0,3.0093159813700856,0.0,3.5971529798560304,0.8388883852319579,0.19466401122393606,0.06526831852395754,0.6496875145089094,0.0,0.21205283663029462,0.6908304088262333,low,0
S0077,2025-02-16,7,mid,6,38.61392031308174,0,2,1,1,0,4.056605903948782,0.0,12.949923110936485,0.09901039692520153,0.5898190841685266,0.5219421179952497,0.6767830142972704,0.0,0.10293503719154651,0.6452506984586209,low,0
S0077,2025-02-17,7,mid,5,43.84379835617529,0,1,5,1,0,10.09585138532059,0.0,12.702007074248403,0.5224345583674945,0.6793346235674727,0.3951966530939086,0.22730266546760913,0.0,0.4907813174825829,0.9459383319812101,low,0
S0077,2025-02-18,7,mid,4,42.786628939122906,0,2,1,0,0,6.69233377060325,0.0,6.190070628732142,0.11193360728798518,0.9675705357201873,0.5350639986634725,0.14742508779407615,0.0,0.9503799202356453,0.46770064940340206,low,0
S0077,2025-02-19,8,mid,6,47.384158535023396,0,0,1,0,0,6.286540226983148,0.0,7.181058514914798,0.5796339122538541,0.4080952570315025,0.34196109938062724,0.1968252893471798,0.0,0.4690412838060459,0.5497295335109582,low,0
S0077,2025-02-20,8,mid,4,26.318934308945646,0,1,2,1,1,1.6586872830637773,0.0,7.909074007904888,0.12272036687146415,0.7452806694050258,0.8988179908650341,0.004178968951452866,0.0,0.19178168922967775,0.31012815572197905,low,0
S0077,2025-02-21,8,mid,6,45.178524587213666,0,2,1,1,0,7.575893866599598,0.0,8.997650911810414,0.8591183732952121,0.3150145744600903,0.8892988526670356,0.9798951175423614,0.0,0.9489765118786628,0.5284246973139243,low,0
S0077,2025-02-22,8,mid,6,39.56104458078605,0,3,1,0,0,1.9842878475687127,0.0,8.163785123744944,0.8178951897067929,0.9067130220811275,0.7750844960271711,0.4010209225385051,0.0,0.5889310421667545,0.335725428040316,low,0
S0077,2025-02-23,8,mid,6,51.49015938663458,0,2,5,0,0,3.4493860439934485,0.0,8.560270031247235,0.09736875798651123,0.584589786216031,0.34637806197487087,-0.5934491478607842,0.0,0.21291834956718403,0.34695213714341455,low,0
S0077,2025-02-24,8,mid,6,61.265033558090764,0,1,3,0,0,2.9017242619301524,0.0,7.635535907725403,0.7825974410562219,0.2159079259684692,0.8987431190096825,0.8610949982198859,0.0,0.11197955243763369,0.216874168143513,low,0
S0077,2025-02-25,8,mid,6,41.92538956480213,0,0,1,1,0,3.2767879534127724,0.0,14.016257495197845,0.9631759124497968,0.3524674670595377,0.6135130847492174,0.23074085816223233,0.0,0.8004327564878232,0.35684571535629706,low,0
S0077,2025-02-26,9,mid,4,27.417570900748224,0,0,2,0,1,2.783110336587007,0.0,14.17217160447275,0.06196509743133671,0.4597137165386097,0.754695360688132,0.2949207277307364,0.0,0.5262758392683842,0.9135090786197256,low,0
S0077,2025-02-27,9,mid,3,42.02827463218811,0,1,3,0,0,7.514935300842,0.0,4.310982792674265,0.22966729216892867,0.19876993811369126,0.540392497718897,-0.4636809061116658,0.0,0.09812362874139069,0.26406167593524443,low,0
S0077,2025-02-28,9,mid,4,35.64897383574721,0,1,1,0,1,2.0986527649326603,0.0,11.255513339720796,0.33153470858751266,0.5697544212675091,0.12907763290431662,-0.23157363940442321,0.0,0.18634235840342817,0.3645277512736591,low,0
S0077,2025-03-01,9,mid,7,23.715745340516193,0,0,4,1,1,5.0313192645692375,0.0,10.241672955755028,0.08745025610843071,0.5784337566333245,0.20442035686365123,0.2966774327668822,0.0,0.3356717281197398,0.5221397656716794,low,0
S0077,2025-03-02,9,mid,6,47.64799361735983,0,1,2,1,0,3.7017634052387507,0.0,11.345141503349794,0.5889190132466466,0.5875908782716923,0.7749220132413736,0.6268307742020092,0.0,0.6739859270169976,0.7132223662811715,low,0
S0077,2025-03-03,9,mid,5,49.36768788970268,0,1,5,1,0,4.4633918787396105,0.0,8.634105296833328,0.2961529361484916,0.5735023801581913,0.06672868925055275,0.7682884280191689,0.0,0.9599736001979202,0.6802067794238261,low,0
S0077,2025-03-04,9,mid,4,55.410942536656464,0,2,5,1,1,8.275778233172028,0.0,9.318180424229348,0.5417903782265041,0.7643233026662587,0.6624343231106363,-0.8697761366765258,0.0,0.9135516497866308,0.7684344686150301,low,0
S0077,2025-03-05,10,mid,5,37.90357130787264,0,2,2,0,1,4.916704579378974,0.0,10.898945252098333,0.08621982414358131,0.9056738715464396,0.8128695331035987,-0.9995550035968921,0.0,0.5300261986201963,0.007475302956364449,low,0
S0077,2025-03-06,10,mid,6,41.44058598468146,0,2,4,1,1,10.103741545499997,0.0,10.217827608753629,0.14060096190926374,0.6434417888337683,0.8556877796419109,-0.6809635609299025,0.0,0.37684398241284,0.9203025334286513,low,0
S0077,2025-03-07,10,mid,6,41.247691238498376,0,2,4,1,1,4.994444654505754,0.0,9.461043661577806,0.3878510724974752,0.06240696255218847,0.07816311820157107,0.5491724719324327,0.0,0.024579806821817818,0.920042239390466,low,0
S0077,2025-03-08,10,mid,5,41.41291577867628,0,1,5,0,0,5.24127578809374,0.0,6.929412138974745,0.3040976880230877,0.8163364215421687,0.5821835919785224,0.34001469609703006,0.0,0.3075578443465997,0.4917893742333528,low,0
S0077,2025-03-09,10,mid,5,21.74999026533241,0,1,5,1,1,4.845655419204572,0.0,11.705667513432656,0.028449720389524313,0.4011070667289134,0.4678892797184796,0.47830740829219454,0.0,0.22802457709572788,0.5816653632243619,low,0
S0077,2025-03-10,10,mid,6,33.589088797621244,0,2,3,0,1,2.408912347642,0.0,12.268121425654492,0.6221901220848265,0.5602306328283073,0.024151108298724244,0.2447099866505813,0.0,0.45112573695401725,0.8533100713669589,low,0
S0077,2025-03-11,10,mid,6,65.3197896004041,0,2,3,1,0,6.775108131433076,0.0,14.416667217843363,0.5165612304695126,0.5197183838695258,0.6159726690288647,-0.11931307386001055,0.0,0.7319110445804816,0.7122295305963562,low,0
S0077,2025-03-12,11,mid,7,35.79438684163944,0,0,3,1,0,3.872049680134826,0.0,3.3798370413763887,0.0830283462181235,0.13818350144905822,0.5254309227646823,0.3987677639370264,0.0,0.8444808202129882,0.862507937241333,low,0
S0077,2025-03-13,11,mid,4,48.766498483047506,0,1,5,0,1,3.7793382091786167,0.0,7.687594788458124,0.38192550040831996,0.21837999306640765,0.22865662090869177,0.9125397602978147,0.0,0.2531550841757233,0.5668621736381463,low,0
S0077,2025-03-14,11,mid,4,55.36776381221844,0,0,3,1,0,3.244306757975629,0.0,10.480214323431985,0.3202217131613432,0.25292463042898283,0.6041699189735883,-0.17827897883234978,0.0,0.41225313299531063,0.6545728960180619,low,0
S0077,2025-03-15,11,mid,5,41.823429240465806,0,2,3,0,0,5.867857579815014,0.0,7.763189168721098,0.11693716530478826,0.21972495827066407,0.4758116054770527,-0.3296766903429458,0.0,0.7817558526753087,0.10146091772713561,low,0
S0077,2025-03-16,11,mid,4,44.93582649107633,0,0,5,1,0,6.885094144249351,0.0,15.941278171645404,0.2069211509505745,0.8657049966471881,0.2109204303237513,0.6514616027177924,0.0,0.7141556002147698,0.3552511624687684,low,0
S0077,2025-03-17,11,mid,7,41.814517663755176,0,1,3,0,0,6.419535919268275,0.0,13.768729719238447,0.7207955346879991,0.7140438624505223,0.051571677523276294,0.422735577541836,0.0,0.1594866761998267,0.5007359407757406,low,0
S0077,2025-03-18,11,mid,6,33.69862739187578,0,0,2,1,0,2.5297205026257448,0.0,6.213774929867787,0.8794091805167161,0.47096824698114603,0.5099764483101586,0.568073736572716,0.0,0.30787886817776333,0.7605231170269551,low,0
S0077,2025-03-19,12,mid,6,36.28442017146513,0,0,4,0,0,6.463636395001863,0.0,15.132714649640572,0.3751245732254116,0.04804495146448984,0.13001206004127042,0.20233761870832145,0.0,0.6715130299355726,0.2064194077349456,low,0
S0077,2025-03-20,12,mid,7,43.53923344746346,0,0,3,1,0,5.473331343973571,0.0,13.264558286773552,0.7535627231632545,0.34045944876672496,0.1390797532702862,-0.7025470609173359,0.0,0.16462989106487758,0.20123921500840092,low,0
S0077,2025-03-21,12,mid,5,55.335657340789695,0,0,3,0,0,4.735530711907623,0.0,9.401304863280947,0.004545073841595193,0.4700628684645499,0.3703001368576052,-0.9085586130340029,0.0,0.24100178394880067,0.740032797819454,low,0
S0077,2025-03-22,12,mid,7,55.82435016583882,0,1,1,0,0,3.8381655607206127,0.0,5.176300194756565,0.45884803640616045,0.7283440232784789,0.19485269401329175,-0.8155044473846174,0.0,0.26985813786995516,0.4978780539479746,low,0
S0077,2025-03-23,12,mid,5,39.900107098193054,0,1,4,0,0,4.288092259837491,0.0,10.015270921203784,0.6192526931941963,0.3474578108281082,0.8458795951503312,0.8349526064505606,0.0,0.4984720272679384,0.9526460142397333,low,0
S0077,2025-03-24,12,mid,4,32.690338461362934,0,0,2,0,0,6.554656573397832,0.0,8.68575277349196,0.6251721744919296,0.11415856181356976,0.5966960810294147,0.23615884787685193,0.0,0.10959335469827625,0.17188067151575592,low,0
S0077,2025-03-25,12,mid,4,61.49764365513843,0,0,5,1,1,9.3447465440252,0.0,12.541927947828206,0.927778494760571,0.9529309640173963,0.737355746482147,0.3853282839324059,0.0,0.7627419022867384,0.6730325493680976,low,0
S0077,2025-03-26,13,mid,5,67.65320517916581,0,1,2,1,1,7.891449125495184,0.0,12.682902980070569,0.08195920445560578,0.684901772874343,0.19581276613468102,0.3221063291677104,0.0,0.27964871687401816,0.5908346349096095,low,0
S0077,2025-03-27,13,mid,4,53.54737322846729,0,3,1,0,0,3.278471449057415,0.0,12.555081539459358,0.2619002258210015,0.5801116534035493,0.11933404198894937,0.3909900395286281,0.0,0.07917965692354711,0.573349924874686,low,0
S0077,2025-03-28,13,mid,6,51.50242412674287,0,2,3,0,1,3.5388904182554053,0.0,13.277987408357323,0.837729111851484,0.33983696646758543,0.31771941646625945,-0.38504859764142796,0.0,0.40154775448057944,0.826813523948557,low,0
S0077,2025-03-29,13,mid,6,30.85700646411011,0,0,3,1,1,7.521308776983204,0.0,8.82205266951504,0.9319554004621755,0.6289279405776362,0.6811180989343181,0.7533994266829118,0.0,0.45448047755373744,0.7073031053070626,low,0
S0077,2025-03-30,13,mid,7,51.89644507003488,0,2,1,0,1,3.37369110819761,0.0,12.917180862051852,0.779860234072237,0.014726471846095213,0.22060262577225165,-0.8401111682849178,0.0,0.7524850297279126,0.19404064872027826,low,0
S0077,2025-03-31,13,mid,5,52.197088918583226,0,3,2,0,0,3.5047767347512364,0.0,9.877283348665108,0.44438711854982726,0.546649765762935,0.6437721341743036,-0.9824910504408415,0.0,0.7672701475723963,0.30069958074261327,low,0
S0078,2025-01-01,1,mid,5,46.084828234384865,0,2,5,0,1,6.199656462612122,0.0,13.841273600171062,0.570898514971446,0.04773134900359244,0.024384307099481695,0.7043687989886667,0.0,0.28194020428929467,0.35091785921061647,low,0
S0078,2025-01-02,1,mid,5,44.367958777518155,0,1,3,1,1,4.390341899195466,0.0,5.551836849547916,0.9690946612241881,0.6121428500622569,0.8078796615567343,0.0799623755553629,0.0,0.48767676015159556,0.7249287983454662,low,0
S0078,2025-01-03,1,mid,7,31.175201599151798,0,2,3,1,0,5.431369674246459,0.0,7.546188975897605,0.4749190884455119,0.36604857655080314,0.3556264869394882,0.7190543152437305,0.0,0.0778685907835106,0.9261316852221007,low,0
S0078,2025-01-04,1,mid,5,29.05955899963452,0,2,2,1,1,3.2206438503947026,0.0,12.031715559266448,0.5315187689378423,0.7168468059349182,0.6687780404271297,-0.06176189116412534,0.0,0.4292101503472312,0.2543113255449211,low,0
S0078,2025-01-05,1,mid,7,33.91269239095865,0,1,2,1,0,6.645375039420294,0.0,12.758621017520788,0.5046037814021721,0.1463630686896199,0.3566735882557118,-0.3804570897180728,0.0,0.712330542864386,0.5027892615462226,low,0
S0078,2025-01-06,1,mid,7,31.35048266489828,0,0,4,0,1,5.902131364179654,0.0,11.170069493598007,0.5650708626830423,0.7877852158938377,0.349643375647987,-0.930708940139082,0.0,0.15069390697679608,0.16741902574269718,low,0
S0078,2025-01-07,1,mid,7,34.43138965008746,0,0,1,1,0,8.476858663496822,0.0,8.081023086804848,0.24874376579053548,0.3285890573146024,0.21948558992480371,0.7300914392235236,0.0,0.11849029415190238,0.7699769884671761,low,0
S0078,2025-01-08,2,mid,7,57.64995115005339,0,2,1,0,0,5.0683010177368155,0.0,8.547284811235885,0.3584391232177564,0.9117660927040616,0.5107015668316812,-0.8932432704730111,0.0,0.23806523674490454,0.22317480678374013,low,0
S0078,2025-01-09,2,mid,7,32.89713197216782,0,2,1,1,1,9.04670442392852,0.0,7.124503333672214,0.3812958923118849,0.4456108457713238,0.7539097305247235,0.04804230130336107,0.0,0.8359269054639099,0.6599841910806366,low,0
S0078,2025-01-10,2,mid,6,44.22014716194417,0,2,2,1,0,4.3691275433797045,0.0,4.6552509826755415,0.8977170637014893,0.20090835353858683,0.9564616700255253,0.9619911759811486,0.0,0.47538372500436654,0.14630275494892087,low,0
S0078,2025-01-11,2,mid,5,57.34980493601793,0,0,1,1,0,8.928850758288736,0.0,17.06627021283719,0.8595167403225216,0.0015467739520236279,0.26692929249365505,0.771301142763289,0.0,0.09993355553992156,0.1947445301248506,low,0
S0078,2025-01-12,2,mid,7,39.38373340074573,0,1,5,0,1,4.948485742231657,0.0,12.308780535441938,0.08198684565966874,0.08881770950235035,0.568107108635748,-0.7623531978031186,0.0,0.1961446790542104,0.7810200374992522,low,0
S0078,2025-01-13,2,mid,5,31.810656492054882,0,1,5,0,0,1.9489955532807053,0.0,10.510256065398469,0.14954738402305057,0.18589951034609353,0.20431313201462808,0.64199692766967,0.0,0.9301414925843939,0.7389643839361484,low,0
S0078,2025-01-14,2,mid,6,40.061191684585765,0,2,4,1,0,8.34148678113035,0.0,11.573394704215037,0.2671970481854792,0.6975591765063949,0.33303405265028796,0.4260166011296598,0.0,0.48842951562311154,0.7829063657354498,low,0
S0078,2025-01-15,3,mid,4,45.218109725780536,0,1,2,1,0,4.804548172914013,0.0,4.910538493876913,0.2592638469335987,0.08848272718868055,0.6979650893229838,0.144543588037632,0.0,0.3999668673238904,0.21256056347148478,low,0
S0078,2025-01-16,3,mid,5,36.49325664060836,0,3,2,0,0,6.624308437184782,0.0,10.03817630961388,0.5962145515896811,0.8097002474047839,0.4501654620912954,-0.8145620478132005,0.0,0.22699665398457092,0.1356169410927115,low,0
S0078,2025-01-17,3,mid,5,33.97672544041103,0,1,4,0,1,1.8116479090908704,0.0,14.027255272365135,0.37243352346063086,0.6718669730516292,0.2243711847530645,0.9604546629179862,0.0,0.7129919360845406,0.161128584508186,low,0
S0078,2025-01-18,3,mid,4,38.85591039316479,0,0,4,0,1,3.115346457036316,0.0,11.414612382667062,0.8841477530394242,0.1849321069378933,0.6106276476109861,0.8475790675707806,0.0,0.09536900066626397,0.10495643117527942,low,0
S0078,2025-01-19,3,mid,5,36.1952304100313,0,1,5,0,0,3.2073121314186808,0.0,6.10737308834517,0.5725933787178068,0.84744630390221,0.4283267958480399,0.08022384821630912,0.0,0.7952306741552361,0.42972124531116096,low,0
S0078,2025-01-20,3,mid,7,34.206289654230176,0,0,4,1,0,3.887363562173954,0.0,11.783262324699828,0.6206724932058928,0.30932770049237146,0.05882800975976765,0.6642847604469402,0.0,0.9335077168143014,0.16626734339387694,low,0
S0078,2025-01-21,3,mid,4,45.85015841876087,0,3,2,1,1,3.661225834479972,0.0,7.820895920110262,0.7300620603810408,0.6340230523144643,0.5017752657118868,0.667118275599637,0.0,0.059296947463923444,0.03622493744949484,low,0
S0078,2025-01-22,4,mid,5,57.40875254957643,0,1,1,0,1,5.204645722489423,0.0,8.611060571241765,0.3742084295886312,0.3037507825158471,0.7692739290694868,-0.3972317273456447,0.0,0.14967577095339746,0.24263185151811195,low,0
S0078,2025-01-23,4,mid,4,47.512608867266415,0,0,2,0,0,3.756889737966726,0.0,9.485134771778583,0.9572551754064456,0.05138928410257659,0.0026316084276887253,-0.422692470509477,0.0,0.7452555632924155,0.8451686050918961,low,0
S0078,2025-01-24,4,mid,4,68.42460287007788,0,0,2,1,0,3.2774435771125194,0.0,13.423513117416874,0.9280242688708445,0.9078076832588305,0.23047987710169993,0.028718753621768123,0.0,0.3135848209896881,0.7907751422643875,low,0
S0078,2025-01-25,4,mid,6,54.31574340046665,0,0,4,0,0,6.175309873757524,0.0,10.549726134727647,0.27610931092454305,0.7661439005608319,0.9215488058303909,-0.08743333698241074,0.0,0.4169955414205335,0.3685604343410708,low,0
S0078,2025-01-26,4,mid,6,46.800273602451476,0,2,4,0,1,9.432081773542876,0.0,9.68545218144407,0.2396600116824078,0.6657204880719465,0.18738962599469167,-0.555146123022787,0.0,0.6642250396558581,0.9544477406582498,low,0
S0078,2025-01-27,4,mid,4,51.99271311439178,0,3,3,1,1,1.4488795569658652,0.0,13.515817576593214,0.006437359070044613,0.7046628584228702,0.7143441565489531,0.7400980345977217,0.0,0.9625208172152768,0.19910215892228922,low,0
S0078,2025-01-28,4,mid,5,48.241731533635416,0,2,5,0,0,4.808327085743142,0.0,11.557332556632751,0.09715280881902044,0.11948644736579828,0.9057468374551609,0.03614659457944369,0.0,0.9454417390101139,0.9502202061364512,low,0
S0078,2025-01-29,5,mid,6,53.700928072460236,0,5,2,0,0,3.8684379516603586,0.0,14.039132697115708,0.4663511564579246,0.12115935029035119,0.11863092786776774,-0.2975245934452604,0.0,0.7131368973499049,0.2680381358279229,low,0
S0078,2025-01-30,5,mid,6,43.80276847857933,0,0,3,0,0,4.207707055576363,0.0,15.607387366130125,0.13412814004660878,0.02272008622240529,0.21627789702009426,-0.9665580501229982,0.0,0.5977836306041832,0.3049259921236134,low,0
S0078,2025-01-31,5,mid,6,49.55378863396463,0,1,3,0,0,9.16578488158937,0.0,7.756539375680751,0.10716636920381784,0.052409640291020576,0.13760587042491124,-0.6660964872409787,0.0,0.039275908772682944,0.5922872854427726,low,0
S0078,2025-02-01,5,mid,5,70.95966948429263,0,0,1,1,0,2.7023233954612706,0.0,14.449140185040688,0.8417806089533331,0.9805984909183756,0.5789935894013736,0.319694039921677,0.0,0.8506457811184,0.6726508474884737,low,0
S0078,2025-02-02,5,mid,5,31.722460903257655,0,1,2,0,0,3.340570754434025,0.0,10.120263790586934,0.7972787621537595,0.5227334153408238,0.6066384168100163,-0.32301683319085805,0.0,0.9148088210329849,0.6874360274087903,low,0
S0078,2025-02-03,5,mid,5,22.631663183473016,0,0,5,1,1,4.581874562811977,0.0,11.42057298545286,0.32098221951043704,0.8913244526345996,0.078538656642691,-0.6571761446693565,0.0,0.11791813954149777,0.8709179315411824,low,0
S0078,2025-02-04,5,mid,6,56.279844288807084,0,2,2,1,1,8.170886243665912,0.0,8.740354547114228,0.6751172594999362,0.31235018530091496,0.32098630513958715,0.3152074177086044,0.0,0.7073369023294547,0.7228801618434759,low,0
S0078,2025-02-05,6,mid,3,46.13847745185647,0,1,2,0,0,9.421665172685959,0.0,5.373712966584765,0.7392506589398331,0.4563589959155304,0.9873219777195645,0.7352584063551848,0.0,0.21344320434333686,0.6704250464072333,low,0
S0078,2025-02-06,6,mid,3,41.07195463093011,0,0,2,0,1,5.079448716225355,0.0,6.946210404506357,0.8461068070588678,0.8774049116209944,0.9369792457951062,0.8725475707358319,0.0,0.9686602040157269,0.7217385664797412,low,0
S0078,2025-02-07,6,mid,6,36.26356306171063,0,1,3,0,1,2.8797438727969,0.0,9.677230297462838,0.6132161632382295,0.042491054268797734,0.9801830185294647,-0.9837056683637797,0.0,0.9321689271388699,0.6442007846394705,low,0
S0078,2025-02-08,6,mid,5,55.82188656770836,0,0,4,1,0,4.505461886447172,0.0,10.536889598641148,0.6240361780229501,0.5540856469545918,0.9987029765209768,0.03643300790696391,0.0,0.6337092251360628,0.7204837698120773,low,0
S0078,2025-02-09,6,mid,6,58.63143656422398,0,2,1,1,0,6.890484187449113,0.0,9.0073106450122,0.43873192779736814,0.19624419352132372,0.8640000538050955,-0.012722199636626907,0.0,0.433832216099029,0.23491548004327023,low,0
S0078,2025-02-10,6,mid,6,60.455173649956386,0,0,2,1,0,7.7751478600297546,0.0,10.468200590024995,0.20724523975082632,0.738584239672433,0.9162275899284664,-0.20863886325871395,0.0,0.36582853379998237,0.4777094782913155,low,0
S0078,2025-02-11,6,mid,5,44.15967898418644,0,2,1,0,1,2.1106702455791333,0.0,11.623020647712497,0.06656627898060574,0.22227494699519723,0.6390504546429069,-0.4075200258944154,0.0,0.8417241754859287,0.6162499036616644,low,0
S0078,2025-02-12,7,mid,6,28.356447574721333,0,1,4,1,1,6.561983858281076,0.0,10.390616048477792,0.8353283446352205,0.5256828900941306,0.6204744618145948,0.4582075441699207,0.0,0.33151066740287116,0.3096216960558529,low,0
S0078,2025-02-13,7,mid,5,49.57718498242561,0,0,3,0,1,3.05207688912904,0.0,11.670545232696673,0.3499181380366386,0.5775931551973214,0.4402853656661443,0.4035394308739304,0.0,0.8447628222695878,0.16924603526442084,low,0
S0078,2025-02-14,7,mid,5,39.09135873042736,0,1,4,0,0,3.6916929802955423,0.0,8.961643010381211,0.5835439560509369,0.7015326100631126,0.4455271155026519,0.9158288681659634,0.0,0.2689956648993552,0.9921576923184229,low,0
S0078,2025-02-15,7,mid,7,47.51873017780194,0,0,2,0,0,2.745907962833296,0.0,13.03277313378446,0.3737984597996967,0.5479453218646584,0.427460621351045,0.0468242808566226,0.0,0.6796466771493915,0.29623604380649615,low,0
S0078,2025-02-16,7,mid,5,60.60684972756741,0,0,1,1,0,5.83556382078279,0.0,11.846066193057997,0.4067099415054688,0.6502864410714905,0.9919501294314452,-0.3849995198337508,0.0,0.4504358691230249,0.14851814819399722,low,0
S0078,2025-02-17,7,mid,6,55.61438830756796,0,0,4,0,1,3.70612607481264,0.0,8.127713391497561,0.7153758515735756,0.259235684499585,0.9785954445470144,-0.6319097754461949,0.0,0.893071721908408,0.3652753198382187,low,0
S0078,2025-02-18,7,mid,7,48.633752614884166,0,2,2,1,1,5.144890619184928,0.0,16.91323131342055,0.8105320260289689,0.3282794970347611,0.5299977351616199,0.9311457592823333,0.0,0.09051587311895737,0.26850814789524236,low,0
S0078,2025-02-19,8,mid,5,51.05372646971909,0,0,1,1,0,4.103584902543189,0.0,11.931374780612357,0.9820698798484966,0.9997157855445657,0.23332622435297679,-0.4957537842571951,0.0,0.8480583609625884,0.14060298613290667,low,0
S0078,2025-02-20,8,mid,5,31.10918224466579,0,1,1,0,1,8.150276288545216,0.0,9.875739197836067,0.9068026656619629,0.22617665780882212,0.8949036830928315,0.9131602991514274,0.0,0.2976537945680675,0.8543180854511022,low,0
S0078,2025-02-21,8,mid,6,39.91333329276219,0,3,3,1,1,8.929505306220356,0.0,11.257940296580736,0.1730810471529569,0.15327429455660602,0.012379785198079585,-0.7742939780667444,0.0,0.7518344069157198,0.05537755559644686,low,0
S0078,2025-02-22,8,mid,7,61.05074394028004,0,3,1,0,1,7.464910477897069,0.0,15.87681559021302,0.5003127806457427,0.5644464216712762,0.3390844671242915,0.6028887964131064,0.0,0.24311182739376636,0.4320590324453478,low,0
S0078,2025-02-23,8,mid,6,62.27952764989263,0,0,2,1,1,3.7333172909687997,0.0,9.808520703744609,0.4107008690258438,0.9609426898062836,0.5669490936664189,-0.5654084625726226,0.0,0.8092301835782318,0.3973460971936067,low,0
S0078,2025-02-24,8,mid,5,39.56644857137343,0,1,3,1,1,6.934757048882256,0.0,10.631039635920722,0.1255905050063849,0.7953729549584972,0.12143620848488379,0.1107159345384503,0.0,0.579553707948273,0.9640123826867835,low,0
S0078,2025-02-25,8,mid,6,54.412044534745846,0,0,5,0,1,4.324613920080081,0.0,10.403982114362313,0.3919089338854278,0.11484790439095893,0.9120247304994191,-0.26627540638397496,0.0,0.8762223998667839,0.3177391098615576,low,0
S0078,2025-02-26,9,mid,7,55.803332626857596,0,0,3,0,1,2.4202740159765974,0.0,9.02188106744437,0.5157081202481462,0.4015571397921166,0.6648461631907597,0.20584455132116775,0.0,0.8574656726892841,0.16829215637381056,low,0
S0078,2025-02-27,9,mid,5,63.0854928996273,0,2,4,1,1,4.666344759946837,0.0,6.447451194190671,0.7469068157383137,0.8796243941865928,0.3689533345797691,-0.32380705764496276,0.0,0.19679159707229799,0.3667730833147287,low,0
S0078,2025-02-28,9,mid,5,33.19307439179049,0,1,3,0,1,4.620709209220518,0.0,8.449872541437916,0.03911238466186273,0.49482169716580915,0.8239463421425902,-0.30461872753562313,0.0,0.47582481830569767,0.5743413176512262,low,0
S0078,2025-03-01,9,mid,5,39.42183914966203,0,2,4,0,1,3.6375689331449887,0.0,13.565117676613703,0.4971830381620773,0.49614812276891274,0.926760041651822,0.6904537237066388,0.0,0.8578845688702643,0.16660716485092786,low,0
S0078,2025-03-02,9,mid,5,53.36253010772777,0,1,1,0,1,3.848714977291956,0.0,10.129214106231302,0.8387845817031888,0.45317409012633336,0.370061967595676,0.2620164654077277,0.0,0.49976206580342053,0.2875354081966197,low,0
S0078,2025-03-03,9,mid,6,41.40990119151571,0,0,2,0,1,2.810401164110161,0.0,9.127836188605297,0.22622243719414903,0.10596205153040317,0.10951343540272929,0.2569942949850941,0.0,0.7838556680543002,0.081028338451965,low,0
S0078,2025-03-04,9,mid,5,34.197624903593976,0,2,2,1,0,5.907553361616862,0.0,8.640238233742252,0.003335193127285474,0.48239113677829837,0.3450714085208918,0.8926521224961059,0.0,0.04591942996599763,0.25556816864097653,low,0
S0078,2025-03-05,10,mid,5,29.231170458514786,0,2,3,0,1,7.493043296654731,0.0,7.8623624068703295,0.3679991484429259,0.75590242893128,0.5483518437206533,0.8851726181548121,0.0,0.9776670792970044,0.6295239890714871,low,0
S0078,2025-03-06,10,mid,6,49.03856883712518,0,1,1,0,0,4.605592389719237,0.0,11.36983879851931,0.7917327935777463,0.31973796206363736,0.003943900433231118,-0.5688140294271491,0.0,0.10544000151137245,0.8227403970191903,low,0
S0078,2025-03-07,10,mid,4,55.004450530860964,0,2,5,0,1,7.5199436410549385,0.0,12.010444093358924,0.13434577438589557,0.5419138114297544,0.520607984613116,0.030231735843473162,0.0,0.4133444836260556,0.8495663606390851,low,0
S0078,2025-03-08,10,mid,5,38.830797360923626,0,2,5,0,1,6.914426076552543,0.0,4.706350083181273,0.5710764753800863,0.1723651594791501,0.8188708307882188,0.08014609393310335,0.0,0.3863933717381359,0.20588503422647308,low,0
S0078,2025-03-09,10,mid,5,47.47472744243149,0,2,1,1,1,6.85768743259135,0.0,7.918501257244255,0.32268104347455373,0.8957822595294921,0.10484708281751998,0.3563103302844106,0.0,0.4812826822754901,0.6070771971962858,low,0
S0078,2025-03-10,10,mid,5,54.977675770283646,0,2,2,1,1,4.643764158105229,0.0,13.002522362423822,0.11293573312410932,0.7678660744943459,0.9883026109476079,0.8054676536021457,0.0,0.16470421477333297,0.21661002294329768,low,0
S0078,2025-03-11,10,mid,6,30.154125803557818,0,0,2,0,1,4.556796856387858,0.0,10.180671189263338,0.517978286560487,0.9675897046869271,0.6561339957850104,0.3768272438190552,0.0,0.11412683265336487,0.3596943178969052,low,0
S0078,2025-03-12,11,mid,6,56.81486276107518,0,1,5,0,0,2.7788587472476847,0.0,2.942524907003974,0.7053074651674819,0.11024997756614818,0.24357816292329393,-0.11599923392842326,0.0,0.7177066027895911,0.4964577933394707,low,0
S0078,2025-03-13,11,mid,5,35.20808533433159,0,2,1,0,1,3.6318912092069398,0.0,4.651748187093469,0.060923709160715656,0.08523855006728753,0.14432822094766884,0.10687977624998313,0.0,0.2831095641910968,0.23511469044286804,low,0
S0078,2025-03-14,11,mid,7,62.0272852894005,0,0,3,0,0,7.575948667452152,0.0,5.85882759275262,0.3167034886936352,0.7165749352343173,0.6534577522349697,-0.6453512192340887,0.0,0.7005354229195369,0.13069934567557884,low,0
S0078,2025-03-15,11,mid,6,37.80091157158911,0,0,4,0,1,1.2555971061180573,0.0,11.355465749959837,0.805577301840652,0.6440593322299022,0.6191294248121533,0.595160722135972,0.0,0.4691862945670664,0.16176356651670953,low,0
S0078,2025-03-16,11,mid,5,33.341570267189894,0,3,3,1,1,8.978692427782704,0.0,8.846033204363469,0.03635014359222244,0.21163870816927355,0.7590522514846417,-0.614876861079467,0.0,0.9712060194437571,0.36670453354088883,low,0
S0078,2025-03-17,11,mid,5,39.60667359826836,0,0,2,0,0,3.598721180997537,0.0,2.150044928012546,0.2631734207263082,0.9565514298737853,0.1666261443566015,0.1475021293266061,0.0,0.6106609145846444,0.6554605228118155,low,0
S0078,2025-03-18,11,mid,6,48.19217774088167,0,0,1,1,1,6.416482405607184,0.0,11.577783705885087,0.10834298113005836,0.30606593628173506,0.4477436146598872,0.5278808284292655,0.0,0.5296477017046127,0.6314035639011464,low,0
S0078,2025-03-19,12,mid,6,41.70640513991425,0,0,5,1,1,4.312623848014432,0.0,12.37599557706751,0.5328953408140706,0.449823053403933,0.4251632311271708,0.6557227714328571,0.0,0.6635498693438859,0.4738989238226792,low,0
S0078,2025-03-20,12,mid,4,42.380308855504246,0,2,4,0,1,2.195112115200518,0.0,8.710823093035698,0.9477976320271447,0.24431848122956168,0.5437267546012209,-0.5136525697320471,0.0,0.7267701267737888,0.17250174145651276,low,0
S0078,2025-03-21,12,mid,7,55.94584904657282,0,2,3,1,1,3.10800076208879,0.0,12.491789291843645,0.3126131623606998,0.011852887521606847,0.6590146931965253,0.5177235802412348,0.0,0.09435787514804861,0.13703147365568769,low,0
S0078,2025-03-22,12,mid,6,52.67433481015792,0,0,4,1,1,4.172560803783086,0.0,11.484379847005624,0.5812400419411092,0.17976981264554115,0.020478096500884835,-0.7133004730987886,0.0,0.8417884607214122,0.7436972705671199,low,0
S0078,2025-03-23,12,mid,5,59.47885738403757,0,0,4,1,0,3.3281790587838413,0.0,11.400590814538809,0.10597913643621781,0.8435264196993819,0.786615437687421,0.4931819062593874,0.0,0.024198418344121952,0.25685949545444986,low,0
S0078,2025-03-24,12,mid,6,43.187533327037265,0,1,2,1,1,8.954802660652986,0.0,3.864528111007907,0.4026287601838162,0.4828542637729728,0.17571737207616867,-0.8436681880578691,0.0,0.4431515488324532,0.9337614848646801,low,0
S0078,2025-03-25,12,mid,5,36.60631674257458,0,1,5,0,1,7.681341506040102,0.0,8.814836171393633,0.408033687101511,0.760818035113422,0.29146419040048477,-0.2541115545004946,0.0,0.6056641180699064,0.540881836882928,low,0
S0078,2025-03-26,13,mid,6,43.49095675236714,0,1,1,1,1,5.461474326766445,0.0,7.497665830049693,0.16956709349675692,0.24079057204872323,0.6483039401389042,0.2762749356606664,0.0,0.6646134524360917,0.5426020773813544,low,0
S0078,2025-03-27,13,mid,6,56.82615313237835,0,0,5,0,1,3.788780824632961,0.0,11.834894541100706,0.7728782622714533,0.33491231335165617,0.6090748692192378,-0.10547153967737044,0.0,0.2504161982984593,0.653061481029503,low,0
S0078,2025-03-28,13,mid,6,62.92765189584821,0,0,5,0,0,5.871701944383244,0.0,8.133310672582212,0.7724347768850973,0.9443547183163952,0.2911361466195117,-0.5492177903002451,0.0,0.5737588672994743,0.07878439773649493,low,0
S0078,2025-03-29,13,mid,5,62.72478622128098,0,1,2,0,1,10.129229637326837,0.0,6.198981914390848,0.6846259105046256,0.8667878529418968,0.2329920401154948,-0.14625725824890035,0.0,0.11312740039863578,0.3341830975760046,low,0
S0078,2025-03-30,13,mid,4,24.359687844573404,0,2,4,1,0,7.610604171188124,0.0,7.829274455012984,0.19721740937218557,0.7558354617204638,0.9170774939289962,0.38753598697957914,0.0,0.41149781064632895,0.06263511341066852,low,0
S0078,2025-03-31,13,mid,6,39.32224313455449,0,0,2,1,0,4.547827928450872,0.0,10.473477762809969,0.8553297336401997,0.9944313640902614,0.44177348881160783,0.02504907568577508,0.0,0.18709128309228662,0.6835622877725507,low,0
S0079,2025-01-01,1,mid,2,50.02348419591651,0,2,1,0,1,3.4157408695228746,0.0,7.973990984744718,0.22137946920730367,0.1338019075866419,0.3389457253137874,0.38748835733600506,0.0,0.263106714715138,0.7029127039446418,low,0
S0079,2025-01-02,1,mid,3,56.77517360994412,0,0,2,0,0,1.9617721048311862,0.0,12.085121039744942,0.68565696417934,0.944670906329088,0.11009015343505313,-0.43835379462272916,0.0,0.546810220254945,0.34105724203703414,low,0
S0079,2025-01-03,1,mid,3,51.21533307782962,0,2,2,0,0,2.201969186353664,0.0,8.420890749927127,0.9149676858582362,0.08866299525081811,0.831028311487189,0.12257160108260057,0.0,0.1219569649174348,0.37509192201821795,low,0
S0079,2025-01-04,1,mid,2,46.346940332028176,0,0,2,0,1,5.4622986192176075,0.0,12.91544810919595,0.29338232243047757,0.6754909736933457,0.7975104680983961,-0.1569768516529464,0.0,0.621200347315888,0.2015091537933158,low,0
S0079,2025-01-05,1,mid,4,32.87579732827193,0,0,2,1,0,6.034726462395152,0.0,8.483461260298027,0.3412914734164959,0.8391805312271087,0.25068756933532743,-0.056832718004731,0.0,0.2615238599963735,0.6699168653638734,low,0
S0079,2025-01-06,1,mid,4,38.781513739253896,0,1,5,0,1,3.5292072286024023,0.0,8.67192338016375,0.1153334038456395,0.10713833137450124,0.11395240053940059,0.03188053645272748,0.0,0.7635698363135048,0.89271212929624,low,0
S0079,2025-01-07,1,mid,3,47.851578327180505,0,1,1,0,0,5.417651010049179,0.0,15.437703225427917,0.9995323317930863,0.6252108690845986,0.8306002002648546,-0.6367576630513443,0.0,0.6399118125966934,0.013349288503789025,low,0
S0079,2025-01-08,2,mid,3,57.83870861549077,0,0,3,0,0,4.321273869812367,0.0,6.577710185853745,0.24472327906837343,0.9535346060923905,0.6768486171286442,-0.6115853705209362,0.0,0.8038825607816357,0.2802948502681478,low,0
S0079,2025-01-09,2,mid,3,59.15345930388919,0,1,5,1,1,5.813301156407989,0.0,8.737837158823694,0.9121881523845683,0.7513033804763232,0.6809594355184667,-0.5648379968821202,0.0,0.637744405887631,0.6309341993681762,low,0
S0079,2025-01-10,2,mid,3,42.211365704969246,0,2,2,0,1,6.594141759769702,0.0,9.247108406465108,0.0022782510909264975,0.9626973337165924,0.5518158026897718,0.019240133381564384,0.0,0.89134990615598,0.6361670551698748,low,0
S0079,2025-01-11,2,mid,1,49.40496960382828,0,1,5,0,1,7.988186841026531,0.0,7.063548309451562,0.9424001560460761,0.42459684827416466,0.0389551119688718,0.7576157351402348,0.0,0.16640350743696286,0.9014938649064954,low,0
S0079,2025-01-12,2,mid,4,55.04432001587995,0,1,4,0,1,2.494915924375705,0.0,13.535360954293377,0.8096316515643293,0.8207492518628129,0.20863460656082777,-0.46014405512232814,0.0,0.0023167871089411207,0.3527146465615604,low,0
S0079,2025-01-13,2,mid,2,55.24761915631671,0,2,4,0,1,4.616178514374218,0.0,12.745631010632913,0.5653506571696938,0.4570685548546578,0.9108175909939041,-0.6010595900237796,0.0,0.8389098333073765,0.06008041594520375,low,0
S0079,2025-01-14,2,mid,3,53.87068970788562,0,0,4,1,1,8.354236688914742,0.0,10.637651438816098,0.458312686072021,0.21954921364419722,0.7390623025227061,-0.10321007855451603,0.0,0.8661378273100266,0.8604667945583903,low,0
S0079,2025-01-15,3,mid,4,45.62471763696828,0,1,2,0,0,3.7974698833059968,0.0,5.080430753808856,0.5076865558561927,0.5670148998694654,0.3004134468037306,0.06820016834398746,0.0,0.7732511731230458,0.6859811738683306,low,0
S0079,2025-01-16,3,mid,4,46.34053677403122,0,0,4,1,1,4.171497839566838,0.0,4.310793797370351,0.1477916843071545,0.6618310629262877,0.07263603696768617,0.7832110411218183,0.0,0.3628788605648475,0.3589168379462322,low,0
S0079,2025-01-17,3,mid,3,30.301485710982778,0,4,4,1,0,4.954037415193906,0.0,13.506738635664103,0.5473238949072582,0.08081661596114809,0.7998099023621913,-0.8472963646569198,0.0,0.6439012711246043,0.11389480018869425,low,0
S0079,2025-01-18,3,mid,2,35.72841812468345,0,1,2,1,1,5.6109925575767186,0.0,8.465368134750806,0.07592807004576729,0.059627359050476225,0.6252626029624768,-0.24898526237601204,0.0,0.927075850413844,0.8771315382029353,low,0
S0079,2025-01-19,3,mid,3,44.934443712666116,0,2,3,0,1,3.191045454239653,0.0,8.674619374390991,0.15535720270151387,0.13611402898207536,0.4295841898760603,0.7200802071452643,0.0,0.14724627230485476,0.7553718924678214,low,0
S0079,2025-01-20,3,mid,4,34.739770484785055,0,4,2,1,0,5.28009520250249,0.0,6.363521849944436,0.7771719981471384,0.5979059440775567,0.37985694934355174,0.22985426143413457,0.0,0.9955586507528827,0.6826714431140615,low,0
S0079,2025-01-21,3,mid,5,45.10263679172857,0,1,5,0,1,4.095374273811334,0.0,15.179411613437335,0.17760131399826562,0.20251927660538172,0.2317246215198936,0.6207803434775823,0.0,0.6116275997345457,0.0722588650547622,low,0
S0079,2025-01-22,4,mid,4,64.4794473462955,0,1,5,0,0,8.441370815507382,0.0,13.380662823252921,0.4421463159643021,0.5607140869348551,0.5439749735216051,-0.260812127155053,0.0,0.8079134439579969,0.4331996369091744,low,0
S0079,2025-01-23,4,mid,3,41.931611964946654,0,1,2,0,1,5.80743307692146,0.0,9.655076271788172,0.3821936388424906,0.39185654213116283,0.764202963793287,-0.2783363336987006,0.0,0.3278494740585157,0.18560059608535873,low,0
S0079,2025-01-24,4,mid,6,41.57646929980919,0,1,3,0,0,5.288983565426685,0.0,16.14332100094454,0.06622469028335853,0.6285362042292311,0.2096272551562185,-0.7231002456138906,0.0,0.9770517751480146,0.07905271632434041,low,0
S0079,2025-01-25,4,mid,4,55.756645104803056,0,1,5,1,1,4.292623985857729,0.0,13.412259697493425,0.5053084717138921,0.39834069623681867,0.7036158649973667,0.10169665282852991,0.0,0.5139874421174545,0.21772173369880066,low,0
S0079,2025-01-26,4,mid,3,70.87709133759665,0,2,3,0,1,6.222955799166033,0.0,10.523731688000991,0.7859006647838154,0.7322928344695191,0.5175974841363425,-0.6394825038066365,0.0,0.27428788705934526,0.2821199006800508,low,0
S0079,2025-01-27,4,mid,4,49.130450869043216,0,0,3,1,0,4.499013588514378,0.0,10.107689806075046,0.0766556149600961,0.15594846196296486,0.21787034546504302,-0.854586136798021,0.0,0.6504868479371779,0.11959806732261558,low,0
S0079,2025-01-28,4,mid,4,54.70779222028642,0,0,5,1,1,1.6765988516507901,0.0,8.886281671019697,0.8276030234400871,0.7133375991131506,0.07387210391790233,-0.4789839766283417,0.0,0.37313964443982695,0.21655693181040925,low,0
S0079,2025-01-29,5,mid,3,46.62133211375032,0,2,4,1,1,4.04639743408495,0.0,6.226835491031302,0.3541271324047953,0.8130963755146138,0.7874231382342696,-0.7474661763977986,0.0,0.056884348340889845,0.7098483780794637,low,0
S0079,2025-01-30,5,mid,2,42.22034410612372,0,0,1,1,1,5.209197809833803,0.0,7.447020919071314,0.026186763958282677,0.9033847637846174,0.5119730800407416,0.8748244417370588,0.0,0.32466712022332755,0.40521975733575877,low,0
S0079,2025-01-31,5,mid,3,34.642167302396416,0,1,5,0,0,4.786290817598465,0.0,12.156722449511157,0.6763540693306035,0.849259664519091,0.8635457434552358,0.1075402956650584,0.0,0.8035612228537623,0.24782404968457672,low,0
S0079,2025-02-01,5,mid,3,45.91137668104407,0,0,1,1,1,8.38631899883742,0.0,9.44288263509384,0.471131953243086,0.31393508933564673,0.9394822834206571,0.24923814814085699,0.0,0.6410429082987149,0.49118927072612595,low,0
S0079,2025-02-02,5,mid,4,41.01113108795524,0,1,4,1,0,3.5007518454419797,0.0,5.906836414531896,0.8201878774244039,0.7876302363665987,0.4324433986583921,0.4017726353195241,0.0,0.22834788603295497,0.8906264636057278,low,0
S0079,2025-02-03,5,mid,3,38.685002024917345,0,2,1,0,0,5.136704302438594,0.0,13.911942751009208,0.43232667414217196,0.13442423982017182,0.7798603619663926,0.5430296167464663,0.0,0.20035636785516786,0.6607297677084767,low,0
S0079,2025-02-04,5,mid,4,36.982632322249344,0,1,5,0,1,4.236952480325588,0.0,11.029566250933337,0.4265551024219646,0.8508809733332633,0.0647254838734862,0.6021262546689161,0.0,0.7473397922289315,0.29174993872297217,low,0
S0079,2025-02-05,6,mid,4,50.440372852588055,0,0,3,0,1,5.230631564825205,0.0,13.153806752546771,0.8803623166831687,0.6877832828912352,0.17152851096441502,0.6882100679309633,0.0,0.401029119810982,0.2172576117213243,low,0
S0079,2025-02-06,6,mid,4,42.82934608291557,0,1,1,0,1,5.186012115945568,0.0,13.11273501978507,0.8580557249598358,0.08274537954311412,0.2293072755108131,-0.37221032305150104,0.0,0.8454847985571711,0.8719957367849999,low,0
S0079,2025-02-07,6,mid,4,59.41607377075373,0,1,5,0,1,4.229891863321715,0.0,8.044861015307099,0.7613925008993921,0.5835715751611567,0.12491820643595697,-0.15323543314190635,0.0,0.2391700922860196,0.7473116673377572,low,0
S0079,2025-02-08,6,mid,4,34.98176792325699,0,0,2,0,0,4.879553336089934,0.0,6.741742519124591,0.010726473294778827,0.9780518860818108,0.2703337645049477,-0.9904646525233505,0.0,0.8642729422796446,0.06660061461228406,low,0
S0079,2025-02-09,6,mid,4,48.239003223787215,0,0,3,1,0,4.360699488380319,0.0,11.219831737273392,0.8783227941126892,0.8031490459921609,0.648047623118712,0.7219337882904884,0.0,0.3260186711971299,0.9417860324497692,low,0
S0079,2025-02-10,6,mid,4,32.48592738198209,0,1,3,1,1,7.497108794597277,0.0,6.696547808253975,0.11663638034296098,0.18153664620443166,0.586273377931038,0.11375741256780847,0.0,0.5302092356682567,0.6342083359799886,low,0
S0079,2025-02-11,6,mid,4,40.56523724879972,0,2,4,1,0,8.658896617010457,0.0,8.03733589177927,0.9307521540612166,0.28655449071114736,0.8012133228921678,0.9947557189736249,0.0,0.7628847177340274,0.3107150215794139,low,0
S0079,2025-02-12,7,mid,4,34.61908592074104,0,0,5,0,1,1.0639441501742959,0.0,9.226573504103351,0.8448939928186935,0.43706555088389754,0.10485810131018258,0.29152424661257337,0.0,0.7784026025529043,0.4247252522024383,low,0
S0079,2025-02-13,7,mid,2,66.37609705412822,0,0,3,1,0,6.672481577245163,0.0,6.999326070505816,0.8599675454958086,0.9171049264696378,0.1725266660758975,-0.6653047862418038,0.0,0.8692347307556983,0.6846488430609909,low,0
S0079,2025-02-14,7,mid,3,34.037559491114095,0,1,2,0,0,3.57260938810648,0.0,8.235821324556685,0.6308307109349519,0.8723786506382897,0.7163854254857968,0.12118727401056861,0.0,0.23964500145771028,0.4086871746263486,low,0
S0079,2025-02-15,7,mid,4,49.094532238927506,0,0,5,1,0,5.912234080314681,0.0,5.992700869026785,0.3601800181608026,0.050345015403783,0.15344199430781147,-0.9894231575210497,0.0,0.9842292014848876,0.6497290342448752,low,0
S0079,2025-02-16,7,mid,4,38.719996181864964,0,1,2,0,0,8.31774000880589,0.0,4.426285751160233,0.8341497636938668,0.5470802793357241,0.9392767686888939,0.7494656331880931,0.0,0.6134452606009421,0.4319555043202854,low,0
S0079,2025-02-17,7,mid,5,29.23457237861476,0,2,2,0,1,4.987619529624496,0.0,16.649987439921276,0.3942439847818069,0.20920254117523718,0.12403329171025734,0.8418291057824299,0.0,0.030428811325814764,0.4698872411001569,low,0
S0079,2025-02-18,7,mid,3,41.29015846772234,0,0,2,1,1,3.1487297531055436,0.0,7.441505627813531,0.06920225271519997,0.7246114549839854,0.008321257860674613,0.12935818852185155,0.0,0.26667833949109476,0.6678340591317686,low,0
S0079,2025-02-19,8,mid,4,48.26601864757468,0,1,5,1,1,5.002388565358373,0.0,12.37660806814482,0.4716837914962073,0.27178985650149334,0.38008568862408143,0.8347185971453424,0.0,0.8615534686691035,0.14704707772863013,low,0
S0079,2025-02-20,8,mid,5,26.65293819732603,0,0,2,1,1,5.644542446976919,0.0,11.857628170830436,0.5686538785273973,0.8185901989874649,0.8355841526944455,0.18709804577707967,0.0,0.310344693016365,0.8805515467968581,low,0
S0079,2025-02-21,8,mid,2,40.20982400421686,0,1,1,0,1,3.7811858357137123,0.0,5.529534870569587,0.8305333496474993,0.8719455742543569,0.6878599575099887,-0.12055564446658784,0.0,0.6446499588837592,0.4316281652197964,low,0
S0079,2025-02-22,8,mid,3,33.96487303985287,0,1,3,0,0,0.7752506790990887,0.0,13.572133582396384,0.8762567242682328,0.554921667312665,0.8238428163877239,0.854137736391158,0.0,0.4228560292139143,0.2907675848989536,low,0
S0079,2025-02-23,8,mid,3,42.8375335453313,0,0,1,0,1,1.738330060240512,0.0,13.309060597101293,0.6587670005908614,0.9297783411526528,0.01995293524471875,-0.5867307098453571,0.0,0.11841547697949484,0.7053190310349605,low,0
S0079,2025-02-24,8,mid,3,47.7033202128412,0,0,3,0,1,6.332727190778858,0.0,12.165965731720885,0.32433390740544854,0.874866659923404,0.8894975750323851,0.64020175473237,0.0,0.7370356725789328,0.8410707211880594,low,0
S0079,2025-02-25,8,mid,4,45.89921956921663,0,1,2,0,1,3.5868500416593516,0.0,11.293624819497275,0.1947535176462254,0.07717314500074879,0.16751154460684614,-0.5597582739901485,0.0,0.558543153963562,0.3884393809948711,low,0
S0079,2025-02-26,9,mid,2,45.596160016734224,0,1,1,1,0,2.850562592458998,0.0,13.094891121539323,0.41299263501537486,0.3674060037542134,0.4953204473545504,-0.9343838403322986,0.0,0.193366226875881,0.15374945355254643,low,0
S0079,2025-02-27,9,mid,4,58.69634829379537,0,2,3,0,1,4.546399817750838,0.0,7.146438752884748,0.779742619833885,0.8459781928754175,0.4824898834125725,0.7442839574702633,0.0,0.8843384886104074,0.6035192812581601,low,0
S0079,2025-02-28,9,mid,5,37.050133368484545,0,1,1,0,0,5.796308420068705,0.0,11.172577335393322,0.8238265506465653,0.8284006156795531,0.42695219349005076,0.06096427608778465,0.0,0.2527401491741691,0.46343869768998225,low,0
S0079,2025-03-01,9,mid,5,30.906969194897385,0,0,5,0,0,0.8060289354766432,0.0,14.579223288175577,0.1381990541947119,0.700473102846519,0.7210033291487407,0.7808774718563467,0.0,0.7121223596608715,0.2172049629113204,low,0
S0079,2025-03-02,9,mid,3,56.33506542301373,0,1,3,1,1,6.101813644448686,0.0,8.750043760816252,0.5634770765086901,0.6152520288140192,0.30553007416596223,0.06853401856692387,0.0,0.8398342150008608,0.9823237742470934,low,0
S0079,2025-03-03,9,mid,2,41.3820086950456,0,0,4,1,0,3.3489730580188546,0.0,14.196714259305391,0.5253694949233045,0.10895714948350355,0.7789758709998897,0.5632570230335194,0.0,0.3781491251375866,0.26067327369297777,low,0
S0079,2025-03-04,9,mid,2,53.330058946657296,0,3,4,0,1,5.482024901863148,0.0,12.812092249436049,0.07014617515529475,0.30553203381853933,0.7570064527876403,0.15927910319660676,0.0,0.8786015477895696,0.28698018494350486,low,0
S0079,2025-03-05,10,mid,3,55.25007387672185,0,6,4,1,0,6.837999352906258,0.0,7.752158873308899,0.3079694112962613,0.08234813337133795,0.44702425361932385,-0.5713881800119947,0.0,0.920923945100427,0.37297757460926284,low,0
S0079,2025-03-06,10,mid,3,26.151517069934332,0,0,2,0,1,3.883261405758046,0.0,12.67693894046125,0.2657567569749626,0.7724127664415351,0.3207235348928762,-0.22191323519959494,0.0,0.8212971890337144,0.06428442057267825,low,0
S0079,2025-03-07,10,mid,4,37.98650661692898,0,0,1,1,0,8.465758487034329,0.0,8.318160725482432,0.9639762876928807,0.9096022203194983,0.3253935626155452,-0.22619831107309496,0.0,0.9574848651463556,0.232852055923913,low,0
S0079,2025-03-08,10,mid,3,34.193330442940834,0,1,5,0,0,3.9329141454113046,0.0,13.4697265699049,0.9165544883332994,0.5688345099496582,0.021269361771845352,0.956329475049909,0.0,0.31704139909996076,0.3689368204691884,low,0
S0079,2025-03-09,10,mid,4,49.95290112912888,0,0,1,1,0,3.8241697182248044,0.0,11.20700298416504,0.624187423692344,0.025033682467130447,0.4223535357437903,-0.5090479323262169,0.0,0.3353821064046535,0.6241689755630802,low,0
S0079,2025-03-10,10,mid,2,37.684208913972526,0,2,2,1,0,7.846536604897892,0.0,7.347502993687295,0.3044971500784266,0.3285076178606703,0.7991303923969927,0.8266510382778167,0.0,0.8399921901493145,0.18481182936954776,low,0
S0079,2025-03-11,10,mid,5,41.18036307599546,0,1,1,1,0,6.009027892164798,0.0,13.674571663372863,0.52950589839159,0.25898834699579276,0.3103023844807976,-0.509624823039827,0.0,0.6378330752207355,0.6114483800201126,low,0
S0079,2025-03-12,11,mid,3,35.18976045968296,0,0,3,0,1,6.292366079059777,0.0,7.9656060920174205,0.722198966303288,0.036024481755592586,0.73494287331851,0.3371363124968212,0.0,0.37549048120847694,0.629379512426174,low,0
S0079,2025-03-13,11,mid,4,33.85166181555099,0,0,1,0,0,3.3572651457400626,0.0,16.34674453320801,0.3698990485316368,0.26074979379103835,0.9546211565589329,-0.829137984182394,0.0,0.2743806269770741,0.34585243123769116,low,0
S0079,2025-03-14,11,mid,4,38.70659778351557,0,1,4,1,0,0.9565478634637579,0.0,5.172763231103531,0.4226488506455436,0.8595714098803666,0.7276843642879288,-0.08666769259388762,0.0,0.6387124232975452,0.8237155290479323,low,0
S0079,2025-03-15,11,mid,5,43.46757663931105,0,0,1,0,1,6.446129389040839,0.0,17.072766919951377,0.7156715655143691,0.506780702939193,0.022243109240476455,-0.13471995485509147,0.0,0.8411216061394304,0.3826182456268483,low,0
S0079,2025-03-16,11,mid,3,34.837678418465046,0,0,3,1,0,6.310828768605189,0.0,5.598913755315465,0.8888008330085913,0.10654366505960766,0.0709003461392046,0.9501163850241632,0.0,0.8033225766896108,0.41254251801626274,low,0
S0079,2025-03-17,11,mid,4,57.84798735367312,0,2,1,1,1,8.007335587786283,0.0,10.4519030816665,0.2708849246585072,0.6014507850656684,0.349938222342675,-0.8984714528026922,0.0,0.15462054386776425,0.11346616543915922,low,0
S0079,2025-03-18,11,mid,2,46.315687160857,0,2,1,0,1,2.6555564937242373,0.0,14.147263000207403,0.5989150349111519,0.2292561892902223,0.625029362263482,0.018117483426380865,0.0,0.36229997851916185,0.4391912077719152,low,0
S0079,2025-03-19,12,mid,1,44.772545360579265,0,0,1,0,1,4.325317988103828,0.0,10.408729840212038,0.77281364938805,0.7759252979293998,0.7946146369170611,0.22929372500154832,0.0,0.5144849029961016,0.8727241953417275,low,0
S0079,2025-03-20,12,mid,3,46.70846714239768,0,0,4,0,1,4.692096639688482,0.0,14.234563244321574,0.38529198999065706,0.34935667609526133,0.3149568826506055,-0.04133030560074458,0.0,0.5992257437160565,0.9247951875561797,low,0
S0079,2025-03-21,12,mid,3,51.8692486332341,0,1,3,0,0,2.89161716848847,0.0,9.246231888476212,0.5109103168128929,0.550051361266638,0.16576387386747649,0.3933450918700958,0.0,0.1140103223879193,0.617454632187926,low,0
S0079,2025-03-22,12,mid,5,50.24471650884794,0,3,4,0,1,3.793711216350209,0.0,11.681296911175972,0.12676025406420033,0.562384498976125,0.440685973246419,-0.3965340189177242,0.0,0.5886439635831671,0.7432295108910778,low,0
S0079,2025-03-23,12,mid,5,44.65766498017878,0,1,2,1,0,2.2197571285449706,0.0,9.120182456067251,0.4238829082500465,0.36241928152995373,0.7803174190868248,0.3171778132165639,0.0,0.8331561723078708,0.041615980859498025,low,0
S0079,2025-03-24,12,mid,3,56.80857957884201,0,0,3,0,1,3.1603751471473362,0.0,8.812919173466426,0.5994306257176882,0.0826213983288695,0.500169782010174,-0.21667289647460675,0.0,0.8151956964271104,0.22024077527593444,low,0
S0079,2025-03-25,12,mid,2,46.57644093317043,0,1,1,0,0,7.943349103836152,0.0,9.674338790319066,0.07422314224823989,0.7823170347190745,0.44760323498052224,-0.8107456151069512,0.0,0.2783439112200924,0.29935771250564747,low,0
S0079,2025-03-26,13,mid,4,51.937075158948076,0,1,3,0,1,6.412102834436308,0.0,7.916042809861593,0.15886235610083044,0.9527805936884659,0.23779637179947477,0.6305241207348957,0.0,0.5168289239454574,0.7391195644855979,low,0
S0079,2025-03-27,13,mid,3,40.79950642847187,0,0,3,0,1,5.980078169698497,0.0,12.018115723890638,0.306402902248187,0.3656382445027555,0.7346040870170404,0.6474590362287074,0.0,0.42400281910782334,0.7406555473783395,low,0
S0079,2025-03-28,13,mid,4,45.215935236773255,0,3,5,1,0,4.202561740863327,0.0,6.991876004972357,0.6856503957015837,0.25051460235187883,0.4814361803552827,-0.7269749609420502,0.0,0.1140929222679754,0.36730552412528894,low,0
S0079,2025-03-29,13,mid,4,62.58524598599564,0,1,5,0,1,6.350835234482685,0.0,1.8844899111645645,0.3709913778706747,0.9438477154991899,0.681495983376239,0.8960028059318945,0.0,0.9039980602601163,0.6853916720513051,low,0
S0079,2025-03-30,13,mid,3,29.616626966028804,0,1,4,0,1,4.169555307389354,0.0,6.50494355945954,0.9878291434508693,0.2565092567171058,0.3104939410496843,0.926680437588862,0.0,0.5120604141112884,0.7717491977713057,low,0
S0079,2025-03-31,13,mid,3,30.418038474923378,0,1,3,0,0,10.61827415835893,0.0,6.3223505895519905,0.9869403013317414,0.3829906133335129,0.4098574628889031,-0.8635970142481191,0.0,0.6629355219046867,0.19103667808970926,low,0
S0080,2025-01-01,1,mid,3,57.47320982713719,0,3,5,1,0,6.062852617997043,0.0,9.458616104488195,0.7593133533018974,0.6016338439250655,0.43964011446556184,-0.10628419365952246,0.0,0.6526135360698421,0.7202854146138086,low,0
S0080,2025-01-02,1,mid,4,43.9170742253875,0,1,2,1,0,3.2093703281609653,0.0,11.227348947782637,0.2662571259337819,0.976620219694043,0.6485476543225659,-0.03586325175168992,0.0,0.9540699610032344,0.030424409885052572,low,0
S0080,2025-01-03,1,mid,4,40.71219462737152,0,3,4,1,1,4.556043486179538,0.0,12.1117971485211,0.5547128810039246,0.4572981084548787,0.6608060803209086,0.9634838497068692,0.0,0.5799212258172685,0.4073513360289758,low,0
S0080,2025-01-04,1,mid,2,45.945264816272044,0,1,5,1,1,5.929292490867627,0.0,8.830137630580722,0.45406400000066716,0.6325026791668122,0.37108383235320885,0.06866307368512681,0.0,0.26688264359573455,0.5900720127139069,low,0
S0080,2025-01-05,1,mid,4,38.24208151078876,0,1,3,1,0,2.3191168430080698,0.0,7.487726647923786,0.08228999569649709,0.6781043679444425,0.715952448335145,0.3245904311156178,0.0,0.23305793856565937,0.6283034189661277,low,0
S0080,2025-01-06,1,mid,2,34.33576637682365,0,1,4,1,1,9.424170231879716,0.0,15.216725315282893,0.687836610543151,0.9107982221032698,0.8224852722686339,-0.5334907740349295,0.0,0.64367187353253,0.6712990101160691,low,0
S0080,2025-01-07,1,mid,3,39.016776774874124,0,2,2,1,1,5.290037465775452,0.0,11.799425831994325,0.9974957320825762,0.7232180076717126,0.7005840907441003,-0.8046485298911663,0.0,0.2970696830480021,0.5833331082048321,low,0
S0080,2025-01-08,2,mid,2,51.38549219022366,0,3,3,0,1,5.662150430912955,0.0,10.69607780741368,0.5563558600929475,0.5602246137191523,0.07840402103386535,0.5305510799309916,0.0,0.4805795253554421,0.2087034972509566,low,0
S0080,2025-01-09,2,mid,4,57.22463910718542,0,0,3,0,0,7.995118335452913,0.0,10.668320970110543,0.14981344937880925,0.3503087733811887,0.517481221255506,-0.9687230462445668,0.0,0.9608207895588975,0.9227022435977783,low,0
S0080,2025-01-10,2,mid,1,51.400847827877904,0,0,4,1,0,2.7569156130984616,0.0,13.62103026411955,0.7019490168478443,0.5812455916745611,0.8057145370172525,-0.4564741717465468,0.0,0.16223528399645604,0.43251479670035053,low,0
S0080,2025-01-11,2,mid,2,47.45302529228751,0,0,5,1,1,6.792473033167767,0.0,14.383387097002297,0.46306324412381006,0.4474633895461534,0.5173915992958568,0.6370531097680934,0.0,0.5961842553916501,0.7464601185616215,low,0
S0080,2025-01-12,2,mid,2,27.931454297270054,0,1,2,1,1,4.233995537143884,0.0,12.71182306008734,0.019212116324527684,0.03811415591291578,0.8255860102269673,-0.1583366303750664,0.0,0.967728486513601,0.41763024629745393,low,0
S0080,2025-01-13,2,mid,2,51.684965577921176,0,1,4,1,1,8.187882659904373,0.0,14.343469117842048,0.34997933624618704,0.4469551789309194,0.01597383099552696,0.8708895188443682,0.0,0.9879826931683429,0.40094646529604816,low,0
S0080,2025-01-14,2,mid,1,21.60778720082235,0,0,3,0,1,4.288106151937696,0.0,9.303069255593865,0.2301972253374569,0.0040540727214875005,0.9887803168199584,-0.781516835774916,0.0,0.8400793830740366,0.10207765523087753,high,1
S0080,2025-01-15,3,mid,3,43.4192485504651,0,0,2,0,1,3.096675523356245,0.0,3.1738918780510144,0.605866337203493,0.6379723877696375,0.22823288160911714,0.8956321414264932,0.0,0.8279469973951726,0.13027254405413713,low,0
S0080,2025-01-16,3,mid,3,40.909335722305585,0,0,3,1,1,7.760304731329461,0.0,5.91894167992176,0.6041722359702851,0.23696577834702603,0.5722486389346711,-0.4873416196233684,0.0,0.2858548944456121,0.5504975453280111,low,0
S0080,2025-01-17,3,mid,0,32.07351237125149,0,1,2,1,0,7.305523559255958,0.0,6.319212276258973,0.010703878783328569,0.2489981980326904,0.1514749760056897,-0.07516798912266509,0.0,0.7462735790850269,0.5526997188182229,low,0
S0080,2025-01-18,3,mid,3,46.376778750304055,0,2,3,1,1,5.098352031769039,0.0,2.0841314375973,0.6189412866160245,0.32413256449223304,0.7320358771843747,0.8126394233105427,0.0,0.06766083692776825,0.021638863932272212,low,0
S0080,2025-01-19,3,mid,4,58.62086821737692,0,2,4,1,0,2.024942567817413,0.0,13.259317547885416,0.5149874862766269,0.337953618429775,0.5317698213134158,0.6815647201235757,0.0,0.13387093006116202,0.412954073861008,low,0
S0080,2025-01-20,3,mid,2,66.93057080538885,0,1,2,1,1,10.916998441830149,0.0,6.720974709720531,0.7607668488298649,0.006383444002701633,0.23669490584852404,0.5628839320345307,0.0,0.3392677460272828,0.5758841047097363,low,0
S0080,2025-01-21,3,mid,2,42.678138147580114,0,0,2,1,0,3.309934906812316,0.0,8.714342242795372,0.484964434221961,0.9071234667641617,0.9932536824188007,0.803720504384059,0.0,0.06572780773909181,0.1580689168508127,low,0
S0080,2025-01-22,4,mid,2,43.267132995785,0,0,3,1,0,6.754194008892329,0.0,8.692311658679259,0.8044969031547604,0.8319809451935546,0.9417868704060058,-0.25576708173572227,0.0,0.21784991270716947,0.7370359803517792,low,0
S0080,2025-01-23,4,mid,2,54.83540152080908,0,2,2,0,0,2.4315490239647497,0.0,10.82951219627298,0.5103700626589885,0.4986461862597258,0.29854977642694003,-0.8915840378939643,0.0,0.78826613771747,0.47528288643121686,low,0
S0080,2025-01-24,4,mid,3,48.758489029307306,0,0,2,1,1,3.5189325276270518,0.0,9.847365669759633,0.7055203851267818,0.788585321023084,0.3342295520521207,0.4518621850259017,0.0,0.22770157933218715,0.7980610793537785,low,0
S0080,2025-01-25,4,mid,0,54.32216305693507,0,2,1,0,1,1.6997369401132194,0.0,3.8075944214570336,0.20122404743601385,0.9313734473382441,0.5545838294867392,-0.07437354437089372,0.0,0.9773927325419288,0.3659866888857557,low,0
S0080,2025-01-26,4,mid,2,49.76282938687406,0,0,5,1,0,5.705784359452004,0.0,4.873386568813933,0.29225776172463125,0.2737313181452523,0.8724730485763897,0.3823683440251384,0.0,0.21535291431570358,0.4778136397640952,low,0
S0080,2025-01-27,4,mid,4,45.96491155652692,0,2,2,1,0,1.5146353026584403,0.0,7.652329846048663,0.14921956058700703,0.1871341240198905,0.7792991985871106,-0.5114782019724278,0.0,0.21985816421805304,0.3191333188334392,low,0
S0080,2025-01-28,4,mid,2,60.063417192512375,0,0,1,1,1,2.740979477363962,0.0,9.008283964072412,0.7477197065713997,0.1398297871541786,0.07249392528262699,0.7146601345135373,0.0,0.5417421927622387,0.6379530363257415,low,0
S0080,2025-01-29,5,mid,2,18.471013830723248,0,0,4,0,1,5.623082655393384,0.0,9.73734276352367,0.5363637932487529,0.9090931654364126,0.12848309632286736,-0.5230062294282887,0.0,0.16281959995623996,0.37507661614983967,high,1
S0080,2025-01-30,5,mid,2,49.792153772226655,0,2,1,0,0,3.7875031643132475,0.0,5.104113934039654,0.8474460990406623,0.3997400019298619,0.4188854116333932,-0.7679870153206012,0.0,0.4635386007751423,0.08317430483628907,low,0
S0080,2025-01-31,5,mid,3,52.85031863644842,0,1,3,0,0,5.313608126055461,0.0,16.2910238396325,0.11256174182900502,0.2663727683338234,0.7707531696831147,0.8038626756436724,0.0,0.8204644044085576,0.6686427471455909,low,0
S0080,2025-02-01,5,mid,1,67.86871110175873,0,0,4,1,1,2.605781686059768,0.0,10.207507365578032,0.7668933635181995,0.18366397832251635,0.5126022552455922,0.34629383308665895,0.0,0.3904295182517875,0.6712482179432602,low,0
S0080,2025-02-02,5,mid,3,49.485389484409154,0,0,2,1,1,3.22239976986193,0.0,9.871087505786347,0.020334376844264868,0.3100328072972458,0.817121105451161,0.7370001440632128,0.0,0.7480615198053631,0.18441791829166143,low,0
S0080,2025-02-03,5,mid,6,19.59059031580199,0,0,3,1,1,1.8129459091844895,0.0,13.586021941468571,0.6821597465736472,0.4641065890229924,0.5357653620081821,0.910721593813852,0.0,0.4365985201137276,0.31372838061138686,low,0
S0080,2025-02-04,5,mid,3,64.51281756811528,0,1,2,0,0,7.2686033091886575,0.0,8.913434863669558,0.10319291376769835,0.21627373134758254,0.5966043770010245,0.35581103426247274,0.0,0.25176477737543557,0.9397339107969398,low,0
S0080,2025-02-05,6,mid,3,47.0248818276832,0,0,5,0,0,2.7658152314424616,0.0,9.396192625819513,0.06987539596880865,0.10768390046318255,0.6348538560582127,-0.29919274422719466,0.0,0.6314388774570417,0.0462955613548407,low,0
S0080,2025-02-06,6,mid,2,55.148375918737685,0,1,5,1,0,7.930163545864513,0.0,11.355251048712269,0.02415138749147472,0.048986834249233446,0.09602701993209006,0.6921800245255894,0.0,0.8553727602916303,0.6384025317435478,low,0
S0080,2025-02-07,6,mid,2,58.77859421182514,0,1,1,1,0,2.195357392543137,0.0,12.497164148877259,0.7498778030492196,0.48193866782690853,0.9103314431496509,0.7944287344837757,0.0,0.4432711973446426,0.9542376048656226,low,0
S0080,2025-02-08,6,mid,4,61.37562848103417,0,0,5,1,0,4.674664241976339,0.0,12.752783101897714,0.216786571778243,0.6020597758623145,0.21117053209755166,-0.34956882675413814,0.0,0.9451030718687414,0.8710899439950422,low,0
S0080,2025-02-09,6,mid,1,38.491022838413016,0,2,2,0,0,6.965690129984546,0.0,16.51346288993802,0.32894115179911865,0.5614002543379122,0.880073061066161,-0.3390912416737655,0.0,0.8852500699294871,0.06267069520244328,low,0
S0080,2025-02-10,6,mid,1,47.99926329605226,0,1,3,1,1,3.41880927435059,0.0,14.119312109837374,0.42694404046314627,0.24102339600145917,0.8177316724169166,-0.9852451317641686,0.0,0.23886569882046982,0.8704010105405883,low,0
S0080,2025-02-11,6,mid,2,49.22699975859887,0,5,3,1,1,5.283790883920775,0.0,5.829172254096334,0.6234052825557451,0.1675132610146215,0.6845333467732823,-0.9240984674437296,0.0,0.028041531265781128,0.7416542092300944,low,0
S0080,2025-02-12,7,mid,4,51.99088877348858,0,0,1,1,1,8.070417223530503,0.0,16.223032775676433,0.5501492661270523,0.37534717136957796,0.9577346748967235,0.2259159396864321,0.0,0.2222787666648014,0.00639919847019077,low,0
S0080,2025-02-13,7,mid,4,49.480894972104586,0,0,1,0,0,3.4632172865274713,0.0,10.763619415741537,0.5821124102222397,0.06389848479635829,0.4533185687169424,0.3672804240622396,0.0,0.061393190332734826,0.5111511155868907,low,0
S0080,2025-02-14,7,mid,2,46.21365664579807,0,1,4,0,1,7.169628488617499,0.0,8.903630959575839,0.5200433464150941,0.002041476836712741,0.5394728448154884,0.7440298373252368,0.0,0.6903715028529098,0.7571764699951904,low,0
S0080,2025-02-15,7,mid,1,47.765152460919154,0,1,2,1,1,3.7861002096248746,0.0,8.653732637011178,0.5656058194724739,0.6656211922607455,0.9509737222821133,0.21594977888881317,0.0,0.5679446820980716,0.4725791461974256,low,0
S0080,2025-02-16,7,mid,2,63.36104550693319,0,2,2,0,0,2.864260020572024,0.0,13.126504758908002,0.8953857131958176,0.6650257677982072,0.46776519680739603,0.40887310107959696,0.0,0.006736281194937521,0.3234116965211269,low,0
S0080,2025-02-17,7,mid,3,48.824366828199075,0,2,5,1,1,5.226003867692686,0.0,12.022189804532077,0.8863420653736386,0.2572042474281986,0.9469496664096934,-0.5662987022371888,0.0,0.9456840908158523,0.8756675607298057,low,0
S0080,2025-02-18,7,mid,3,33.86664482507147,0,1,2,1,1,6.37671725521593,0.0,7.601767828473957,0.5305037467865007,0.5869700533954513,0.8103875830828403,0.3389542895630129,0.0,0.41989855592299774,0.9740176933428902,low,0
S0080,2025-02-19,8,mid,2,33.00198193410771,0,1,1,1,1,4.083930175558172,0.0,10.953465679010638,0.8558804360031387,0.982568910495374,0.7509281988654414,0.6479096058173452,0.0,0.9174413440022667,0.7858514800617572,low,0
S0080,2025-02-20,8,mid,2,46.37596426923659,0,2,1,1,1,5.195381442188296,0.0,9.906579693694919,0.5184127359266534,0.3792373094391537,0.5823137403702693,-0.3901336416386929,0.0,0.1783072262501474,0.16334178537175903,low,0
S0080,2025-02-21,8,mid,2,38.902306681474585,0,1,2,0,0,4.279698843890632,0.0,15.533947474249416,0.289147194503546,0.7107912460517709,0.8117961321441487,0.19428400158384207,0.0,0.09443784444605441,0.90579998114693,low,0
S0080,2025-02-22,8,mid,2,31.217058333091387,0,0,2,0,1,4.7612709451581425,0.0,15.10687979714409,0.5542808276584618,0.3291468413066012,0.4146475936898889,0.05068852859553585,0.0,0.6042961969203756,0.37030572187892996,low,0
S0080,2025-02-23,8,mid,3,52.919778680979306,0,1,2,0,1,2.1929970762501725,0.0,12.22693019868149,0.6282706096950232,0.2649173665499017,0.09591575822854903,-0.6434822677135223,0.0,0.9177749398184898,0.43913135660926994,low,0
S0080,2025-02-24,8,mid,2,53.5350704023833,0,2,5,1,1,6.141563961514819,0.0,7.805923379136281,0.4981000618190625,0.12977132064973596,0.5678272889289583,-0.8126283553189593,0.0,0.7620124831234296,0.36124269453570557,low,0
S0080,2025-02-25,8,mid,3,54.926889543108366,0,1,4,1,0,4.383263708870929,0.0,15.448239834578757,0.298069129026297,0.09220828723540908,0.052983682718296454,-0.771714871136068,0.0,0.33739466495538484,0.6099822433730077,low,0
S0080,2025-02-26,9,mid,2,51.40425506034828,0,0,4,0,0,1.4795231284687156,0.0,2.0903470266040847,0.3014898480377396,0.46970283215773045,0.2350942575729308,0.9032900695094079,0.0,0.2634539115220138,0.925447329820476,low,0
S0080,2025-02-27,9,mid,0,39.676158529207555,0,2,3,0,1,3.6862513265776515,0.0,4.9293837362311645,0.12011591011687817,0.9401584477439042,0.6399826398854975,-0.613622116854226,0.0,0.7894155802658078,0.26636973461219593,low,0
S0080,2025-02-28,9,mid,3,46.818338828603814,0,1,1,0,1,4.8160098344222675,0.0,9.794124867058526,0.14802409115451898,0.9632151207172075,0.8450496995764268,0.7158808663448484,0.0,0.24623715517947853,0.5582381567291699,low,0
S0080,2025-03-01,9,mid,4,44.52896812958249,0,1,2,1,1,4.003350191770043,0.0,11.854958235739957,0.6700179464613472,0.3489892709318535,0.8234848341813947,0.7072052286735677,0.0,0.9418662572984647,0.385261208891841,low,0
S0080,2025-03-02,9,mid,3,39.01556222080359,0,1,5,0,0,7.731956691307612,0.0,8.577524649855015,0.3774242757767742,0.24004470682794277,0.8912772129403966,-0.03267616657708894,0.0,0.390510947568804,0.9056303031912882,low,0
S0080,2025-03-03,9,mid,2,51.97486093789856,0,0,3,0,1,5.521206364751517,0.0,10.133549054568418,0.06360165701171738,0.2780360192620387,0.5898200114984037,0.5135710513836691,0.0,0.8938301864280273,0.09847857302031016,low,0
S0080,2025-03-04,9,mid,2,41.61656858277481,0,0,4,1,1,5.858990892821301,0.0,7.220435788873969,0.9669567429121032,0.2066711443989987,0.8400435474533396,-0.4070350191910703,0.0,0.4103341509511902,0.916251004035241,low,0
S0080,2025-03-05,10,mid,2,38.21038272535024,0,2,3,1,0,4.138414034738676,0.0,9.982811389491456,0.9887836721305919,0.23328379265885313,0.9288135729679182,-0.1995452310110215,0.0,0.1652026426805514,0.41986969595327084,low,0
S0080,2025-03-06,10,mid,3,43.72784325220847,0,1,1,1,0,3.3789072652805516,0.0,9.779231427967286,0.5706566478708242,0.6837616399636063,0.07487949886268297,0.06653629526675675,0.0,0.972381165911074,0.035260471236210456,low,0
S0080,2025-03-07,10,mid,3,32.0153902525286,0,2,1,1,1,7.0100765408450405,0.0,9.364512093871294,0.9200224773707462,0.8511297884276315,0.08395264653417656,0.07956577054092917,0.0,0.9462212308753002,0.963721020753292,low,0
S0080,2025-03-08,10,mid,0,55.05457825569238,0,0,3,0,1,6.253708916729785,0.0,9.173356508355225,0.4756318493576219,0.9258078386269231,0.2415140569916897,-0.18516372346828525,0.0,0.0516527342029367,0.45426841238433835,low,0
S0080,2025-03-09,10,mid,3,54.55311051485109,0,1,3,1,0,5.950243834320171,0.0,11.422093390962113,0.9707916790515313,0.6189294466802617,0.6869204108885276,-0.03625661045341699,0.0,0.2700894011249102,0.08230397437730252,low,0
S0080,2025-03-10,10,mid,2,61.24312062605313,0,1,4,0,0,8.847897881943279,0.0,7.6470466673518676,0.3177031062001784,0.6276592880756678,0.01310543688818444,-0.5106988783298232,0.0,0.23344419013430573,0.11097737752076176,low,0
S0080,2025-03-11,10,mid,2,39.50104278008763,0,0,1,1,1,6.165496525184498,0.0,7.647427431034218,0.08917763839284665,0.9492941284805169,0.733158916436726,0.9543781841945003,0.0,0.4470959762077942,0.23137454371212618,low,0
S0080,2025-03-12,11,mid,3,52.40307601401772,0,3,4,0,1,5.159786022816289,0.0,9.039343882010584,0.4203823149499287,0.4344000385842577,0.8044336912401014,-0.9066077376703232,0.0,0.7416479069146887,0.7054858832889961,low,0
S0080,2025-03-13,11,mid,3,54.42773441253878,0,0,3,0,0,2.954189432660091,0.0,11.371936303738645,0.9842317792059928,0.6328088967585772,0.5204834919192912,0.6909278844360454,0.0,0.1708333326231538,0.424523973988187,low,0
S0080,2025-03-14,11,mid,3,49.304863513815405,0,1,5,0,0,5.499613064997014,0.0,6.849515668156166,0.3335667723767469,0.6047276748361201,0.04782087785786304,0.7626973861215256,0.0,0.7142086308516421,0.34567293186706816,low,0
S0080,2025-03-15,11,mid,5,39.716715899134954,0,2,2,0,0,4.438248881346474,0.0,7.677878034835533,0.5309688523321966,0.13491295387110203,0.25914951296021116,-0.9016221158753555,0.0,0.6813403639509729,0.4963922323593134,low,0
S0080,2025-03-16,11,mid,1,34.87394898057852,0,0,3,0,1,6.870871436093147,0.0,6.987554332521377,0.45510722984725616,0.9811821201032032,0.9786015013478429,0.05838097185505209,0.0,0.3445752282705963,0.4036390445945439,low,0
S0080,2025-03-17,11,mid,2,43.316749692398105,0,0,4,0,1,2.6186774321841417,0.0,6.1794127935772725,0.09474345982115462,0.010685223614505523,0.719014192791371,0.7654635022977268,0.0,0.31095611175168936,0.653026927938362,low,0
S0080,2025-03-18,11,mid,3,39.230900018101366,0,0,3,0,1,5.46820332457013,0.0,15.351344281641325,0.5161666659482569,0.7103333347295677,0.5499797417699898,0.9723086046285006,0.0,0.6979825918216567,0.806853179194893,low,0
S0080,2025-03-19,12,mid,3,44.09530757320659,0,1,4,0,1,3.9977889478352306,0.0,9.555996379868839,0.42856943495158983,0.1390294308223714,0.7839989574961691,0.010966720625339432,0.0,0.9664316264732439,0.36636709012786295,low,0
S0080,2025-03-20,12,mid,2,28.50742983160715,0,0,1,0,1,6.512412604631753,0.0,9.463037831591585,0.5432934856422229,0.6289884563550715,0.8035196437397841,0.4068342197958572,0.0,0.14930911276279402,0.47814051715469297,high,1
S0080,2025-03-21,12,mid,2,46.28269376341353,0,0,5,1,0,6.566049787261173,0.0,10.130830602978733,0.3965816997166831,0.9878928862975775,0.3992362193485939,0.17805518822376687,0.0,0.9647665037164704,0.6015876864655706,low,0
S0080,2025-03-22,12,mid,3,21.414915016823976,0,1,3,1,0,8.20483415450226,0.0,8.817130927786039,0.5143984616837811,0.4468108063206777,0.13971867945337713,-0.428219992334413,0.0,0.5877687995108223,0.040721162794975285,low,0
S0080,2025-03-23,12,mid,2,40.86628378761878,0,0,4,0,1,8.140600416243275,0.0,10.313546863360875,0.4529674727876768,0.8199640589588509,0.7437997269017754,-0.0203647016312003,0.0,0.5141391385793785,0.6411225821332024,low,0
S0080,2025-03-24,12,mid,3,25.630883793172256,0,1,1,0,1,5.213316149513903,0.0,5.2958355860877795,0.8133384205648333,0.4316474465188411,0.22867786584019967,-0.3839203803287967,0.0,0.4897537499422796,0.8100198870578765,low,0
S0080,2025-03-25,12,mid,3,46.282627700279114,0,1,3,1,0,9.775755023661144,0.0,10.784008615365806,0.7071438601320508,0.18495774836637746,0.5978508908390514,-0.3132427402888325,0.0,0.3163950973234009,0.06288364295281479,low,0
S0080,2025-03-26,13,mid,3,41.867616563652994,0,1,3,0,1,5.960577266860237,0.0,7.659827540676867,0.4205716704784034,0.38382047804185715,0.181654981995521,-0.9189288735059253,0.0,0.7639252211443724,0.48182923651938536,low,0
S0080,2025-03-27,13,mid,1,32.24177986862895,0,2,2,1,0,4.48047857670103,0.0,9.077886149323104,0.8745797036751394,0.17202833794164452,0.7260473761048449,-0.3958054695469022,0.0,0.9013309619805193,0.6221459479925785,low,0
S0080,2025-03-28,13,mid,3,65.1928177842415,0,1,1,0,1,4.116536232184412,0.0,10.498432308851346,0.4378207989656643,0.13938059037781136,0.23026642110140372,0.08262882207427347,0.0,0.540667049944281,0.7993700251862487,low,0
S0080,2025-03-29,13,mid,3,44.617327222861036,0,0,1,1,1,4.497661312275309,0.0,10.24561982187774,0.5207789206429712,0.0470706751628317,0.9023980956474132,0.41402088261510817,0.0,0.08392920415866734,0.5076485287126266,low,0
S0080,2025-03-30,13,mid,2,55.03996781907171,0,0,2,1,0,6.719841077147379,0.0,14.686697795519091,0.7453002478326367,0.6978517512698754,0.6008364371227131,-0.7847055683921142,0.0,0.07019260448294051,0.16488468129733524,low,0
S0080,2025-03-31,13,mid,3,68.28968007737234,0,1,2,0,1,5.840074060414845,0.0,11.47620068317943,0.18716478009319215,0.0022705509609703967,0.5738064210202111,0.24978205575838452,0.0,0.22583097951826436,0.18738756501177845,low,0
S0081,2025-01-01,1,mid,7,33.518317565014634,0,0,1,1,1,6.539213814359633,0.0,8.063802537562974,0.9586760679081773,0.1577316005004421,0.5459745699237712,0.6132825975201879,0.0,0.33183094929997026,0.07611836909669856,low,0
S0081,2025-01-02,1,mid,5,36.969669798874435,0,0,4,1,1,7.497925517622141,0.0,11.081426036486675,0.15965688744167295,0.04302996757912825,0.21974927574161218,0.007865239154002834,0.0,0.9914592275919789,0.6180810324991165,low,0
S0081,2025-01-03,1,mid,6,34.999212311893615,0,0,1,0,0,6.035756722033401,0.0,5.464117881417672,0.2838220586420541,0.8007998451553364,0.17216729129499986,-0.5672069523157819,0.0,0.26509203730858455,0.5942912158591254,low,0
S0081,2025-01-04,1,mid,7,67.07693908312135,0,0,5,1,0,2.7821664912190287,0.0,15.563133055485116,0.4651908596038977,0.593138761763825,0.8104654045400055,-0.1030526482919285,0.0,0.630569005717914,0.4650696807348086,low,0
S0081,2025-01-05,1,mid,7,46.72589023970332,0,1,3,0,0,2.067718578617502,0.0,8.454003299433737,0.20625580697766255,0.7750333283220646,0.28630633642783254,0.35459268430872837,0.0,0.009823351433701721,0.9702971601694106,low,0
S0081,2025-01-06,1,mid,5,37.44597926184785,0,3,2,1,1,5.460081986409155,0.0,9.167714845032043,0.22079265256963776,0.22998085900865461,0.06562385813418425,0.4636147288286012,0.0,0.6438223981346124,0.3350905262721192,low,0
S0081,2025-01-07,1,mid,5,53.68014072759439,0,0,2,1,0,3.848851325410668,0.0,9.897683409935452,0.531785187619138,0.039322265994136685,0.1829636033439206,0.4335074427741543,0.0,0.7236064113060465,0.0028039869096541103,low,0
S0081,2025-01-08,2,mid,6,49.68854691560468,0,1,4,0,1,2.3531699998542934,0.0,11.0695896251596,0.19371439615489316,0.5188236675654991,0.8925400374928614,-0.23422627695638365,0.0,0.4939985632430218,0.41919535172504685,low,0
S0081,2025-01-09,2,mid,5,47.691812524676074,0,3,5,1,1,6.34481503724281,0.0,6.97599329699352,0.20905039936790248,0.5579683420951864,0.7469464519942284,-0.6310799882377498,0.0,0.2708633645067331,0.43906071018105974,low,0
S0081,2025-01-10,2,mid,4,56.27561291573993,0,0,3,0,0,3.35263016809342,0.0,9.420922428487838,0.9521469547063874,0.9989727944702403,0.8712304661387513,0.6548481596542022,0.0,0.42912860944636,0.33706350097044824,low,0
S0081,2025-01-11,2,mid,5,44.5304383370392,0,0,3,1,0,5.379838244063382,0.0,11.1355644666649,0.48489869425303833,0.2676088749470843,0.4140280147501768,0.9698480467354282,0.0,0.8572129128050038,0.4845087167150206,low,0
S0081,2025-01-12,2,mid,6,51.28409664359455,0,1,3,1,0,4.612231463913226,0.0,9.774719059368485,0.8849177497511123,0.5865453672229862,0.4040720111157885,-0.8007065462363296,0.0,0.040657796234668586,0.25616887961024326,low,0
S0081,2025-01-13,2,mid,7,28.788450875097432,0,0,4,1,1,5.385702331002444,0.0,9.481814471498833,0.6617486647128117,0.7420306413027014,0.8160070279458099,0.6220950807602024,0.0,0.007225809912530745,0.6718924996911457,low,0
S0081,2025-01-14,2,mid,4,46.276772429251714,0,0,1,0,1,6.161769764583236,0.0,7.766490583840907,0.8914502850512703,0.6788779180050825,0.9208174984394991,-0.42703128952668634,0.0,0.4327495254333985,0.10534068001937058,low,0
S0081,2025-01-15,3,mid,5,37.87124881429314,0,2,2,0,1,6.22822990189845,0.0,12.480368472125836,0.5000124465551204,0.2462555738192852,0.8770714002493845,-0.6655225061530479,0.0,0.2600351822031942,0.6742590181958317,low,0
S0081,2025-01-16,3,mid,5,45.68798747868595,0,1,1,1,0,1.9414511272265176,0.0,13.186269362319695,0.40381301908074485,0.47482351008270307,0.12893481433030796,-0.5199982688096789,0.0,0.06317952669919125,0.9741840273758287,low,0
S0081,2025-01-17,3,mid,6,33.466139846289124,0,0,3,1,0,5.3179032079062925,0.0,11.227439294914275,0.9983369012226144,0.402695750100719,0.859539137079487,0.9125301661597613,0.0,0.2939687489423545,0.8610991628982769,low,0
S0081,2025-01-18,3,mid,4,26.592541171711975,0,2,4,0,1,7.321392506318189,0.0,11.885676773837286,0.32901983546102853,0.40892397430202787,0.5943730574909591,0.5642696594982393,0.0,0.616907775691106,0.01475618055816641,low,0
S0081,2025-01-19,3,mid,6,38.0649685551389,0,1,1,0,1,4.93742146764785,0.0,16.81571605467696,0.22393617824523848,0.48698246879833296,0.873160434707756,0.6355914268384273,0.0,0.19178157339974555,0.48931463954862675,low,0
S0081,2025-01-20,3,mid,6,68.61173642450537,0,2,3,0,1,5.642642482331569,0.0,15.143871101785429,0.9611884338823297,0.2805866818370505,0.26076235546899806,-0.3213855158192742,0.0,0.5440582822704558,0.3054216482157073,low,0
S0081,2025-01-21,3,mid,6,40.71928717164582,0,0,4,0,1,0.2320421920910576,0.0,6.5446151546949665,0.17800299981370749,0.5580871735561842,0.1246749429511429,0.6870661277310719,0.0,0.048147479581410746,0.852527336666094,low,0
S0081,2025-01-22,4,mid,5,54.27002800394954,0,0,4,1,0,7.386851328133919,0.0,5.083466597197093,0.4880245037885398,0.6073465832320285,0.35469070675542047,0.8829818019445574,0.0,0.933269764441698,0.7780540130436334,low,0
S0081,2025-01-23,4,mid,7,34.927130208977005,0,1,1,1,0,5.230920009169822,0.0,9.981602246246501,0.25372408954269476,0.10134578837499741,0.007656417128517834,-0.37560893276389207,0.0,0.5848196089464975,0.24877533762604465,low,0
S0081,2025-01-24,4,mid,5,46.09206407501712,0,1,5,0,1,6.616787538946891,0.0,16.644743208102554,0.24411790136075728,0.8708170243627334,0.774333576249971,0.2715833810899988,0.0,0.372052365059797,0.3280929070611235,low,0
S0081,2025-01-25,4,mid,5,48.58298332085607,0,0,3,0,1,4.984361647416086,0.0,12.01118394049508,0.6237616606033373,0.36627453168570423,0.9717466147036169,0.46364610627769376,0.0,0.7205984216294545,0.35342448556232164,low,0
S0081,2025-01-26,4,mid,6,26.951509499656577,0,0,5,0,0,3.372718155121119,0.0,12.115769861579604,0.40931592427203,0.008575864344403827,0.018428852471812696,-0.7101533298517242,0.0,0.7628878418670415,0.07537737636368913,low,0
S0081,2025-01-27,4,mid,6,18.808954460313302,0,0,1,0,0,8.288616958924889,0.0,9.4955271107186,0.36550992691638273,0.7411213096697614,0.8313908732113232,0.005128393606916193,0.0,0.958084887812957,0.15223773833034937,low,0
S0081,2025-01-28,4,mid,6,51.62006283941946,0,0,4,0,1,5.157950545126039,0.0,9.454387190223729,0.9822463098373435,0.782574389723491,0.3960203287297299,-0.3252602213987674,0.0,0.9938896627445378,0.23175407605416265,low,0
S0081,2025-01-29,5,mid,5,23.640608486125593,0,2,2,0,0,6.699084397587586,0.0,13.440884772415476,0.9922055428652793,0.153735805490946,0.27598036511879076,0.6853499605998299,0.0,0.5570578298583474,0.3295484442290292,low,0
S0081,2025-01-30,5,mid,6,33.41340243338111,0,1,5,0,1,8.901038144680028,0.0,11.915211409557402,0.2555675817489269,0.9045711002916939,0.05298743086525215,-0.6592175424461644,0.0,0.22250571150909793,0.9533556184197899,low,0
S0081,2025-01-31,5,mid,6,43.2867405689514,0,1,2,1,0,5.431195226524787,0.0,13.101714946579264,0.9128319097742813,0.3888832600773299,0.6202128930300795,-0.4431080542566601,0.0,0.14845609795551007,0.16222071352278267,low,0
S0081,2025-02-01,5,mid,6,44.099210457942505,0,0,2,1,0,4.276745814277081,0.0,8.661076497232477,0.9116146130837873,0.6427023929497946,0.5203251131770911,-0.5506920054881792,0.0,0.09343420025744065,0.9422706586443373,low,0
S0081,2025-02-02,5,mid,4,46.04654345861052,0,1,3,0,1,6.05488800975951,0.0,7.573658761088914,0.07554809822652353,0.5753209888488425,0.7531668251168636,-0.9616941630396918,0.0,0.38840269862720633,0.5883890014879516,low,0
S0081,2025-02-03,5,mid,5,52.97644471086443,0,2,2,1,1,5.006779464189214,0.0,7.152455971677453,0.6125368210980761,0.8626004161093044,0.5537322727889342,-0.6349310634704175,0.0,0.8888143318908726,0.8657638669253291,low,0
S0081,2025-02-04,5,mid,6,55.046762161909584,0,2,2,1,1,6.524831541940491,0.0,10.159711782087511,0.2605497938635586,0.04451850063942664,0.1158488331600861,-0.8967689717265883,0.0,0.7541388408975606,0.9809270896503072,low,0
S0081,2025-02-05,6,mid,5,40.71672791832583,0,2,4,0,1,2.836966532841484,0.0,13.358383588799187,0.8061143739964782,0.5980927128738609,0.33957775484345265,0.6209838382002117,0.0,0.37014409398110126,0.052851262233272744,low,0
S0081,2025-02-06,6,mid,5,55.22289050317568,0,0,1,0,1,6.909640296417442,0.0,14.581426998116823,0.09892865769348858,0.6321441535628021,0.19270767339230943,0.069490908991789,0.0,0.5875447163011704,0.43626661482312656,low,0
S0081,2025-02-07,6,mid,4,26.84116261903371,0,0,4,1,0,6.686692360337297,0.0,13.403656906599913,0.19324321625566132,0.65894498239476,0.4864659193615277,0.5559832490393941,0.0,0.45466583814404127,0.49780609604151493,low,0
S0081,2025-02-08,6,mid,6,44.5495331201335,0,3,2,1,1,3.604701516928288,0.0,12.9319441908897,0.058325162817794096,0.3948909351925145,0.5223972076941215,-0.7362662212170852,0.0,0.7471687002404279,0.7422570756997096,low,0
S0081,2025-02-09,6,mid,5,56.588176736681795,0,1,5,0,0,7.2625265905310235,0.0,6.545573914262764,0.36890040570785654,0.42421370621857235,0.04205600847905766,-0.03975857780067371,0.0,0.4415864458702873,0.683599643022691,low,0
S0081,2025-02-10,6,mid,6,36.293503541746176,0,2,4,0,0,8.01009182630651,0.0,11.273000912525973,0.3186864131785453,0.40547256179068625,0.5364300482757266,-0.9874371021897785,0.0,0.8469643858907887,0.6239896406895808,low,0
S0081,2025-02-11,6,mid,5,38.40928120534016,0,0,1,1,0,2.190179188876033,0.0,12.138690621119729,0.9771606093444766,0.6743691058321737,0.010155990386943592,0.03247045307874341,0.0,0.16593080651756908,0.7231235349003299,low,0
S0081,2025-02-12,7,mid,5,39.80722107777036,0,0,1,0,1,4.614481990327842,0.0,15.14557307477002,0.9413601827210775,0.17981951826196518,0.8775889338549041,-0.5178014535688005,0.0,0.45054094270931233,0.4625407340143961,low,0
S0081,2025-02-13,7,mid,4,35.07014633271187,0,1,2,0,1,2.7536124254452017,0.0,12.233656874532478,0.8408144861532704,0.9233750008649777,0.10834889481157584,-0.09512268518963651,0.0,0.665849129813376,0.8835121095238433,low,0
S0081,2025-02-14,7,mid,3,56.049231755524886,0,0,3,0,1,7.051819996396486,0.0,8.628285765198456,0.4378652141585465,0.06268892431714856,0.5292272537278618,0.21528488053799544,0.0,0.319653816290254,0.07760942541435656,low,0
S0081,2025-02-15,7,mid,6,61.13454558723702,0,0,2,1,0,8.041567882458573,0.0,10.802681744584325,0.5514075782058334,0.7610455488448569,0.05963917121083118,-0.8663530430054771,0.0,0.919802986160883,0.4357656043818512,low,0
S0081,2025-02-16,7,mid,6,42.50582588680002,0,2,1,1,0,7.331562731396026,0.0,11.518036410477357,0.7394639715203586,0.7483744944105577,0.8049961708087569,-0.5752736673322545,0.0,0.5554252452909278,0.10981818708971958,low,0
S0081,2025-02-17,7,mid,5,49.77579184166714,0,1,4,1,0,2.21360750871515,0.0,12.932379763607763,0.5829424331448269,0.09031997696383587,0.564269539258331,0.6386561826932959,0.0,0.13837219204268958,0.8346188945390223,low,0
S0081,2025-02-18,7,mid,4,47.326453355026196,0,0,2,0,1,3.0566430028819367,0.0,7.442655548462418,0.4001289331767037,0.777712535774615,0.026735622644907364,-0.7846205844281835,0.0,0.4446808140123163,0.9077336826231772,low,0
S0081,2025-02-19,8,mid,6,48.604120142965485,0,1,4,0,0,2.155747530495558,0.0,8.679755505526249,0.36286501124157233,0.9739678411032049,0.3290310649104191,0.2590996051341026,0.0,0.6883594684064878,0.5495549094249164,low,0
S0081,2025-02-20,8,mid,6,52.89046687644766,0,1,5,0,1,5.717718745803824,0.0,9.61740955452787,0.3132767218998568,0.24108384944964034,0.015571371818522306,0.7241457328748797,0.0,0.9160644278447945,0.067638109673403,low,0
S0081,2025-02-21,8,mid,4,27.60536034634991,0,1,4,0,1,4.359939739571807,0.0,14.770145201438016,0.4159539041560688,0.4352459350837925,0.7127857088259318,-0.13767127666495083,0.0,0.7374575448051964,0.2829492833322248,low,0
S0081,2025-02-22,8,mid,6,50.72240122849816,0,2,3,0,0,5.42841938899477,0.0,6.810549542412557,0.16395848027084947,0.663385822314813,0.8141931626224518,0.4554902553240059,0.0,0.31737068772251387,0.8381769727841665,low,0
S0081,2025-02-23,8,mid,7,45.54881812376082,0,2,3,1,0,6.790791472025912,0.0,12.543980455970846,0.4943046927985375,0.7567833765561504,0.24368546292802928,-0.9930625417332624,0.0,0.03264597342695241,0.558396967856455,low,0
S0081,2025-02-24,8,mid,6,48.77689251814838,0,1,1,0,1,3.698875599900278,0.0,7.6271763361496525,0.9995610100766746,0.8840691466042943,0.4211941741219568,0.40244746054807834,0.0,0.2357266290392469,0.93908592421754,low,0
S0081,2025-02-25,8,mid,5,52.14420459415853,0,1,5,1,1,1.0927733928244567,0.0,13.883614741448518,0.9678196465367056,0.19179956058652803,0.393024615220649,0.46600522139178224,0.0,0.796972898735774,0.10100026546848129,low,0
S0081,2025-02-26,9,mid,5,41.593821846672235,0,1,4,0,1,6.329784942035516,0.0,12.73759612816488,0.29551862538301166,0.7239684082233032,0.27792247033107076,-0.009880703234006027,0.0,0.22118376885382485,0.11563149788227545,low,0
S0081,2025-02-27,9,mid,6,48.48445463316636,0,0,3,1,1,2.3038394575667818,0.0,9.65197876544571,0.21014856310482044,0.26297426492066667,0.08067296688298697,0.4238989984648156,0.0,0.04970929110536615,0.0960163091219014,low,0
S0081,2025-02-28,9,mid,6,36.070994789292946,0,0,5,0,0,4.197754201324302,0.0,3.647991335182219,0.2373292068607874,0.7995475831737641,0.466286439199293,0.5782753308886024,0.0,0.08213257611367053,0.31465251717067333,low,0
S0081,2025-03-01,9,mid,6,36.9466001625274,0,2,1,0,0,3.068716104973892,0.0,11.326659466176471,0.5533693975456758,0.941109952999462,0.7027313400727099,-0.09652642680210288,0.0,0.9223214759215959,0.12595534088601967,low,0
S0081,2025-03-02,9,mid,8,34.44859084074082,0,0,2,0,0,2.0419334313957487,0.0,9.64491328644784,0.6761131086234133,0.09307579951601341,0.47482712264711047,0.8778051099478248,0.0,0.638552967608302,0.09448190493743125,low,0
S0081,2025-03-03,9,mid,5,50.065222474500445,0,2,1,0,0,7.918125541612485,0.0,9.607595980219319,0.3034332843022821,0.503909525836144,0.537798831051924,-0.38738916138123525,0.0,0.5873098110834661,0.8431136009247749,low,0
S0081,2025-03-04,9,mid,5,48.079864988723486,0,2,4,1,0,5.740315401064833,0.0,12.48625513055607,0.6510329629595115,0.5653157027850672,0.49626636968472326,-0.27291377463698674,0.0,0.8009306748092357,0.6398125412360569,low,0
S0081,2025-03-05,10,mid,6,38.53558640369307,0,0,1,0,0,4.398836874032581,0.0,8.714835972608055,0.9504062212833844,0.49383917783536135,0.9770794421201137,-0.34826487195028566,0.0,0.04317771360169653,0.9189056980852383,low,0
S0081,2025-03-06,10,mid,5,51.56191095640994,0,1,3,1,1,6.6328339141693,0.0,10.286603348776973,0.7879815821206536,0.6038267351686205,0.1031566593575195,0.5803800770978658,0.0,0.3353599298437887,0.15342463138869633,low,0
S0081,2025-03-07,10,mid,5,58.289175561610584,0,3,3,1,1,7.341336645827356,0.0,9.558322991337231,0.8399983946682734,0.5625901820702183,0.5009257859334023,-0.40936358918515925,0.0,0.560874872719527,0.5746394300330807,low,0
S0081,2025-03-08,10,mid,6,38.88585047224414,0,0,5,1,0,9.069685080475395,0.0,9.52558509544102,0.8754166193102576,0.20873769509779128,0.43135187855339774,0.5097850050345394,0.0,0.2826580828175038,0.05560820848178283,low,0
S0081,2025-03-09,10,mid,6,44.272998262082,0,2,3,0,1,5.576949702818009,0.0,5.956777494365435,0.3259624006205397,0.4893955951484429,0.7939605355656346,-0.009930044024017537,0.0,0.4651691142881893,0.1760170436638404,low,0
S0081,2025-03-10,10,mid,5,33.75691330358343,0,0,1,1,0,4.706677923115682,0.0,5.771874472956741,0.04348895592350088,0.7946198778857403,0.62370024431362,-0.41990751790063086,0.0,0.5391354835695642,0.6871789800621835,low,0
S0081,2025-03-11,10,mid,5,46.475782079359305,0,0,3,0,1,3.533803379701088,0.0,11.223362990343652,0.23171632963913857,0.7253814627067163,0.23480797529833597,0.2580741532006874,0.0,0.7058733299536196,0.21234702558433027,low,0
S0081,2025-03-12,11,mid,6,45.08180729205838,0,1,2,0,0,5.731496589262103,0.0,3.6474529057244762,0.6904140961087329,0.19031958814186034,0.17427348899888429,-0.8260689737237532,0.0,0.35226068460647375,0.5892896832837621,low,0
S0081,2025-03-13,11,mid,5,59.24014496585092,0,0,5,1,0,2.247593245250235,0.0,13.72391983783661,0.9050530029444224,0.32433395510707996,0.7881764356493823,0.6665482212104437,0.0,0.35939885761218515,0.21255078547367912,low,0
S0081,2025-03-14,11,mid,7,50.077164949855316,0,1,3,0,1,6.991743766766829,0.0,11.94408252174266,0.11400022111922659,0.3170199414386592,0.5851235947019386,-0.2293495526959337,0.0,0.3901712350329124,0.16172835639002536,low,0
S0081,2025-03-15,11,mid,5,35.81731192323508,0,1,3,1,1,4.392866279074334,0.0,11.74238620769524,0.336008702143062,0.9090128954145164,0.7876096169396205,-0.11764804669709705,0.0,0.1136856782189467,0.4632571066593475,low,0
S0081,2025-03-16,11,mid,6,56.24767162972774,0,0,4,1,1,4.178998036701239,0.0,6.217535601364608,0.2584293472524095,0.926005936202692,0.4586958081650675,0.8297377058855873,0.0,0.5023095080730562,0.9749831455513703,low,0
S0081,2025-03-17,11,mid,6,62.28468045993125,0,1,5,0,1,4.014840088712125,0.0,14.146406137974079,0.8721060154791824,0.36405252632221063,0.2838217354838476,0.010150561167930228,0.0,0.45834615737726025,0.05657100694844952,low,0
S0081,2025-03-18,11,mid,5,58.6870428598877,0,1,5,1,0,5.291508536406808,0.0,5.466265949800355,0.8553124572248338,0.47731727343063113,0.3071256403325804,-0.7956054949054017,0.0,0.002692819490044074,0.28276831536573244,low,0
S0081,2025-03-19,12,mid,3,39.665289726143044,0,1,1,0,0,7.222628304602331,0.0,14.33219348403716,0.7551291719152167,0.700689846511807,0.0952378072799771,-0.559075550662512,0.0,0.1087775839219941,0.8079460162555507,low,0
S0081,2025-03-20,12,mid,6,45.915804624012715,0,1,4,1,1,6.484786142100052,0.0,16.102833715068225,0.9128505556287267,0.9870149350515253,0.06791899178326899,0.7431807648607576,0.0,0.2133213844715809,0.15414714212358038,low,0
S0081,2025-03-21,12,mid,6,57.45927618157797,0,0,1,0,0,2.582043683551183,0.0,9.557472512768715,0.687480307464317,0.7081325713572949,0.9864999668070009,-0.24267678996795872,0.0,0.7256589347003759,0.4966820659951917,low,0
S0081,2025-03-22,12,mid,5,41.59257732548057,0,1,3,1,0,9.94947160562258,0.0,7.197307358398206,0.8766674515062568,0.18480492579523822,0.30862766773439954,0.11443402521567392,0.0,0.21266396762778472,0.9075195688187271,low,0
S0081,2025-03-23,12,mid,5,58.068441618926364,0,1,5,1,1,6.032670962864663,0.0,4.094849241778222,0.3133311358482226,0.462118618976347,0.5785936670426421,0.4120564764458343,0.0,0.235027901406212,0.4701563312489485,low,0
S0081,2025-03-24,12,mid,5,43.07308721163013,0,3,4,0,0,6.040229656784993,0.0,14.435826466675058,0.029829933973322786,0.0626007597528605,0.0532140710262059,0.5879738162923946,0.0,0.5434001858451234,0.30613859156273426,low,0
S0081,2025-03-25,12,mid,6,47.409138198952064,0,2,5,1,0,5.016267648344345,0.0,7.476300443558493,0.4746677705078123,0.3833704643615762,0.7836091165297018,0.845163737433271,0.0,0.9972735239012329,0.1227404517857954,low,0
S0081,2025-03-26,13,mid,5,61.689434684392545,0,2,4,1,0,6.907524834403823,0.0,11.345873511274768,0.292839076157254,0.5529404483589183,0.9584038202745785,-0.49450293068313655,0.0,0.9038136538715538,0.9475528227096023,low,0
S0081,2025-03-27,13,mid,4,34.00769747824809,0,0,3,0,1,5.8392146589943845,0.0,7.471032449106004,0.6544542991694644,0.30594711488735893,0.07589447989879494,0.21837167981731587,0.0,0.4432568334344189,0.3119586299796733,low,0
S0081,2025-03-28,13,mid,5,58.721319328488164,0,1,3,0,1,7.512044019216049,0.0,7.531969573356536,0.040582460058026903,0.4820099724546446,0.3563353231123568,-0.9710643651833695,0.0,0.47026373572060354,0.15183801406473674,low,0
S0081,2025-03-29,13,mid,6,42.48959495918135,0,3,5,0,1,5.789238410554268,0.0,6.538199936287107,0.5844185312977146,0.2756877884482155,0.6232567203497966,-0.668173540146022,0.0,0.817532703199147,0.25032965929965656,low,0
S0081,2025-03-30,13,mid,6,44.519443887040566,0,2,3,1,0,4.831807943571826,0.0,8.545771165826633,0.009018079154176295,0.7606841894342581,0.9630532344013547,-0.9366765684755036,0.0,0.5778361312995536,0.2704515432864517,low,0
S0081,2025-03-31,13,mid,6,45.369228762089115,0,2,1,1,0,3.5160518691083045,0.0,14.819430005490279,0.4372352751357883,0.489836750211634,0.7682440403874983,-0.37698225514267847,0.0,0.32349773420254846,0.5203302501712623,low,0
S0082,2025-01-01,1,mid,4,38.06091090052801,0,1,1,1,1,8.26570763683651,0.0,6.7394103274598365,0.9262480097613548,0.9490233125867487,0.3380180105148525,-0.16545007928774003,0.0,0.43633554906524374,0.3489124758495369,low,0
S0082,2025-01-02,1,mid,4,42.922063743630076,0,1,2,1,0,4.101783393097353,0.0,9.675516359701334,0.8538504694216827,0.45814276199166215,0.5938474470789733,-0.9074748345626251,0.0,0.8662886824768343,0.9695425786457788,low,0
S0082,2025-01-03,1,mid,5,52.05518573588643,0,2,1,0,0,4.357125210461585,0.0,12.29019133104834,0.1532405092785163,0.9995884382019465,0.16823684360955837,-0.7673824451485358,0.0,0.8340277544647806,0.8451920409675853,low,0
S0082,2025-01-04,1,mid,3,48.80514514599926,0,0,5,1,1,8.43859028465658,0.0,11.196828309179699,0.20229837858947075,0.6121348104690671,0.04808420749202846,-0.8330766107061702,0.0,0.5444571987407211,0.05928554842079459,low,0
S0082,2025-01-05,1,mid,4,44.28923637063669,0,0,2,1,1,7.173808092995498,0.0,14.238890093512367,0.1727102426046242,0.5460327724499058,0.25548244558759503,0.8650036541742507,0.0,0.46675534433083066,0.30749103190403804,low,0
S0082,2025-01-06,1,mid,3,44.722470647615005,0,0,5,1,0,3.0141052982789978,0.0,16.218947068962702,0.011591515853371037,0.6681103902055642,0.5393897727638068,-0.8343448596818863,0.0,0.7007508889788447,0.2698232043100435,low,0
S0082,2025-01-07,1,mid,2,43.232180280510704,0,0,5,0,1,5.315076662029686,0.0,17.778176128726944,0.46247815555044813,0.5488078516071593,0.4187764286904091,0.5748680758236664,0.0,0.06807178811868408,0.354147567926257,low,0
S0082,2025-01-08,2,mid,4,58.176831364339954,0,1,3,1,0,4.248182665164888,0.0,8.728808170643264,0.543116776306524,0.5091798529727262,0.4633358091327926,-0.2598952504687766,0.0,0.32510212363862134,0.18823434069105027,low,0
S0082,2025-01-09,2,mid,5,65.1098296384787,0,1,5,0,0,4.6072652037473745,0.0,8.858486704464763,0.1745342866466535,0.817207129903439,0.7578692453435774,0.9331935331026431,0.0,0.06665034741800502,0.2874371683062007,low,0
S0082,2025-01-10,2,mid,7,43.59366215645495,0,0,1,0,0,5.131701164638599,0.0,15.73832904490251,0.9611164215945713,0.4809450509690858,0.0684312606184796,-0.7475240931683071,0.0,0.3214469024851895,0.4689743700506237,low,0
S0082,2025-01-11,2,mid,4,50.90623038011767,0,2,1,1,0,2.431771523464612,0.0,8.439568501369731,0.07879149967413468,0.7903447872505441,0.6084344493318528,0.1814479448666937,0.0,0.9057805132774083,0.012296646426895763,low,0
S0082,2025-01-12,2,mid,5,45.56249224499123,0,1,3,1,1,5.804840005743997,0.0,5.563435761412827,0.23381029544941934,0.954245249729425,0.958800297713093,-0.33483171947501944,0.0,0.04810855612725906,0.8277808226714752,low,0
S0082,2025-01-13,2,mid,3,33.93350659840963,0,1,5,0,0,4.884553150461279,0.0,14.489083763582029,0.882635758449261,0.6772277997386512,0.34173769562085954,0.03971720667294276,0.0,0.6469498083549984,0.7876434996919972,low,0
S0082,2025-01-14,2,mid,5,33.249752210189484,0,0,3,1,0,5.169303119349423,0.0,7.728215994399079,0.45642546415874774,0.06331520874565211,0.931238361716554,-0.2994993982888745,0.0,0.7428205067168038,0.9625501122716721,low,0
S0082,2025-01-15,3,mid,5,51.06175734011758,0,0,3,0,0,7.34297554903339,0.0,9.812485121500027,0.5159208827108155,0.8209047189625578,0.3951129180316598,-0.607755404111054,0.0,0.3754670873736613,0.35954231623849997,low,0
S0082,2025-01-16,3,mid,3,37.31989049252882,0,2,3,1,1,2.7924240877870616,0.0,8.437404047861618,0.7417581253201887,0.7906563208702695,0.8025863232028704,0.8315223615899616,0.0,0.8587456031884021,0.5807481952545038,low,0
S0082,2025-01-17,3,mid,6,44.968164225416885,0,1,2,1,1,8.706344832535061,0.0,8.828579269732149,0.06615075977794505,0.23358373461971016,0.03453352997068393,0.11377245676732861,0.0,0.8148016629929408,0.3565511580704511,low,0
S0082,2025-01-18,3,mid,5,35.02203816082942,0,2,5,1,1,7.106405734955393,0.0,6.2266048249314405,0.15447103211327995,0.6303024575382866,0.6548545401289602,-0.9345771086144605,0.0,0.2940993948075642,0.006075149767613142,low,0
S0082,2025-01-19,3,mid,4,59.1870161450757,0,1,1,1,0,6.239974485678111,0.0,10.721886584463322,0.9866953553084585,0.79686382986349,0.38872707065901224,0.12546048331380955,0.0,0.0127009822478934,0.35599889995796097,low,0
S0082,2025-01-20,3,mid,5,48.091812079991634,0,0,3,0,0,7.470363628492736,0.0,7.499495464462117,0.5539856873003418,0.5540502047508498,0.8193225068194162,-0.5258672812953578,0.0,0.5805121197256353,0.6018186630692207,low,0
S0082,2025-01-21,3,mid,3,43.46457123208402,0,1,2,0,1,3.5856154464830508,0.0,5.276398490384686,0.03275297242295261,0.3564569714283454,0.7032381163775504,0.10466913764002617,0.0,0.1421160720029222,0.8202654982946505,low,0
S0082,2025-01-22,4,mid,5,41.488498891951444,0,1,1,1,0,3.1470062236270246,0.0,11.752784948198116,0.054730229960291865,0.0424906172881101,0.0014644786741517812,-0.5325415463469454,0.0,0.8665171881160431,0.45210397995419194,low,0
S0082,2025-01-23,4,mid,4,47.21017472970637,0,4,5,0,0,3.4029240222078947,0.0,12.420882833483638,0.2926331107157739,0.27277105949454905,0.21994289376087828,-0.5081928126016839,0.0,0.6006004136858273,0.6552361689408187,low,0
S0082,2025-01-24,4,mid,5,40.93454696191412,0,2,2,0,1,6.1622519415991075,0.0,14.682936693024281,0.7715928631733701,0.8965457678244966,0.3259893713368034,0.37590901720494174,0.0,0.0969133913571969,0.664515778020943,low,0
S0082,2025-01-25,4,mid,6,43.21938766438932,0,0,2,1,1,3.5363158785389057,0.0,8.740703697818919,0.07626382518263242,0.6812694444848978,0.6628582485803075,-0.964981971106248,0.0,0.5992889842691328,0.1448616774314937,low,0
S0082,2025-01-26,4,mid,5,39.27706129226731,0,0,3,0,1,4.568522175783897,0.0,11.740627232549684,0.42261847578260736,0.1636133296065495,0.7215459597302727,0.6460396602313092,0.0,0.7041409899874921,0.44274747171532847,low,0
S0082,2025-01-27,4,mid,3,48.13272571395999,0,3,1,0,1,7.395000967911211,0.0,9.88885823887547,0.9609824230149326,0.2673011954486524,0.6713655650902625,0.7097020716805393,0.0,0.6816290416895932,0.6881120312460768,low,0
S0082,2025-01-28,4,mid,5,53.97546205703026,0,3,2,1,0,6.883150399270074,0.0,12.936483781053774,0.28969475593230887,0.580801448427219,0.4295001041518789,-0.6917214682725044,0.0,0.6714293818188085,0.7739354802567003,low,0
S0082,2025-01-29,5,mid,5,24.037837980133858,0,0,4,1,1,6.090457305006193,0.0,11.933998446237126,0.23571894579735053,0.06268566580627233,0.8283794537969228,0.2420651194318706,0.0,0.08920954497350886,0.7109608614508052,low,0
S0082,2025-01-30,5,mid,3,45.618368844081076,0,0,2,0,1,7.259663724942396,0.0,10.038296933991422,0.4633583551531778,0.13821886520257665,0.43542022136108405,0.5397325093579308,0.0,0.46940236612932174,0.2450861823250965,low,0
S0082,2025-01-31,5,mid,4,48.43227616618342,0,1,1,0,1,3.0946610310096387,0.0,9.865025759478332,0.5086258873642063,0.29809128265504004,0.6309907812045887,-0.6366724195065028,0.0,0.5819838259333929,0.450021116568206,low,0
S0082,2025-02-01,5,mid,4,55.68614450572461,0,0,4,1,1,5.610473782692535,0.0,9.41870248952203,0.8985683678650519,0.8949512218332628,0.9123472017453772,0.5288555415145204,0.0,0.8965948206439763,0.8710233912463576,low,0
S0082,2025-02-02,5,mid,5,40.19940359698728,0,1,2,1,0,2.9160823589069658,0.0,8.031548467926031,0.8285041592643017,0.026388435022525192,0.1988245777266605,-0.017019755273090187,0.0,0.8891197620634044,0.4330979744725958,low,0
S0082,2025-02-03,5,mid,4,32.00810182988582,0,3,5,1,0,3.6525572794557837,0.0,10.761117980371171,0.2314200575871045,0.5353091653749623,0.3199048201119885,-0.9882293957708912,0.0,0.9827539118171082,0.17118633953094042,low,0
S0082,2025-02-04,5,mid,6,73.86673900395795,0,3,5,1,0,5.35660199871287,0.0,9.348756805903939,0.19135845715746524,0.3411752480010537,0.8813584419520438,0.3302189653555163,0.0,0.08693737711049199,0.24332130778421912,low,0
S0082,2025-02-05,6,mid,5,33.12239814550927,0,0,4,1,1,3.2044259334243197,0.0,15.68003491465265,0.8597975825490367,0.7429638802911086,0.11851551632746438,-0.41525419533680963,0.0,0.6369788479131158,0.17164375255679476,low,0
S0082,2025-02-06,6,mid,4,52.355111572362134,0,1,4,1,0,6.255950912159319,0.0,16.45977664639525,0.04857426214439153,0.2816225762883967,0.12367929552243728,-0.6809665691368401,0.0,0.26254922146775816,0.13584473573696076,low,0
S0082,2025-02-07,6,mid,4,56.44592685815103,0,0,3,0,0,8.051737846990964,0.0,6.8638804950034285,0.1538995852332229,0.8951321696183978,0.10716699435765042,0.675829458638554,0.0,0.6152403451416874,0.8597725664380006,low,0
S0082,2025-02-08,6,mid,5,32.54990055398623,0,0,5,0,1,5.692837336216587,0.0,11.218593625296599,0.2815822971555826,0.17971463709157554,0.7983641715166088,-0.07306136859582701,0.0,0.32791132651268406,0.6814359907546259,low,0
S0082,2025-02-09,6,mid,6,37.6168931595503,0,0,1,0,0,4.676757149868854,0.0,13.89626114451747,0.8759496437094375,0.39451895600929865,0.36112228960126347,-0.4863938846523814,0.0,0.46185647141353225,0.8309128670931206,low,0
S0082,2025-02-10,6,mid,4,50.42264431164078,0,2,5,0,0,5.820062772201822,0.0,8.758712838711977,0.5003180991261033,0.1967882798738294,0.6803096071139434,0.9639725119910265,0.0,0.0843098114751829,0.43440951555850427,low,0
S0082,2025-02-11,6,mid,7,46.72930435827386,0,0,2,0,1,2.6631243106445357,0.0,12.334865165971275,0.05685914298334038,0.8001486723989255,0.6821926024744966,0.7595581841042887,0.0,0.0676337293148066,0.48750695441003955,low,0
S0082,2025-02-12,7,mid,5,35.80181030899,0,0,3,1,1,3.8010990411456773,0.0,7.109142162186683,0.29902304839862826,0.9495521286256751,0.016649004899012,0.1132308316609183,0.0,0.5795560082217993,0.651916641337183,low,0
S0082,2025-02-13,7,mid,4,29.698921591402716,0,1,1,0,0,4.850322538653401,0.0,14.464013494317328,0.1665628101843456,0.6302982857550786,0.11945710672340026,-0.07008397004568678,0.0,0.13470675382526553,0.6766293366929698,low,0
S0082,2025-02-14,7,mid,4,45.63364256373233,0,1,4,1,1,11.720566617198006,0.0,3.776295405775274,0.6305831363144575,0.6052134849526075,0.7024212786771468,0.6972138487557051,0.0,0.036074781961775715,0.7380913240505977,low,0
S0082,2025-02-15,7,mid,4,50.50753886885711,0,0,1,0,0,8.466989972406804,0.0,12.827249512888816,0.3844873094963991,0.8992139646466628,0.6703231479297181,0.2079350154627415,0.0,0.02763130479244469,0.49461642247274895,low,0
S0082,2025-02-16,7,mid,4,46.3535183672041,0,3,5,1,0,2.4060449362790917,0.0,9.133312733434089,0.7281038048788169,0.339337215948455,0.6276145562941051,-0.5067484298180582,0.0,0.7390589734194882,0.6964677051878759,low,0
S0082,2025-02-17,7,mid,4,40.68994407524255,0,2,5,1,0,3.495790627175892,0.0,6.062128216949819,0.6275241800384888,0.24077523965754644,0.49500777480540714,0.27007037324200245,0.0,0.5217452198374513,0.006725074560496425,low,0
S0082,2025-02-18,7,mid,2,45.032689156053046,0,0,2,0,1,4.116099683990226,0.0,6.368743197955948,0.01761048230617801,0.9732516738880251,0.9670619541654955,-0.7313645356651901,0.0,0.18933243337096362,0.5654259602102917,low,0
S0082,2025-02-19,8,mid,5,41.07975487067964,0,0,2,1,1,7.372227292252568,0.0,12.391843602297127,0.6175211570463057,0.4707485388714501,0.9286499393380271,-0.7790499026389244,0.0,0.06374936678141319,0.6654283665009816,low,0
S0082,2025-02-20,8,mid,5,49.66455177822925,0,1,5,0,1,2.397885709511572,0.0,8.712447028995408,0.5186429070858157,0.36633859163601834,0.2824840570278703,0.6970661327412475,0.0,0.8514483718087802,0.41844694569748286,low,0
S0082,2025-02-21,8,mid,6,52.307158173430544,0,1,5,0,1,3.9028446120616103,0.0,9.381542523414419,0.5710125331022936,0.23889145703937997,0.17143409719476776,0.6667741204203292,0.0,0.5818918504293581,0.5582998681037266,low,0
S0082,2025-02-22,8,mid,4,33.13096787780289,0,1,5,1,1,1.7673632797481718,0.0,9.813202244614029,0.6677562324563256,0.35035499886242194,0.8505015786081622,-0.8329935035652316,0.0,0.7701483273259281,0.43777762516449925,low,0
S0082,2025-02-23,8,mid,5,43.3091794485923,0,0,2,1,1,4.4876397132786465,0.0,18.105729419564717,0.9484913639274813,0.03225757650204042,0.4040086517063962,0.3697540406582174,0.0,0.32041943791817673,0.47543384792952814,low,0
S0082,2025-02-24,8,mid,5,57.56243317764994,0,0,1,0,0,7.338460614662391,0.0,8.150358431492561,0.4236716689865525,0.3579147930086758,0.9603402677096122,-0.07423509078803558,0.0,0.7925247593270526,0.13917178302883082,low,0
S0082,2025-02-25,8,mid,5,56.84133004680348,0,1,2,1,0,3.6629399771088402,0.0,10.364955492295783,0.7435584996705832,0.567439753711337,0.9650096234423257,-0.8181995145677317,0.0,0.22670724115559038,0.5381231520058009,low,0
S0082,2025-02-26,9,mid,4,7.786721057466416,0,0,5,0,1,5.8393639634502374,0.0,6.913314271022964,0.3973263486361035,0.015746853577356723,0.9504461330672477,-0.5394136925661268,0.0,0.004288989343586902,0.3840635916909302,low,0
S0082,2025-02-27,9,mid,4,32.65222014413657,0,3,5,1,0,4.894517359993254,0.0,5.198584645085722,0.4986190329047153,0.3752451256580933,0.9325372686609052,0.1277445612161403,0.0,0.7170398913588106,0.8902943705869697,low,0
S0082,2025-02-28,9,mid,6,54.03989913848712,0,2,5,0,1,6.141941240247902,0.0,12.154215517018374,0.8315008486175063,0.08048385257249335,0.13313399887693833,-0.3918961690818237,0.0,0.7443567570979607,0.025026352385920547,low,0
S0082,2025-03-01,9,mid,4,33.11534045503507,0,0,3,1,1,3.635030411439984,0.0,6.1610611340000005,0.7557452223216045,0.2172991335719756,0.6257976472484078,0.7617655719077112,0.0,0.30460129470536834,0.04942354546885985,low,0
S0082,2025-03-02,9,mid,6,53.54665072666823,0,1,3,1,0,6.264757186173763,0.0,5.682402443533619,0.5547475303366417,0.5132425349572377,0.2464086075173536,0.4805484638117159,0.0,0.24607508935586142,0.9389810218459201,low,0
S0082,2025-03-03,9,mid,6,48.34962975008477,0,3,3,1,1,9.648953111308282,0.0,16.941612571217362,0.16891427282812033,0.34309255684257745,0.7893122427362095,-0.9356800905598441,0.0,0.095051954300437,0.7006744098630779,low,0
S0082,2025-03-04,9,mid,6,61.8057300791132,0,1,3,0,1,4.751739883224013,0.0,10.671329593530979,0.3149625337051486,0.5403044046333109,0.2859389314751153,0.4514217965614209,0.0,0.5671105009872224,0.4725760019234032,low,0
S0082,2025-03-05,10,mid,5,51.837050189674095,0,0,1,0,1,5.316689205336608,0.0,9.197647575337603,0.4081330884293938,0.5913461714745196,0.6919088858379975,0.641734396320043,0.0,0.6214334310331898,0.9359147439665187,low,0
S0082,2025-03-06,10,mid,7,30.282766753059317,0,0,2,1,1,7.066164796744747,0.0,6.9986018520630076,0.6206640593430608,0.28131856217283757,0.5573980644464547,0.9766981543976698,0.0,0.8823368843838737,0.4168034590507088,low,0
S0082,2025-03-07,10,mid,4,50.63922785885346,0,0,4,0,1,3.889867617589047,0.0,7.128597195904824,0.9226203754291729,0.8923878143735051,0.6509307832215058,-0.815888128092833,0.0,0.7179898497545516,0.8901328953751938,low,0
S0082,2025-03-08,10,mid,4,52.25617844378608,0,0,1,1,0,5.969995805981156,0.0,14.517371485410418,0.532194780765436,0.5994694907637341,0.04591304806704999,-0.27077105284417713,0.0,0.0894547647989562,0.17541469875683469,low,0
S0082,2025-03-09,10,mid,6,33.09443281158966,0,3,3,0,0,5.933463162477105,0.0,11.726663214176885,0.06308127531588303,0.4946638248979739,0.6417731836224339,-0.9688337226272157,0.0,0.5936003123995297,0.9413906602953503,low,0
S0082,2025-03-10,10,mid,4,36.94164120793441,0,1,3,0,0,2.31715897945525,0.0,12.518395965638593,0.4154822392081706,0.9143437993094807,0.10113516931656497,0.9678671364997187,0.0,0.6424038670204684,0.6089508372295837,low,0
S0082,2025-03-11,10,mid,4,39.22252151725279,0,1,2,0,0,4.9282131642697795,0.0,16.477546425267146,0.9942329146529677,0.6104634174646868,0.2517452675206564,0.9259831013688455,0.0,0.2870453320602371,0.8907653263982096,low,0
S0082,2025-03-12,11,mid,6,44.28168247146702,0,0,1,1,0,4.997552584164541,0.0,6.925843652007179,0.3679149989978361,0.42373213629064255,0.6661612709689713,-0.8046290945795074,0.0,0.8477626792024945,0.8655983810130082,low,0
S0082,2025-03-13,11,mid,5,34.4919854550908,0,1,1,1,1,6.863042146850399,0.0,11.427916049016012,0.13252076080851838,0.3228560264050162,0.7528481268314032,-0.5025145155075463,0.0,0.5370905606902375,0.13727880502935508,low,0
S0082,2025-03-14,11,mid,4,38.23838533353818,0,0,3,0,1,5.609616576405058,0.0,9.523003688481667,0.7763751170559475,0.7661814495803211,0.4931881768849914,0.24326259232652414,0.0,0.7859838536137814,0.26660002736085964,low,0
S0082,2025-03-15,11,mid,5,41.48063623668058,0,0,1,0,1,4.391438823353182,0.0,12.993035723324851,0.10458538644140813,0.8409618075042,0.06274262996446633,0.8371460795657333,0.0,0.7219303679435818,0.44543152369308003,low,0
S0082,2025-03-16,11,mid,5,67.82383904341462,0,1,3,0,1,3.077549106170954,0.0,12.00306195224265,0.20130101093502828,0.8389908102779939,0.5473527501507036,-0.09428458815658924,0.0,0.09326455233495945,0.42618947195551105,low,0
S0082,2025-03-17,11,mid,4,48.10150232228294,0,0,1,0,0,7.238082904526971,0.0,16.308050009135663,0.10674907490945695,0.410077164425766,0.8542051622947798,-0.04415664914791928,0.0,0.7818146502109641,0.04634242833146984,low,0
S0082,2025-03-18,11,mid,6,44.648162142131895,0,1,5,0,1,5.139702170428061,0.0,7.666731824996976,0.3005442783182519,0.9764460950295368,0.8996417727176452,-0.1184419577824638,0.0,0.853860012809917,0.23938549494123085,low,0
S0082,2025-03-19,12,mid,6,45.80082643268217,0,1,2,0,0,2.83428241889504,0.0,10.567299495243823,0.7569310992954618,0.9949422662543492,0.05196738651763355,0.5850525368844051,0.0,0.8397537245334301,0.03384569255888581,low,0
S0082,2025-03-20,12,mid,5,46.97353588117948,0,1,2,1,1,6.597943194834827,0.0,10.199906397933454,0.3466883614057569,0.26005834969959674,0.6556735209053448,-0.6748385875438985,0.0,0.5772330243585752,0.3232850596061815,low,0
S0082,2025-03-21,12,mid,4,36.879537470618004,0,0,1,0,0,5.661328531775008,0.0,13.748543879090523,0.8570712818292554,0.16027278837781533,0.47222721298301007,0.335883493389868,0.0,0.14582787964451827,0.01394692818335086,low,0
S0082,2025-03-22,12,mid,6,55.267695232181666,0,0,3,1,1,1.5914417492601491,0.0,7.855852406144214,0.7369673509859561,0.006726679490841714,0.6784308068776681,0.8997215761908128,0.0,0.15049270038932872,0.8557361948997686,low,0
S0082,2025-03-23,12,mid,4,32.24626134895043,0,2,5,0,1,5.408268605875759,0.0,8.183373949775198,0.3631497497914462,0.9664185825370789,0.5384349913309607,-0.5091037953087516,0.0,0.5889004232936342,0.9767081758825356,low,0
S0082,2025-03-24,12,mid,5,48.829643846880266,0,0,2,1,1,10.238260171818041,0.0,10.819228557073243,0.20123321439225128,0.6544907164621723,0.8387963204875034,-0.5998023760938782,0.0,0.05844003082442517,0.6640452738046642,low,0
S0082,2025-03-25,12,mid,5,54.66153682829559,0,1,4,1,1,6.650442472710838,0.0,14.032868321108733,0.791746691380377,0.523720452104391,0.17714724521872727,-0.4187927068427142,0.0,0.06119624281345626,0.7038508653219288,low,0
S0082,2025-03-26,13,mid,6,56.05260030763013,0,1,1,0,0,5.598147850626853,0.0,7.393410093333931,0.013265250717806487,0.05650547600826539,0.03862505355772061,-0.7821653902587151,0.0,0.4324964535393233,0.9462206260319905,low,0
S0082,2025-03-27,13,mid,5,41.350162461485766,0,1,5,0,1,5.864877382838374,0.0,9.015447027947607,0.5775696861348757,0.21190419396991356,0.7369211351673461,-0.9366518906544312,0.0,0.21802693386702032,0.22684137902251233,low,0
S0082,2025-03-28,13,mid,4,49.20124568916463,0,1,4,1,1,5.7561228801846696,0.0,8.38103870820321,0.20362131369924252,0.04208849472738063,0.16105851059471732,0.4011432738963563,0.0,0.7911696864367271,0.24659490403753193,low,0
S0082,2025-03-29,13,mid,4,40.07491554981102,0,1,5,1,1,8.12299651396013,0.0,12.055466175183085,0.16690951542765564,0.743602394848499,0.34633476058856805,-0.06090046409189709,0.0,0.8852811268357506,0.9442105087875712,low,0
S0082,2025-03-30,13,mid,5,52.45347954056382,0,2,2,0,1,4.31162210522913,0.0,10.086543570321828,0.27271884669448454,0.6829371639321944,0.9393571018744026,0.6882071347939889,0.0,0.4451242900712745,0.28557011558641754,low,0
S0082,2025-03-31,13,mid,6,36.01541785250777,0,1,4,1,1,3.8706565323756186,0.0,10.801404617602646,0.405892214658084,0.701773608338457,0.9095466487018679,-0.6209062575987512,0.0,0.4247471535849364,0.22802306129616934,low,0
S0083,2025-01-01,1,mid,3,49.689387238438314,0,2,3,1,0,3.914632258224863,0.0,11.243091894871533,0.812989594954732,0.6027152877643226,0.7674613743224614,-0.16000406375931964,0.0,0.008239729476092528,0.9179662542385297,low,0
S0083,2025-01-02,1,mid,3,56.05736589088291,0,1,3,0,0,5.50092343503315,0.0,10.565509240177214,0.4578146284206396,0.9949819355277928,0.9797963032908368,-0.27266744835182544,0.0,0.06481777451124104,0.4928853187600938,low,0
S0083,2025-01-03,1,mid,2,46.24884561428397,0,0,3,0,0,5.1163737146177946,0.0,15.834124939903553,0.794722679529275,0.7482749805295974,0.9444046766143231,0.30147636659508903,0.0,0.9477666132593328,0.041550368636795065,low,0
S0083,2025-01-04,1,mid,4,35.97430959686065,0,2,2,0,1,4.754337752785251,0.0,11.68245582846259,0.07009718166605816,0.022987770575495836,0.8738046028192417,-0.04257431326687411,0.0,0.14994897426181364,0.46413958658613474,low,0
S0083,2025-01-05,1,mid,3,34.98298189851163,0,1,3,0,0,7.014350108946244,0.0,9.998353466325245,0.19036506899478067,0.7488479628646528,0.07929246859469608,-0.8637585489868094,0.0,0.1921357833812506,0.7372794954641793,low,0
S0083,2025-01-06,1,mid,4,35.14187697674623,0,1,1,0,1,6.914512583830557,0.0,6.808410570968629,0.9027348169762918,0.08364802971254715,0.244267563214276,-0.21777164302766128,0.0,0.959904003069116,0.40554482274817905,low,0
S0083,2025-01-07,1,mid,2,38.46731317860423,0,0,5,1,1,7.437160358278822,0.0,11.546536536514315,0.7320054802837,0.5732198862756517,0.43608603021089565,0.05089753036805744,0.0,0.9617930054204299,0.9660998455193305,low,0
S0083,2025-01-08,2,mid,2,49.345414502221445,0,2,4,0,1,6.255453772012963,0.0,11.36691648506242,0.16801775169258637,0.9016350392687434,0.3594802112888057,-0.10422917859622616,0.0,0.5824808190137994,0.14902557100564395,low,0
S0083,2025-01-09,2,mid,3,50.07380523356058,0,1,5,1,0,6.513415894082701,0.0,8.920223291930752,0.4216583299782589,0.7957305220977484,0.3672045116883599,-0.2583170150350569,0.0,0.7625634108499978,0.539521474222566,low,0
S0083,2025-01-10,2,mid,3,40.06054407927874,0,2,3,1,1,6.009077882653223,0.0,11.743535420184589,0.4423197867433948,0.8035674234016293,0.6308136005172541,-0.5486484861840017,0.0,0.09496560494592021,0.4988506096560681,low,0
S0083,2025-01-11,2,mid,1,54.967201818689745,0,1,2,1,0,5.225942346903723,0.0,12.343135350776636,0.251682886770931,0.38910135288110403,0.7382110366597284,-0.1567892723891311,0.0,0.8222619447115737,0.23873589150724506,low,0
S0083,2025-01-12,2,mid,3,51.75402690379685,0,0,3,1,0,7.301136408337275,0.0,13.43921969902232,0.43363437607712807,0.31686686263810104,0.42242101184411873,0.393482432345303,0.0,0.9836421501913923,0.6854755171666419,low,0
S0083,2025-01-13,2,mid,1,61.03720903809723,0,1,4,0,0,7.351926135402511,0.0,10.64269494378332,0.43590387824271326,0.8707118317577683,0.5984030983568701,-0.44565159685624645,0.0,0.21635561079983434,0.04407548595676003,low,0
S0083,2025-01-14,2,mid,3,58.250412886204714,0,2,1,0,1,2.6301511197228526,0.0,9.758770562251856,0.48327598787502657,0.9845608936202619,0.5577563908365348,0.7441553618695185,0.0,0.08837149861373017,0.9020744486374342,low,0
S0083,2025-01-15,3,mid,4,68.06472877206866,0,0,1,0,1,6.950909995510532,0.0,15.032795663934468,0.7015758520280584,0.5692111703258547,0.3603373730455247,0.6271127578863975,0.0,0.3715197218041154,0.4306291837848579,low,0
S0083,2025-01-16,3,mid,2,47.05220065232915,0,0,2,1,1,4.234466880153013,0.0,9.418059169407321,0.744985923347249,0.5329992448148076,0.6402613563065814,0.8877250240925563,0.0,0.9428799907672368,0.8302027373436701,low,0
S0083,2025-01-17,3,mid,3,38.62386454919967,0,1,3,1,1,5.3556395982997875,0.0,17.095656424507638,0.9250743985207456,0.47424984021309957,0.07689489357838353,0.7786957847961551,0.0,0.6011828635988001,0.6683117225502053,low,0
S0083,2025-01-18,3,mid,3,50.417746231699205,0,1,1,1,0,3.186218948595272,0.0,8.882825485130484,0.4948682724603206,0.42972881995290546,0.8136522367701735,0.7087777271976661,0.0,0.8581545631053468,0.03675145995831908,low,0
S0083,2025-01-19,3,mid,3,34.0006278851999,0,3,4,1,1,7.677166495130397,0.0,11.65218957900574,0.22997103400783614,0.13527918894310587,0.5759718052843817,0.49118656578775477,0.0,0.42232611149251187,0.19379069178059405,low,0
S0083,2025-01-20,3,mid,4,56.02345753691914,0,2,1,0,1,7.790590717283838,0.0,8.463514216481618,0.7528793923795056,0.9419971927099321,0.01807958362919937,-0.6467537879433696,0.0,0.6612287743082322,0.5417856748446512,low,0
S0083,2025-01-21,3,mid,2,60.05254394132585,0,0,1,0,1,2.1615326223057894,0.0,7.37816742774676,0.3745844529533243,0.30473020681142104,0.27819351622432775,-0.03753380872616008,0.0,0.7804910674079168,0.6466078324564996,low,0
S0083,2025-01-22,4,mid,4,27.314194731476125,0,1,1,0,1,5.974564894391077,0.0,8.379392988588286,0.8022602932626267,0.7458993483561259,0.5958032718883498,-0.7639953954773782,0.0,0.4692342335263199,0.0866758980548864,low,0
S0083,2025-01-23,4,mid,0,50.01049887592076,0,0,5,0,1,5.650124868653769,0.0,10.76235958124179,0.8425691677362945,0.17535766991557267,0.09120641638465798,0.39661053582718253,0.0,0.3422171850111192,0.6261094588837096,low,0
S0083,2025-01-24,4,mid,3,48.63952881792224,0,0,5,0,0,5.007762086387566,0.0,9.635887383318163,0.6927992042906511,0.39275043916531616,0.1622765057077008,0.703969575268425,0.0,0.3972993946259269,0.9964335923663222,low,0
S0083,2025-01-25,4,mid,1,46.01464362845385,0,0,3,0,0,2.5206127664148434,0.0,15.889284101154884,0.1477995862873558,0.977248399393326,0.04673453061112609,-0.9132030186198488,0.0,0.9786114315915301,0.22142031896569414,low,0
S0083,2025-01-26,4,mid,2,43.38683269614586,0,0,2,0,0,5.910563040949295,0.0,6.916808087221154,0.1883015990632697,0.5085875586712377,0.03959556487058091,-0.3126245966701462,0.0,0.8733107777022221,0.7585551400060321,low,0
S0083,2025-01-27,4,mid,1,41.349139313262576,0,0,4,1,1,2.323575127882229,0.0,3.5410827806487006,0.08227582824657054,0.36647900542936984,0.822546283670815,0.33567908217193576,0.0,0.13171900301346862,0.46907378976897685,low,0
S0083,2025-01-28,4,mid,3,57.58393320096828,0,0,2,0,1,6.237997017798963,0.0,9.16167780660502,0.5063893785950965,0.1986056386786641,0.16456387219279545,-0.4247402932075999,0.0,0.9865242201364318,0.9246759919482694,low,0
S0083,2025-01-29,5,mid,3,21.179792771589945,0,0,2,0,1,2.093088131847061,0.0,7.873839633801419,0.9636305054236773,0.468186733813035,0.5635069811803056,0.9687409918607548,0.0,0.7528965984459739,0.3777375318575341,low,0
S0083,2025-01-30,5,mid,0,56.372354468240914,0,1,5,1,0,5.997466816421514,0.0,7.740399337433862,0.21496013044804185,0.017305346434685953,0.3030466519341025,0.7282776366447821,0.0,0.02873809496487134,0.062392508910752764,low,0
S0083,2025-01-31,5,mid,2,45.104892589247896,0,2,3,0,1,5.886277509768968,0.0,6.154189400414832,0.4390160410532733,0.39426299411946586,0.329343401713153,0.0892359540950638,0.0,0.25124041035371236,0.6366654885087056,low,0
S0083,2025-02-01,5,mid,2,59.61482596301532,0,0,2,0,0,6.254694752021076,0.0,9.032552150597892,0.8423976086759295,0.8828279576938434,0.39159987760185655,0.7576453809328927,0.0,0.9515056367540303,0.9580444452169012,low,0
S0083,2025-02-02,5,mid,3,43.61821364212348,0,0,2,1,0,4.042762098458176,0.0,5.730444281111079,0.3366239812806957,0.6542109308390809,0.41479086309848867,-0.4296376927434775,0.0,0.08376339335505667,0.2908379723510516,low,0
S0083,2025-02-03,5,mid,5,41.32093540161271,0,1,5,0,1,7.351967728748613,0.0,13.782220832232666,0.5783158386097753,0.46078653800772906,0.22479542382096562,-0.2151435117666638,0.0,0.1763880987003067,0.8154585937248299,low,0
S0083,2025-02-04,5,mid,2,36.10922510709857,0,0,1,0,0,3.52313689469024,0.0,10.7649390461268,0.5767928208316083,0.8461390095838294,0.902436597605481,-0.09886192085776813,0.0,0.5868727315384821,0.7297976342296252,low,0
S0083,2025-02-05,6,mid,1,37.31652416298638,0,0,2,0,1,8.112245450015726,0.0,14.961829261717314,0.4167219238748673,0.5436003563164501,0.055849715825301405,-0.8711550378886692,0.0,0.9317663802132443,0.5511051394103671,low,0
S0083,2025-02-06,6,mid,2,36.91621288407153,0,2,2,0,1,0.0,0.0,10.155443790532585,0.20780370208334864,0.8334900605548932,0.5022508221897912,-0.7306998073854518,0.0,0.9142287633887186,0.8448176005379244,low,0
S0083,2025-02-07,6,mid,4,41.126294995143816,0,0,4,0,1,3.3547645135101183,0.0,10.452005003614442,0.1304745444201384,0.44025474751403315,0.8149301016385332,0.4827688726792325,0.0,0.8545373835009272,0.40522681526253446,low,0
S0083,2025-02-08,6,mid,1,52.02688723143221,0,1,1,1,0,5.874444603500297,0.0,11.484396291996303,0.6209716988093951,0.04450299753837328,0.943994097518968,-0.799468613980151,0.0,0.7193882419110799,0.7638531453151798,low,0
S0083,2025-02-09,6,mid,2,37.32050796247381,0,2,3,1,1,3.2145599804094025,0.0,2.814332488344699,0.1905018141760514,0.4411288479436103,0.1562839476619925,0.23559435973134546,0.0,0.016236745759935167,0.4282903449520098,low,0
S0083,2025-02-10,6,mid,2,55.0253406447532,0,0,4,1,0,3.35362095490231,0.0,9.76830441311592,0.8678470992403556,0.6503614303461684,0.3799488099674545,0.710134285339955,0.0,0.41197761117045517,0.8480859998207191,low,0
S0083,2025-02-11,6,mid,5,44.26522643968242,0,0,3,0,0,2.941161119415232,0.0,9.2482119694634,0.1541639932702471,0.7078898805768888,0.6848338078221298,0.4418878454815309,0.0,0.7214929118290964,0.9611571929497268,low,0
S0083,2025-02-12,7,mid,2,49.46511754498613,0,2,5,0,0,6.152433810617928,0.0,10.7603487681471,0.5174149740418558,0.8620892832681182,0.9359012475919413,-0.2491101226391379,0.0,0.8293530989354696,0.7777135381159057,low,0
S0083,2025-02-13,7,mid,2,45.8293413336195,0,1,1,1,0,6.9956957778785895,0.0,5.091107897795763,0.6221578510816111,0.5214452733365911,0.14915632511662202,0.2907389279081791,0.0,0.23907017981292067,0.427729004452277,low,0
S0083,2025-02-14,7,mid,2,37.85359717668234,0,1,3,1,1,2.8564101424879933,0.0,6.096471615603255,0.7679771026678744,0.7855758736598846,0.7404420871108374,-0.33413263350211664,0.0,0.5305982168305627,0.8735759458170446,low,0
S0083,2025-02-15,7,mid,1,39.73005232933636,0,0,4,0,0,3.495432903119953,0.0,7.420148407516776,0.391519795461587,0.6619896317591007,0.5654474890204423,0.4081311671243415,0.0,0.658634618662108,0.7009841725412866,low,0
S0083,2025-02-16,7,mid,4,33.54863087138358,0,1,1,0,0,7.547887801805562,0.0,11.952064058770137,0.13057777522388514,0.12878744660322317,0.3105994978396567,-0.7938096247075714,0.0,0.2772672427120919,0.5943494244537617,low,0
S0083,2025-02-17,7,mid,1,38.9176309344977,0,0,1,1,1,6.685964991831603,0.0,11.852713150954512,0.32007764777546965,0.6586772995485198,0.5434743110973611,-0.7938318648782818,0.0,0.2897013639834032,0.12247682039517738,low,0
S0083,2025-02-18,7,mid,3,54.436136023463376,0,2,2,0,1,2.04673841843892,0.0,9.473179469214584,0.747015854366725,0.33748185337321834,0.22346825452239816,0.5821067867610088,0.0,0.4474720350509377,0.20301533723366227,low,0
S0083,2025-02-19,8,mid,4,50.45865241538161,0,1,3,1,0,6.960023171638907,0.0,9.604717503748448,0.7045764035592682,0.4943982178699171,0.6987653461693605,-0.3777369245241524,0.0,0.1972923577106651,0.15066269807946386,low,0
S0083,2025-02-20,8,mid,3,48.16718436580405,0,2,3,0,1,4.1348133547281165,0.0,16.601107397341526,0.4574710754498662,0.47386076580780834,0.27930824462851533,-0.752618660153491,0.0,0.8842461101560682,0.7541444519019419,low,0
S0083,2025-02-21,8,mid,2,45.617713263832435,0,1,5,0,0,5.52679112715927,0.0,8.78631261984445,0.5743475034925823,0.6877889702685138,0.8934501834081937,0.8823505572701487,0.0,0.010453088793262233,0.8538447993143886,low,0
S0083,2025-02-22,8,mid,2,41.57550808060032,0,2,4,1,1,7.386345470561542,0.0,5.133009119824089,0.6965207456255469,0.19318730224161818,0.026459198049752608,0.00760669191437624,0.0,0.6750370661882155,0.8687048758792089,low,0
S0083,2025-02-23,8,mid,4,61.393741582924186,0,3,3,1,0,3.313696147233159,0.0,7.41004167709682,0.3654769360950555,0.3438178660176108,0.2793088312908637,-0.3585451554562764,0.0,0.13967616654208526,0.01292104872655686,low,0
S0083,2025-02-24,8,mid,4,40.53647117438974,0,0,4,0,1,2.4886953434850216,0.0,3.8482950990445612,0.8904579899260179,0.02955722417494655,0.5172975760545658,-0.5017516036685254,0.0,0.4293304021917089,0.6683474479894949,low,0
S0083,2025-02-25,8,mid,1,56.52194893326858,0,0,5,0,1,4.935930678551625,0.0,8.168064232462381,0.5815194212488619,0.3293824845231853,0.8877115196399562,0.6199216063466639,0.0,0.4038333296992118,0.7572630922583502,low,0
S0083,2025-02-26,9,mid,4,46.255075281272596,0,1,2,1,1,3.4065856703688295,0.0,11.438004332153149,0.8053064434747743,0.9569837005288888,0.10223641508675385,0.41984590541922495,0.0,0.26965576596844054,0.536932694105309,low,0
S0083,2025-02-27,9,mid,2,41.01400535600757,0,3,1,1,0,4.495008099016542,0.0,6.850947493000533,0.14878064594989426,0.7712932379140415,0.1496698537378054,0.4837387245926881,0.0,0.10168445468550547,0.5442401034040454,low,0
S0083,2025-02-28,9,mid,2,41.16713188925282,0,2,3,0,1,6.036806700380821,0.0,8.37481649678543,0.9808807431332353,0.5147302473675459,0.8055228500085081,-0.4897155908320605,0.0,0.6840323064889765,0.891039693128181,low,0
S0083,2025-03-01,9,mid,4,53.79241560928627,0,0,5,1,1,6.024697102245566,0.0,9.87729153460355,0.5840793756502443,0.6767594330544054,0.029687662320276975,-0.06343938509380243,0.0,0.9748833377007069,0.9319737759048102,low,0
S0083,2025-03-02,9,mid,4,25.584143363523214,0,1,2,0,1,5.226354844335222,0.0,11.500398940728928,0.888894912448014,0.19458166164243051,0.6038535995248803,-0.10113430921546174,0.0,0.03659756474535125,0.6274204215574297,low,0
S0083,2025-03-03,9,mid,2,45.935596749492944,0,0,4,0,0,2.73885223625883,0.0,9.213382060837327,0.8470703167260499,0.5897562834069251,0.4851960239276518,0.5840386466966798,0.0,0.5739989071130704,0.06525782896617327,low,0
S0083,2025-03-04,9,mid,3,29.207036987443896,0,0,1,1,0,4.559697225465209,0.0,8.651185594585172,0.5399605595139133,0.061861151545579474,0.39870866531576055,-0.579784411547704,0.0,0.6519075850138928,0.09845980346570737,low,0
S0083,2025-03-05,10,mid,3,59.09805930177067,0,1,1,1,0,2.763646820815242,0.0,7.679006251458276,0.37068338826359626,0.4264912750208646,0.5854010587947093,0.09956502113489418,0.0,0.16792067597003746,0.279221471146057,low,0
S0083,2025-03-06,10,mid,2,51.94748724395667,0,3,5,1,1,4.35826443172001,0.0,7.2897336051284904,0.5961553329908021,0.527918852405023,0.05165089572580206,0.5001459086691804,0.0,0.38697868352660403,0.01944996041018121,low,0
S0083,2025-03-07,10,mid,3,36.355346857389286,0,1,4,1,1,6.690988905522427,0.0,11.45421823449563,0.6414989007168083,0.5796397869472893,0.42349461490586215,0.34422282092952794,0.0,0.31406538017811814,0.5796675473533315,low,0
S0083,2025-03-08,10,mid,4,29.51676378181423,0,1,1,1,0,3.9413945056577777,0.0,7.495215138487476,0.7234389189886706,0.027614724194955698,0.0026052318250224804,-0.2109993820055871,0.0,0.9491997399788674,0.047328314028250884,low,0
S0083,2025-03-09,10,mid,3,54.21759459112953,0,0,1,0,0,5.621885825544976,0.0,12.286401621644107,0.7362987300642121,0.10926778045157282,0.6775298362106016,-0.3294143252283177,0.0,0.7133950245051687,0.12801616286801354,low,0
S0083,2025-03-10,10,mid,1,55.74338186236278,0,1,1,0,1,5.283635392267912,0.0,10.843850508297088,0.012395462118548584,0.1079503692978353,0.7371307293570841,0.36018532557529515,0.0,0.8757374048822612,0.7569598510032486,low,0
S0083,2025-03-11,10,mid,3,51.65049470340978,0,0,1,1,1,4.896039998956382,0.0,9.111290372161134,0.4297534778073139,0.22618629726035433,0.23170422615611008,0.3344463264063047,0.0,0.3194040227970748,0.10360998365251306,low,0
S0083,2025-03-12,11,mid,3,23.773082123088443,0,0,1,1,0,4.6757002753501915,0.0,6.947749844465464,0.003102481299387061,0.6994246887108838,0.07659917771733449,-0.7075175758919174,0.0,0.7923770239556055,0.413795568571689,low,0
S0083,2025-03-13,11,mid,4,58.09945012289295,0,0,2,0,1,7.007910839187183,0.0,10.824660153460494,0.4330899368413441,0.4716221713519302,0.9465450029525024,-0.8555192899523398,0.0,0.5122056631963532,0.4008108716888765,low,0
S0083,2025-03-14,11,mid,1,44.62291685491007,0,0,3,1,0,0.6012128307428855,0.0,7.744313482556896,0.7846206225114305,0.5401517925860111,0.9875909231577513,-0.01302393428216253,0.0,0.8907388738865919,0.5737248216860279,low,0
S0083,2025-03-15,11,mid,3,52.37736972474311,0,0,5,1,1,6.886974286744935,0.0,7.866699782451203,0.4675490888169691,0.4491477583407094,0.8479712870374554,-0.3310272514447219,0.0,0.04099398758504247,0.5168109961093337,low,0
S0083,2025-03-16,11,mid,2,32.884196771663795,0,0,5,1,1,8.325565925832,0.0,14.853734194029794,0.7938916067372308,0.0239250654176143,0.11555966008794039,0.6913325231238932,0.0,0.6569099132086221,0.9826552148193939,low,0
S0083,2025-03-17,11,mid,1,23.42865109309375,0,1,1,0,1,5.6290965979381085,0.0,14.022625593805275,0.35870962306298604,0.6362435862174081,0.17251652502935166,-0.1336944788986012,0.0,0.5030022073465982,0.4614791861909412,low,0
S0083,2025-03-18,11,mid,1,32.94745465342814,0,1,1,0,1,5.679120462094947,0.0,7.16015595578762,0.2970580272037686,0.509057156091712,0.30373486930186233,-0.128680727128202,0.0,0.23143752791027483,0.08263887474076004,low,0
S0083,2025-03-19,12,mid,3,48.01366237538282,0,1,5,0,1,2.706682779602371,0.0,11.762769567538472,0.5770217386102231,0.18250238261149032,0.20839477480761082,0.3509304738967223,0.0,0.8701029604427283,0.7481756582421276,low,0
S0083,2025-03-20,12,mid,3,37.53587479214083,0,1,2,1,0,6.659699045701186,0.0,11.18893488517592,0.7337209536983555,0.48195043770846313,0.8573993360931484,0.5646130993276317,0.0,0.7337086135267228,0.1061253871928508,low,0
S0083,2025-03-21,12,mid,2,49.809357295338536,0,3,1,1,0,4.4752789944009645,0.0,7.900552748375509,0.2829969758562869,0.8005838453263318,0.5437537798246713,0.8097031382122377,0.0,0.9524083934852196,0.8710123562582077,low,0
S0083,2025-03-22,12,mid,3,29.89545999167936,0,2,5,0,0,5.27606242594336,0.0,8.287877417265323,0.9339834388531671,0.10245499549044557,0.9902089140590282,0.8370399531677535,0.0,0.8541049066208533,0.5269975320402264,low,0
S0083,2025-03-23,12,mid,3,38.25085881191285,0,1,1,1,0,2.344470192517038,0.0,8.717029937044295,0.2154104769063251,0.8803462518093971,0.41230132193222335,0.6979629881361635,0.0,0.36660719701259936,0.05415785150748553,low,0
S0083,2025-03-24,12,mid,3,27.039411138722365,0,0,1,0,0,1.042176866537814,0.0,9.57273970771726,0.5987918294919081,0.6358821506208223,0.8594959608924735,0.6503356199395127,0.0,0.5503290649314038,0.39776992174399706,low,0
S0083,2025-03-25,12,mid,3,32.281503857546085,0,1,5,1,1,5.366804228107003,0.0,11.25462210112689,0.05295123024435722,0.7202826996548126,0.8376379862518601,-0.18879055165236913,0.0,0.7544766212775373,0.28988099522060007,low,0
S0083,2025-03-26,13,mid,3,43.25269454551725,0,0,2,1,1,7.546481055160333,0.0,8.083156670128709,0.21216411746756114,0.09355121697586932,0.32907578478688637,0.7372146398615029,0.0,0.7142221312910012,0.9830374284337818,low,0
S0083,2025-03-27,13,mid,3,24.241057237053766,0,1,2,1,1,6.337567408695255,0.0,12.390226268471624,0.47021986502905067,0.0960813842266387,0.773725700249506,0.35550879866295504,0.0,0.15635870125839424,0.48633718968966455,low,0
S0083,2025-03-28,13,mid,3,52.03498847196444,0,3,2,0,1,2.508636418915222,0.0,16.656502959672277,0.5438237217899675,0.6012001679383813,0.983235432434846,0.5630338570115787,0.0,0.8015724378802048,0.8968055890571388,low,0
S0083,2025-03-29,13,mid,2,46.547952246197575,0,0,5,0,1,5.877969196970688,0.0,16.77547516676596,0.9655117630246465,0.133160432853347,0.3447061688287998,0.25261560609729994,0.0,0.004672065461199693,0.865294751792168,low,0
S0083,2025-03-30,13,mid,2,52.61855206558394,0,0,1,0,0,1.212291496186496,0.0,7.799434222626576,0.9065321142947085,0.299932543774864,0.9596277949161595,-0.7695662144409885,0.0,0.9230953970509854,0.6608657125423931,low,0
S0083,2025-03-31,13,mid,5,44.58986132078745,0,2,4,0,1,5.171680204868705,0.0,7.3739585249793285,0.320968398279724,0.9231146925093077,0.192372939782937,0.5516129483300884,0.0,0.9746240142834584,0.32673608951677535,low,0
S0084,2025-01-01,1,mid,7,35.87054754964036,0,1,5,0,0,3.5536767333129573,0.0,13.514130438700011,0.6810703117942389,0.5269669934260057,0.917890407893938,-0.5019655434530754,0.0,0.5124334916873841,0.0064780859332269625,low,0
S0084,2025-01-02,1,mid,6,61.1840776837398,0,2,3,1,1,6.8553281232108665,0.0,5.659978633994853,0.2840934205745905,0.8130485279249461,0.7246058513949794,-0.3494716065924153,0.0,0.6244497129039228,0.4852247655549935,low,0
S0084,2025-01-03,1,mid,5,38.89553047841317,0,0,2,1,0,6.97462867493622,0.0,9.283761918472063,0.7525070218114768,0.9295801360402877,0.8920129294381798,-0.5052269552702331,0.0,0.862141294335825,0.6150795503772162,low,0
S0084,2025-01-04,1,mid,4,28.179655201434915,0,0,3,1,1,3.975903094318425,0.0,11.610476325536021,0.282402301194726,0.9761878948993867,0.0598336102740622,-0.09191578541252299,0.0,0.8869861381859792,0.6973633516476229,low,0
S0084,2025-01-05,1,mid,5,61.499567009902506,0,2,2,0,0,2.8888950956709207,0.0,13.957708822331139,0.28445161987847634,0.11692646458355382,0.28688434587370226,-0.389588552063739,0.0,0.7137228198546846,0.7263912851082389,low,0
S0084,2025-01-06,1,mid,7,46.1990946917539,0,0,3,1,0,6.200696324192428,0.0,12.958450626651803,0.6538052861877983,0.7263014696007339,0.42125040782569656,-0.17227344597260918,0.0,0.35126085652691885,0.1602667180812023,low,0
S0084,2025-01-07,1,mid,7,30.812858982680332,0,0,4,1,0,6.20173694635964,0.0,9.07701273818159,0.868749505143535,0.5115420645075964,0.2424345194473101,0.8205166861014748,0.0,0.7313687049926688,0.8228311927291986,low,0
S0084,2025-01-08,2,mid,5,49.61484494294735,0,0,1,1,1,7.335020623307839,0.0,7.199460477120601,0.6067264800547849,0.38524205479280527,0.4881917249135125,0.07870118263722414,0.0,0.9407636193610286,0.5178077273995135,low,0
S0084,2025-01-09,2,mid,6,47.562236175168444,0,2,4,0,1,8.799941839965182,0.0,10.321130313596111,0.9779167794325643,0.6122295887870542,0.8245591985763318,-0.17855112101398674,0.0,0.18641005625415763,0.8429952256265053,low,0
S0084,2025-01-10,2,mid,7,40.477470172079144,0,1,5,1,0,4.606742508218689,0.0,6.94991716592612,0.19944890848954255,0.4744490958314851,0.6147067003938351,-0.019644903908200728,0.0,0.6793492188797904,0.019166915919982763,low,0
S0084,2025-01-11,2,mid,7,48.33917182402334,0,1,4,1,0,4.105420990036852,0.0,4.268635355859689,0.5379523579149743,0.7995311487188789,0.6197961112144612,-0.9979814525076318,0.0,0.33652789635929226,0.34586456573038593,low,0
S0084,2025-01-12,2,mid,6,44.78300874629478,0,2,4,0,1,5.384049768633133,0.0,12.198813812917749,0.017383244045778512,0.8385816400675218,0.32652934013067647,0.3525177649070341,0.0,0.8518570166990557,0.7538933884749364,low,0
S0084,2025-01-13,2,mid,6,50.06681426691564,0,0,4,0,1,5.793914909108098,0.0,11.933115820884124,0.4218975545948016,0.4560953946261347,0.29100605344072006,0.39831958685432123,0.0,0.8968791032176789,0.5828338276559881,low,0
S0084,2025-01-14,2,mid,7,35.14138848264159,0,0,5,1,0,4.947668547773081,0.0,11.053248859220833,0.36913683204371817,0.04173624469113324,0.22793640492340783,-0.374853128650269,0.0,0.72816141040329,0.6973876920531178,low,0
S0084,2025-01-15,3,mid,6,56.08516376187733,0,1,2,0,1,4.630088387365206,0.0,8.2054783159325,0.6058659598815783,0.9631005670932333,0.42431947494632694,0.9037042816577181,0.0,0.09503175639146344,0.1632439553193975,low,0
S0084,2025-01-16,3,mid,4,29.903204209566113,0,0,2,1,1,7.920187798556157,0.0,9.448799432180135,0.6574017891523716,0.1369676828285501,0.6914748885196363,0.6661550708225903,0.0,0.15065490080337285,0.06162915936193514,low,0
S0084,2025-01-17,3,mid,7,35.645562730318325,0,1,2,1,1,6.630932069304885,0.0,8.371410067997951,0.40110654578594873,0.6455563391758854,0.8678930755682012,-0.6946379595130159,0.0,0.6149443707849047,0.1797763230682965,low,0
S0084,2025-01-18,3,mid,5,69.94215033480064,0,4,4,0,0,4.67257735254346,0.0,9.802869682067827,0.033524008558362905,0.8555546796278906,0.06967293603942704,0.6559646588194128,0.0,0.15010778046220352,0.2762286904049249,low,0
S0084,2025-01-19,3,mid,5,38.086645344395876,0,2,3,0,1,1.8775562140498314,0.0,11.665994829519665,0.7733976585362337,0.4272594419137181,0.5727731338725344,-0.7788535171346622,0.0,0.6974096679447952,0.946715205664172,low,0
S0084,2025-01-20,3,mid,6,48.40383674504074,0,0,1,0,1,5.345645405399854,0.0,9.424326831405166,0.15556240073768246,0.4474551353089411,0.9247562531646847,0.8641632469374512,0.0,0.5526242986971939,0.9363920084327676,low,0
S0084,2025-01-21,3,mid,6,43.92145128525785,0,1,1,0,1,5.2432401462202005,0.0,7.801697007353353,0.006466311969378413,0.5897541136693246,0.09746692696132475,-0.22755719533867547,0.0,0.3238362741645432,0.3308458700301946,low,0
S0084,2025-01-22,4,mid,5,48.10778166997852,0,1,3,1,0,2.3831621781192243,0.0,8.415114015545434,0.501553289622872,0.8692653328124716,0.27056733830576163,-0.6553552717198583,0.0,0.6395938966015001,0.6922344754196467,low,0
S0084,2025-01-23,4,mid,5,43.13243893001239,0,0,2,0,1,2.4229637206827017,0.0,4.951992836057114,0.4524305270574056,0.6371513686950053,0.3277823546627827,-0.9978821024458455,0.0,0.43659275565458433,0.49477406337578256,low,0
S0084,2025-01-24,4,mid,5,47.052329901134605,0,1,1,1,0,6.560640369512273,0.0,8.432033884734793,0.2134727228583202,0.8625700916171359,0.004735363470645737,0.2874021182072839,0.0,0.47362457400998437,0.24711188469373402,low,0
S0084,2025-01-25,4,mid,8,40.82349968448648,0,2,5,0,1,6.778230151226257,0.0,5.040807606739863,0.2361162535728979,0.9260436293643557,0.9633111633330126,0.17073893709310717,0.0,0.9857121209670184,0.17066693067115024,low,0
S0084,2025-01-26,4,mid,5,35.6214223033953,0,2,5,1,1,5.265837314926996,0.0,6.260599901312781,0.3424019125469355,0.1676615025623317,0.033087675379414705,-0.8013111201701646,0.0,0.38738897691524254,0.5140759454776375,low,0
S0084,2025-01-27,4,mid,6,38.12927753797366,0,2,5,1,1,3.029051438362811,0.0,12.683589037167852,0.6326427619718753,0.5083165002783193,0.12897652839945362,-0.3915415823570887,0.0,0.5413423573436392,0.4390671395981044,low,0
S0084,2025-01-28,4,mid,7,38.29922265079915,0,2,2,0,0,5.162870710238092,0.0,16.544308297131323,0.43858763922517086,0.6172587924330311,0.3574910217906536,-0.5661364264371529,0.0,0.25875985563557224,0.10855794095489213,low,0
S0084,2025-01-29,5,mid,4,48.094943307367515,0,1,1,0,0,4.765914287740202,0.0,11.736750864949837,0.24200099738102987,0.32382596615726034,0.3321664787079459,0.10588172825668352,0.0,0.1694792162868325,0.5771810351737153,low,0
S0084,2025-01-30,5,mid,7,30.449478009441407,0,1,5,0,0,7.5252723718469,0.0,7.579279408688868,0.33489109622140145,0.27966837174796866,0.793896923791127,0.7446754731598724,0.0,0.7242130258056901,0.4478711646499782,low,0
S0084,2025-01-31,5,mid,5,26.096424044254324,0,1,2,0,0,2.259585395115899,0.0,8.597999708807814,0.9773723024802767,0.9141921263702999,0.6291561368316866,-0.8204101544746967,0.0,0.7719558997213899,0.07727577150994303,low,0
S0084,2025-02-01,5,mid,6,30.241277728545207,0,0,3,1,1,5.1814389026915535,0.0,8.14231189550585,0.6753198540628323,0.09441079483995807,0.37539213147646966,-0.3620969198330326,0.0,0.49126079870972494,0.9327590204157166,low,0
S0084,2025-02-02,5,mid,5,44.96810020196044,0,0,5,1,1,2.069270675606018,0.0,15.865301765250898,0.33180051382460596,0.7753226287758769,0.5488527932556061,-0.3567048920608622,0.0,0.5377934251188291,0.9325779466708105,low,0
S0084,2025-02-03,5,mid,5,28.33946231243862,0,0,2,1,0,3.597926369362227,0.0,13.317894580673427,0.3465834769655455,0.8858741929500558,0.7403553234245104,0.27826039886631193,0.0,0.12091030500896194,0.06890899205515377,low,0
S0084,2025-02-04,5,mid,6,67.09266547195533,0,3,5,1,1,5.899330870698484,0.0,7.445631651037717,0.04715176956085043,0.9938368966918537,0.94584666063505,0.2081519494916706,0.0,0.19803276017658877,0.28227963687487,low,0
S0084,2025-02-05,6,mid,5,39.12120679979858,0,0,2,1,1,6.595744608188379,0.0,11.534655920883031,0.01353163395052881,0.5476936864329194,0.5808543248798606,-0.36380521986330927,0.0,0.8027692048092625,0.9095742866203286,low,0
S0084,2025-02-06,6,mid,6,60.82108187056022,0,0,1,1,1,1.9135891362534694,0.0,8.860138276093979,0.0761940205963415,0.3071759927907597,0.5598649654024567,0.27769746338526113,0.0,0.33084190783869327,0.9595448013911299,low,0
S0084,2025-02-07,6,mid,6,39.64225438173419,0,1,4,1,0,3.450151523014469,0.0,10.390063323887002,0.14074647515442984,0.596931218165224,0.964415767251367,0.05914212620726533,0.0,0.9002978371071136,0.9256981863699894,low,0
S0084,2025-02-08,6,mid,5,34.71092406968271,0,1,3,1,1,8.019432937122943,0.0,5.6266976043474815,0.8229006376966373,0.15299321261686494,0.9736810018062714,0.303081727043361,0.0,0.06541225038516507,0.5402969524395324,low,0
S0084,2025-02-09,6,mid,3,44.74168272965878,0,0,2,0,1,7.378691970291559,0.0,11.09537743245613,0.28294037261306293,0.4615700378298847,0.8214970475318306,-0.39942322912312767,0.0,0.9192515249871551,0.1544725274056522,low,0
S0084,2025-02-10,6,mid,8,40.90791835517329,0,1,3,1,1,3.679797797164703,0.0,12.879533707240387,0.843069253452983,0.06272869113081658,0.7364403681260318,-0.03341297896318984,0.0,0.43962674816156455,0.7005058137191358,low,0
S0084,2025-02-11,6,mid,6,39.12229326378375,0,0,4,1,1,6.077979705028675,0.0,13.440516974405593,0.8887028001242826,0.9238334201279175,0.8772874543398476,-0.7151658496809286,0.0,0.728825241098956,0.31895928595337486,low,0
S0084,2025-02-12,7,mid,6,47.49023876881763,0,2,5,0,0,1.6409010855615813,0.0,11.787484763392861,0.4043278436188914,0.9102093980898724,0.0603907320451863,-0.6771830052865657,0.0,0.9011877686789405,0.17930709638521247,low,0
S0084,2025-02-13,7,mid,6,32.817261563333524,0,2,4,1,0,6.776595510738058,0.0,12.362206417851217,0.7455894307766952,0.04346264402258826,0.0982805117030432,0.4851966620743482,0.0,0.6268492104094207,0.36404636647115773,low,0
S0084,2025-02-14,7,mid,5,45.07920863073944,0,1,2,1,1,4.316380749148675,0.0,10.817019245518322,0.18009592523756324,0.6980574173204236,0.7729749911183765,0.7974914906462527,0.0,0.6944065988217685,0.7075847697477756,low,0
S0084,2025-02-15,7,mid,5,50.59039225643376,0,2,5,0,0,4.138757554100337,0.0,8.377145459778959,0.227796749807186,0.7027924177048721,0.37487109333342017,-0.9937622294189523,0.0,0.3841259620722244,0.5718536022817452,low,0
S0084,2025-02-16,7,mid,6,38.48959468256257,0,2,3,1,0,2.9126274650640167,0.0,7.783540525709697,0.8035089250980909,0.6296635490611514,0.7206642391619261,-0.40172655679509095,0.0,0.1724739324665009,0.2708881945758589,low,0
S0084,2025-02-17,7,mid,5,52.42764563986797,0,0,3,1,0,4.196161184407789,0.0,7.48699180455069,0.8155767318236075,0.6322510002478925,0.759138289799297,0.9179373796779899,0.0,0.9133542793949501,0.28659698983428517,low,0
S0084,2025-02-18,7,mid,5,42.47176956630808,0,1,2,0,0,3.213739026030348,0.0,13.121748453637538,0.2961775345426123,0.7686800533247694,0.18671385732747525,-0.186197066053575,0.0,0.6183350892054336,0.36975260981711955,low,0
S0084,2025-02-19,8,mid,7,46.45020037517236,0,1,3,0,0,8.152559261133348,0.0,8.626663033747498,0.21378111844147019,0.5940196552589428,0.9196041987071552,-0.8896739814460555,0.0,0.8844539454669279,0.208901098428671,low,0
S0084,2025-02-20,8,mid,5,39.36012065440342,0,1,3,1,0,6.146584835131262,0.0,15.444025737620386,0.8912168619298837,0.28349194230837593,0.5328144539608324,-0.5656955207024852,0.0,0.325859529725376,0.7023338549376539,low,0
S0084,2025-02-21,8,mid,5,35.709794567281705,0,2,1,0,1,3.040523471396873,0.0,11.38877829523732,0.8129900632728219,0.795942088155009,0.28360623928276074,-0.06840275450071065,0.0,0.6830947049366817,0.42434276482261457,low,0
S0084,2025-02-22,8,mid,5,41.14946456849334,0,2,4,0,1,6.7150595774677555,0.0,7.487279331990443,0.37523314631275184,0.7681303190497846,0.7617994470034252,-0.11679171739498218,0.0,0.8594957915770167,0.46923333228759545,low,0
S0084,2025-02-23,8,mid,5,45.32125322168066,0,0,3,1,0,4.344989552343217,0.0,13.823563045550122,0.14443002183977727,0.29175784294409357,0.13383691353947114,0.08661415460456379,0.0,0.4675379211898212,0.21112682643059333,low,0
S0084,2025-02-24,8,mid,6,46.256213726891154,0,0,5,1,1,3.0262172034989536,0.0,8.469469929824124,0.6060272887832734,0.5317984437834009,0.7246735889484459,-0.3228973292212223,0.0,0.9854248337097258,0.319995244832742,low,0
S0084,2025-02-25,8,mid,7,51.37711740190373,0,0,1,0,1,3.0711488985245294,0.0,7.770481322081297,0.12467640502913135,0.6816612574206267,0.22756069317475935,-0.13787351723242147,0.0,0.16835581037894098,0.6159185095900387,low,0
S0084,2025-02-26,9,mid,7,48.491560803881555,0,4,4,0,0,3.10877085069897,0.0,10.610664028313286,0.3375962087161749,0.2810437550257653,0.25066253105376346,0.9464957205561026,0.0,0.14954420130198054,0.46921524460447483,low,0
S0084,2025-02-27,9,mid,6,59.38585379033529,0,0,3,0,1,3.962528967524947,0.0,13.066135458664245,0.05977872261792849,0.05300525044548554,0.08753800340891627,0.7316177533231105,0.0,0.47383764069133494,0.8727927331222168,low,0
S0084,2025-02-28,9,mid,6,25.796279939592395,0,0,4,0,0,4.601623168372628,0.0,10.105920969982849,0.6499574462084957,0.031023219355943876,0.562875518388348,-0.8780181480517777,0.0,0.8479053777678158,0.910423339235911,low,0
S0084,2025-03-01,9,mid,5,47.909641938583576,0,3,5,0,0,4.298066193452258,0.0,10.298644218197502,0.6400663318135941,0.931794413853104,0.8218313958229386,-0.309385211902391,0.0,0.11055586881338675,0.5384552274124935,low,0
S0084,2025-03-02,9,mid,7,21.732553679646717,0,3,4,1,0,10.27369190625679,0.0,9.392945321914759,0.9845679123091701,0.5687759907436077,0.9173087172299157,0.575045446813939,0.0,0.8992166604092017,0.8573689830403108,low,0
S0084,2025-03-03,9,mid,4,42.62682873711521,0,1,3,0,1,6.787662498384011,0.0,13.554397141639717,0.427658948738314,0.19073634661708638,0.30593009411705363,-0.012083914997765843,0.0,0.9485734605751773,0.6402452678964844,low,0
S0084,2025-03-04,9,mid,6,41.94805564130866,0,3,4,0,0,7.404575362667178,0.0,9.491680073119948,0.34017421191354846,0.5614953919393917,0.1416671750684101,0.810220701630509,0.0,0.2998092740245044,0.2623107163005838,low,0
S0084,2025-03-05,10,mid,3,36.66628002756907,0,0,5,1,0,5.960641250069407,0.0,2.9107717354567253,0.8347991196252316,0.6547271648964302,0.9422899013137042,0.046508371633743106,0.0,0.11113212319760868,0.34719100939857805,low,0
S0084,2025-03-06,10,mid,6,39.032382297196946,0,1,3,1,0,1.7623455561707537,0.0,17.361351682888895,0.34197354896130083,0.882951822229108,0.4186231090175575,-0.7175304119343358,0.0,0.15520030168952603,0.11460193597869317,low,0
S0084,2025-03-07,10,mid,6,39.129197070980304,0,1,4,0,0,2.1852557761641194,0.0,8.896526355871295,0.17390716336285017,0.9948390874676198,0.5833099764577568,0.448769503141923,0.0,0.1572634118066628,0.7486652066246795,low,0
S0084,2025-03-08,10,mid,6,37.23860791851976,0,1,4,1,1,1.6039294852810926,0.0,11.425020226480093,0.1718780856116915,0.25966323665265323,0.2703265050484035,-0.5768347520276644,0.0,0.23396256306498653,0.8570494098886738,low,0
S0084,2025-03-09,10,mid,6,55.84238686723883,0,2,5,1,1,7.94636645314725,0.0,13.063642172239359,0.5955106186551633,0.3152335789947448,0.9216256283713724,0.7921947013773905,0.0,0.9515611594336009,0.3800755067453725,low,0
S0084,2025-03-10,10,mid,6,53.436440002467634,0,2,4,0,1,3.7748440033822965,0.0,11.57469336212533,0.10834087827865302,0.7970125310445989,0.5744312264068231,-0.6930928263481042,0.0,0.8445978059304186,0.40693724531813125,low,0
S0084,2025-03-11,10,mid,7,32.64283200057369,0,0,4,1,1,3.19106905560281,0.0,12.83262700651699,0.8364766476666222,0.41868559459187693,0.8852502780559665,-0.5578734125288143,0.0,0.6525420327099057,0.9448668588509253,low,0
S0084,2025-03-12,11,mid,4,41.58189365731519,0,1,2,1,1,5.21700860406052,0.0,4.790264202243906,0.1476896942618946,0.5829495773153957,0.43714483671771975,0.9452143166007749,0.0,0.09497301430242922,0.7518466244465936,low,0
S0084,2025-03-13,11,mid,7,34.84179612939745,0,2,3,1,1,10.032660976107316,0.0,10.47969341724801,0.5123740064245218,0.7503404031649876,0.33232705643332183,-0.695843488794023,0.0,0.4718985245353753,0.7326931322470992,low,0
S0084,2025-03-14,11,mid,4,43.40615916691302,0,0,5,1,0,1.9767470334681079,0.0,12.828327732292212,0.30489575697827753,0.9000344003242609,0.37054641323358606,-0.8442128748843574,0.0,0.739688625544532,0.14719378400059557,low,0
S0084,2025-03-15,11,mid,7,56.01697976332302,0,1,3,1,0,3.3372433364594944,0.0,8.657395439138828,0.7569443197287727,0.2930315660703502,0.37307442507785304,0.8061265965439968,0.0,0.6622093900942432,0.9287809357119838,low,0
S0084,2025-03-16,11,mid,4,56.72131509945422,0,0,5,0,1,6.222585953833384,0.0,13.64856642427835,0.29976984296981934,0.8395351989281834,0.1937556731369865,0.7837340646624718,0.0,0.7564206358160761,0.3484173117168152,low,0
S0084,2025-03-17,11,mid,5,32.34710089437854,0,0,1,1,1,9.083429764021322,0.0,10.78327673848257,0.21958191171225894,0.9459218279355143,0.35507311904994154,-0.8001371967132707,0.0,0.21815320601151378,0.19413464535032854,low,0
S0084,2025-03-18,11,mid,5,35.132250324733626,0,0,2,0,0,5.897531739275523,0.0,5.383822742832375,0.4195891339686242,0.9914256749233425,0.7196036674412595,-0.5594288534423535,0.0,0.7333346506991529,0.3562818157319797,low,0
S0084,2025-03-19,12,mid,6,45.557143235127455,0,1,1,0,0,5.972267169612274,0.0,11.10828280055359,0.35226774853682274,0.7729054414653789,0.8352836299672837,-0.18405199378919535,0.0,0.9497643294482052,0.6898084488586946,low,0
S0084,2025-03-20,12,mid,8,36.2376917820791,0,1,2,0,0,5.518293008192099,0.0,6.671121208924983,0.81384178695577,0.6913235967148471,0.4265430851613199,0.6050215030648929,0.0,0.4792288123588102,0.6438723239805785,low,0
S0084,2025-03-21,12,mid,5,43.330289033227075,0,0,2,0,1,4.212208846329979,0.0,7.627861260126531,0.33014342089599846,0.7783228407143968,0.5437274518068075,-0.16809819001372883,0.0,0.0626723280770215,0.9704717780804673,low,0
S0084,2025-03-22,12,mid,6,42.659123637191634,0,1,4,1,1,5.550480049685909,0.0,12.823849731496427,0.517067311794608,0.2870115052648662,0.3510343752752293,0.7331205673475059,0.0,0.5789198027092168,0.8966420012513903,low,0
S0084,2025-03-23,12,mid,5,55.469485340604194,0,0,3,0,1,5.247471330666907,0.0,10.175537673500974,0.26467001671903345,0.93833114883113,0.45356660364680024,-0.6968218135888513,0.0,0.7372815399751977,0.6946926720086108,low,0
S0084,2025-03-24,12,mid,5,49.87504962474308,0,5,4,1,1,6.474522995041359,0.0,7.55481597160578,0.3645744216412522,0.2467439946822927,0.5659528659670232,-0.9786740927991253,0.0,0.9764738419680442,0.9429865326757064,low,0
S0084,2025-03-25,12,mid,6,38.885688074965074,0,1,3,0,0,4.278290273706095,0.0,8.877442159195944,0.9313634462811984,0.40102539856323616,0.2745413051087331,-0.9088533165090984,0.0,0.03689534840447806,0.2581741495855102,low,0
S0084,2025-03-26,13,mid,7,61.07729443898822,0,0,3,1,1,2.3170296558113,0.0,13.751885645005657,0.5122816074514249,0.8873990256576972,0.7217958998880472,0.218676631489104,0.0,0.540656184041603,0.5069718910839381,low,0
S0084,2025-03-27,13,mid,6,43.83915336714058,0,0,4,0,1,3.653942642576846,0.0,15.360354786068857,0.5264249807279504,0.7262274961798795,0.2987568927660512,-0.6168518229342363,0.0,0.06786190426170913,0.47670191354526537,low,0
S0084,2025-03-28,13,mid,5,36.15103919440172,0,1,5,0,0,4.144709129019035,0.0,5.772232991682579,0.4122911215487697,0.7676547204859825,0.56702036202195,0.3548598158396652,0.0,0.12175395593279303,0.6067223058413536,low,0
S0084,2025-03-29,13,mid,6,67.82321283690885,0,0,3,1,1,3.507540765169506,0.0,4.9965371806303,0.5487052555395516,0.027354396220915733,0.44500908888989266,0.8760723735840084,0.0,0.7512628128660299,0.3211250176114089,low,0
S0084,2025-03-30,13,mid,7,47.50515448728478,0,0,2,1,0,5.206508886510857,0.0,15.16839013095872,0.6954357944147412,0.7190027978280972,0.6440868497162219,0.8733156455807178,0.0,0.5360436915065321,0.05694874863511634,low,0
S0084,2025-03-31,13,mid,7,54.19544341482057,0,0,3,1,1,3.3473576328306622,0.0,11.682735307788802,0.23794636802105062,0.5706468339729622,0.3903664751524686,0.5009797636327711,0.0,0.10129421653443715,0.3255960403766195,low,0
S0085,2025-01-01,1,mid,4,63.83034074556732,0,2,5,1,1,6.970397693043417,0.0,7.835565338425063,0.9613639518018949,0.9942408974340553,0.2916959346509036,0.1913129080589988,0.0,0.9577580893253314,0.9772565972043317,low,0
S0085,2025-01-02,1,mid,4,36.62096469452464,0,2,2,1,1,6.781031969940468,0.0,11.699435814018715,0.9706601839429937,0.29609897394054785,0.22033095942000558,-0.48320531879350237,0.0,0.24932979829121127,0.476726920099261,low,0
S0085,2025-01-03,1,mid,4,40.72457629615063,0,0,5,0,0,7.873560687442129,0.0,12.573098761681857,0.0219825898591286,0.9353789615589301,0.7367738931654253,-0.3406306299311741,0.0,0.7222715122470404,0.455678413789258,low,0
S0085,2025-01-04,1,mid,4,62.7993327454889,0,1,5,0,1,1.7405489855672287,0.0,5.629936770987619,0.15816487361734466,0.32423029253623925,0.8020721787264504,-0.16716879697704323,0.0,0.7860811511986702,0.8543478234114584,low,0
S0085,2025-01-05,1,mid,3,54.85663249993118,0,0,5,1,1,5.558272419292502,0.0,4.761477468815783,0.3758745740725382,0.47112626819866743,0.8501168310837124,0.6911603265110462,0.0,0.020995677589126904,0.5458574341671727,low,0
S0085,2025-01-06,1,mid,4,51.17264480402664,0,0,4,0,1,7.9904787854721215,0.0,5.6931399444643835,0.9911919508998196,0.6897656019996886,0.5169645925779777,-0.46105424507716064,0.0,0.39885050648922804,0.08725757032542159,low,0
S0085,2025-01-07,1,mid,4,32.801659122353946,0,1,3,1,1,4.967985498045023,0.0,9.83676448861889,0.1274646817162407,0.5712169892936246,0.2499706053070716,-0.3237968371476332,0.0,0.3445812142498853,0.9313059828985338,low,0
S0085,2025-01-08,2,mid,5,54.17227201384492,0,0,2,1,1,6.043677154238958,0.0,15.561458896258387,0.3927866296769824,0.9766303166358913,0.03032516269711716,0.2936627173366637,0.0,0.47451109035526984,0.8541802266791036,low,0
S0085,2025-01-09,2,mid,4,49.42464556215314,0,1,2,1,0,5.815107778429491,0.0,12.006817355397716,0.5405029125702024,0.7933650405148206,0.8772200520601025,-0.1932640779692114,0.0,0.8566871996664641,0.8038966854749192,low,0
S0085,2025-01-10,2,mid,4,43.72452874024095,0,1,2,0,1,6.535461908836563,0.0,11.210717944088273,0.8449478819151689,0.1503053353697672,0.6413284932743771,0.2082805258603242,0.0,0.6944071797367943,0.9812767159002098,low,0
S0085,2025-01-11,2,mid,5,36.6142235989211,0,1,4,1,1,5.267053576129883,0.0,13.056833696098716,0.37542050364357316,0.4042337594957036,0.07294249458018687,-0.014391293644818282,0.0,0.7253876095206256,0.8230755717168711,low,0
S0085,2025-01-12,2,mid,5,47.97294689951293,0,2,5,1,1,2.497453725372805,0.0,16.18178302807237,0.7325781288832167,0.7158370094954781,0.3885241428801858,-0.5721183909525926,0.0,0.8449138479188193,0.9219754300097247,low,0
S0085,2025-01-13,2,mid,5,45.50928473265982,0,1,4,1,1,5.650431228681322,0.0,5.530508279674471,0.6609257830753816,0.4351074387642402,0.6532581075599254,-0.9771549470711567,0.0,0.1976127417546203,0.8370196542094117,low,0
S0085,2025-01-14,2,mid,5,58.0546545415837,0,1,1,1,0,3.5021351057165573,0.0,8.976701930404296,0.06942960237384732,0.8521545825312054,0.32419063136075255,0.11937882136092859,0.0,0.7569134526429301,0.5387595850238351,low,0
S0085,2025-01-15,3,mid,4,16.698322557419193,0,2,2,0,0,4.882746385006272,0.0,11.233639194419483,0.43612488265156846,0.017510892162376668,0.2017861786407431,-0.7597612179794135,0.0,0.7955558455264031,0.5154355585148537,low,0
S0085,2025-01-16,3,mid,5,42.94478316284189,0,2,2,0,0,5.983813809434464,0.0,11.530108635943105,0.8490021241464688,0.8959551638287097,0.4237569543380597,-0.5619863479062108,0.0,0.07212295397524437,0.27513397178454024,low,0
S0085,2025-01-17,3,mid,3,20.283461734042007,0,1,3,1,1,4.753720961277589,0.0,12.387196247852852,0.38259736003424305,0.7449307390949229,0.5867636263238897,-0.5155743876059165,0.0,0.27104920566076784,0.6373170483198336,low,0
S0085,2025-01-18,3,mid,3,27.469869904574693,0,2,3,1,0,8.087171073164567,0.0,12.264418750239669,0.04542257219431434,0.8825599662331405,0.9309699809183374,0.5636781354051179,0.0,0.17476082111423175,0.7888771935656114,low,0
S0085,2025-01-19,3,mid,4,40.43208168417107,0,0,1,0,1,2.7655475082954313,0.0,13.274458918061594,0.6292135434056781,0.28627276839320714,0.03065709365831215,0.45468011780328643,0.0,0.5432999432509799,0.6442361423561317,low,0
S0085,2025-01-20,3,mid,5,33.48114633521778,0,1,2,1,1,4.621967209223206,0.0,12.18885483033438,0.9413929229369157,0.08712103892293166,0.012726749314644903,-0.33833312849871167,0.0,0.18527892726162798,0.7044251144050729,low,0
S0085,2025-01-21,3,mid,5,45.69351113510056,0,1,1,0,0,3.8803391947518033,0.0,7.030199899202259,0.7658517646721436,0.18874570970129856,0.38000336053739747,-0.2169392310396172,0.0,0.2077753771792249,0.8726230265391545,low,0
S0085,2025-01-22,4,mid,2,48.143589680183666,0,1,5,1,1,3.8521337910301465,0.0,9.525182253376435,0.34100222819061243,0.2841773562470349,0.9214759735031341,0.6363393644768089,0.0,0.8063907486175765,0.024887472169107472,low,0
S0085,2025-01-23,4,mid,4,45.181135651225475,0,2,4,1,1,2.841340559495133,0.0,9.164143523188134,0.8845389148926184,0.5259440785235696,0.7401568348507376,-0.28356040582833675,0.0,0.11332463730160802,0.8592805914578103,low,0
S0085,2025-01-24,4,mid,4,44.5714958123575,0,0,1,0,1,6.534656269962742,0.0,8.744613776282327,0.3127713583535876,0.9756489948844094,0.908011815633021,-0.19791599863262155,0.0,0.6630697233912415,0.5355381981946266,low,0
S0085,2025-01-25,4,mid,5,47.56650217569463,0,1,5,0,1,5.6276567985455355,0.0,4.62778982883578,0.7484314675731851,0.30301973958307304,0.33354626518897235,0.43868822943771324,0.0,0.3697825564971138,0.6525595067820784,low,0
S0085,2025-01-26,4,mid,5,52.861925974748736,0,6,5,1,1,5.7334308834880074,0.0,11.290400170835724,0.5729451171282484,0.5411940123124821,0.41401113397471256,-0.7494095913971464,0.0,0.6294090369473009,0.32148291402314466,low,0
S0085,2025-01-27,4,mid,4,37.08841841350472,0,1,2,1,0,3.8063996551812265,0.0,8.133964329682824,0.15714264301859948,0.23855262626011053,0.026353822405494665,0.9569441705449235,0.0,0.06852237344472234,0.7282518115353058,low,0
S0085,2025-01-28,4,mid,4,27.388306563171504,0,0,4,1,1,5.5217556955072755,0.0,9.916381985656734,0.09915922823292567,0.29564799605739156,0.3854216420336879,-0.10057833639329572,0.0,0.9573594800602996,0.38178819209032533,low,0
S0085,2025-01-29,5,mid,4,33.637710372535786,0,0,5,1,1,3.7506197300119446,0.0,12.295999153726557,0.9854981709011735,0.44832259554977116,0.8045920969723052,0.8643072042156359,0.0,0.4976432183221763,0.6200311495138752,low,0
S0085,2025-01-30,5,mid,5,62.996567527045954,0,0,3,1,0,3.0809259586109627,0.0,12.439539376446238,0.16029467564226596,0.8209776588932262,0.2979952501000577,-0.33661535244301133,0.0,0.3958466479892184,0.046066007763970296,low,0
S0085,2025-01-31,5,mid,7,43.65484821975043,0,1,1,1,0,3.8152200959234657,0.0,7.155269266488549,0.7927898709949708,0.04302417751560628,0.7579188647870627,0.3410244104151636,0.0,0.8778815870791414,0.04720367059346198,low,0
S0085,2025-02-01,5,mid,4,47.45585021021061,0,0,5,0,0,2.725425971335513,0.0,8.001632342166085,0.4635407304032396,0.4661023332892398,0.15588532030259772,0.31784617395539105,0.0,0.41242983730753047,0.6329141965653908,low,0
S0085,2025-02-02,5,mid,4,46.93761395408711,0,1,2,0,1,4.868027987055638,0.0,6.1600746964015265,0.5521151570332703,0.5700655226023922,0.14903007580472016,-0.9481930601799005,0.0,0.6650684289394861,0.6214118208297118,low,0
S0085,2025-02-03,5,mid,4,52.2277179382101,0,0,2,0,1,6.883520970129095,0.0,13.869664130947937,0.951613021799164,0.9784486508628358,0.9130120647769863,0.31951294595468793,0.0,0.49673340255282694,0.043922311710127504,low,0
S0085,2025-02-04,5,mid,5,38.451009840986565,0,2,2,1,0,5.276454888662758,0.0,11.214825716766557,0.03596590368446473,0.4074536346179901,0.12982609497205755,0.116447928634283,0.0,0.3954836742279134,0.7375437381976908,low,0
S0085,2025-02-05,6,mid,3,48.87593660181914,0,0,1,0,0,4.440937839737006,0.0,10.070688772127372,0.9937534289647306,0.938958560369781,0.46531724964154586,-0.7074299401808504,0.0,0.16133236212165014,0.3896547857559861,low,0
S0085,2025-02-06,6,mid,4,53.07258795152171,0,1,4,1,0,2.735211701270107,0.0,11.724232864598243,0.3786136001328868,0.9519541593994436,0.829364533592428,0.8270759318756749,0.0,0.15821460243895447,0.6207684184154941,low,0
S0085,2025-02-07,6,mid,5,39.32742015387239,0,1,1,0,0,3.061456129738339,0.0,8.44672356168554,0.5304459770515471,0.22437736478168346,0.5426141542914479,-0.18591901789584941,0.0,0.5554926295022113,0.5375056529456534,low,0
S0085,2025-02-08,6,mid,6,59.571246165585144,0,0,4,0,1,3.679688542511027,0.0,5.599392482343587,0.6967984482298526,0.8111248525546376,0.058259876010064326,0.6306396526305929,0.0,0.7931112274845732,0.13491276349791248,low,0
S0085,2025-02-09,6,mid,4,42.75787623376348,0,3,3,1,0,4.559300762764983,0.0,11.607818303482931,0.5233954139018604,0.40116657690538027,0.23067550162814643,0.9809802867060393,0.0,0.6743208269398837,0.5121789933556788,low,0
S0085,2025-02-10,6,mid,5,66.99323120789597,0,1,3,0,1,2.6695207517459547,0.0,9.94608158481283,0.5616727266889314,0.661356107660481,0.0025808857773403915,0.10996666498197638,0.0,0.12794260675156477,0.14259100883002218,low,0
S0085,2025-02-11,6,mid,4,42.67190576850226,0,2,2,1,1,8.135044388559258,0.0,9.302214665128608,0.3946166439294553,0.000793895266964828,0.21304172381626596,-0.5883505783193521,0.0,0.48910191171672446,0.711630299987939,low,0
S0085,2025-02-12,7,mid,4,46.3337142227361,0,0,2,1,1,5.141038529946778,0.0,6.335145175200423,0.755750772686606,0.3969847924009101,0.20078975561616907,-0.13938413182295983,0.0,0.3299363109004567,0.04466959309894003,low,0
S0085,2025-02-13,7,mid,4,60.35712877007656,0,1,5,0,1,7.3064114704291905,0.0,7.610336009989235,0.8229918715980877,0.1803294298055773,0.35512293267929507,0.0014945702659394655,0.0,0.5810666853819499,0.39543676674006334,low,0
S0085,2025-02-14,7,mid,4,62.81789902406716,0,0,1,0,0,5.865873167595534,0.0,7.431527493120794,0.6811053783484511,0.9041759292913057,0.2836709494837416,0.7395416593945776,0.0,0.4436742492029001,0.22516944846832732,low,0
S0085,2025-02-15,7,mid,4,45.700633120709675,0,1,2,1,0,3.510098141722162,0.0,6.3962726101168075,0.5904142047661679,0.8325014718436479,0.6442215382896785,-0.5955264875520079,0.0,0.05176975042494303,0.5561563715861555,low,0
S0085,2025-02-16,7,mid,5,61.0439927160277,0,0,4,0,1,7.242626597910268,0.0,11.122177007324531,0.7392846953733805,0.5154025981434647,0.8095505667634975,-0.7732781043889339,0.0,0.23888244993858054,0.7532950130628805,low,0
S0085,2025-02-17,7,mid,6,26.95469824159917,0,3,2,1,1,4.6573336545629065,0.0,10.405990065249853,0.40917679108519434,0.9659076452278952,0.3112460725022006,0.5610827216415597,0.0,0.48444112119251415,0.6053226038371112,low,0
S0085,2025-02-18,7,mid,6,64.39930619845346,0,1,5,1,1,6.964999432712464,0.0,12.216888389321712,0.9308519641620003,0.16255998089484636,0.8904827131047326,-0.5282703339989319,0.0,0.5421700039068714,0.2593546937816097,low,0
S0085,2025-02-19,8,mid,5,44.47927699756987,0,1,3,0,0,5.798745332785349,0.0,9.864983170803649,0.7147602574561788,0.28858412797312394,0.9813844900940442,0.7416237288745502,0.0,0.3160550154504689,0.2905322396472265,low,0
S0085,2025-02-20,8,mid,8,46.82799252906578,0,1,4,1,0,6.2857785851170105,0.0,6.48912657351303,0.270175848481619,0.5595478650652803,0.8679637931829146,-0.4284076831942145,0.0,0.47064567368768906,0.5135735905018125,low,0
S0085,2025-02-21,8,mid,6,49.85875370254381,0,0,2,0,0,4.929090126370692,0.0,5.9846420608173645,0.08314100297159077,0.08735259249332639,0.1792094665791304,-0.055373127314900294,0.0,0.18320870389662414,0.3786262788491005,low,0
S0085,2025-02-22,8,mid,5,45.298769949317816,0,1,3,0,0,3.759596724303104,0.0,10.344216349922458,0.8159434168657742,0.5850229292720471,0.8708759920095236,-0.24211527999835436,0.0,0.2501556571532858,0.9386960727405202,low,0
S0085,2025-02-23,8,mid,5,43.85387101263853,0,1,5,1,1,3.8267315047764896,0.0,12.691692133546063,0.3754543769330515,0.4034263574051845,0.17066609550480616,-0.908602928747394,0.0,0.0650741879949498,0.6156154502398583,low,0
S0085,2025-02-24,8,mid,4,48.174209152961915,0,1,1,1,1,3.7600462377401813,0.0,11.748069472814503,0.5180112358308676,0.2557074169405038,0.9253941722397626,0.8544862337539305,0.0,0.7265609329532158,0.6905780588887829,low,0
S0085,2025-02-25,8,mid,6,47.65073309144117,0,3,1,0,0,5.931522808298039,0.0,9.619190965545275,0.0010407084460775096,0.6891704411885339,0.9956587323730746,0.3877342375375423,0.0,0.7065434361805876,0.6672488468328621,low,0
S0085,2025-02-26,9,mid,3,44.799025171787015,0,1,2,1,1,4.211227929482721,0.0,12.392582208813659,0.3040887547056952,0.09412452479923461,0.5432555087319895,-0.9519614217437995,0.0,0.9370948525052777,0.236986494270371,low,0
S0085,2025-02-27,9,mid,3,43.105782877288064,0,0,1,0,1,6.710030778733571,0.0,8.259907694737155,0.1622640814959455,0.13768993074532132,0.13716392340752193,0.884891466283011,0.0,0.7000799698816984,0.5786227233021047,low,0
S0085,2025-02-28,9,mid,5,31.298414833672933,0,3,4,0,0,4.137017864713959,0.0,9.507046216016937,0.673098689969514,0.8539517219751079,0.24494922491116788,0.04532914080266881,0.0,0.05211858682412551,0.28061352958933583,low,0
S0085,2025-03-01,9,mid,3,45.04332015930643,0,0,3,0,0,8.524098167885448,0.0,7.205328045865563,0.14146591996289015,0.24163821297572996,0.283865051235046,0.036738729104614176,0.0,0.7574986497607905,0.8443446845104781,low,0
S0085,2025-03-02,9,mid,5,53.44957480596184,0,0,2,1,0,3.2653021793599883,0.0,10.254413364724254,0.6008760177285603,0.047290137242672836,0.6409012465747493,-0.9326348406231371,0.0,0.1651150498383126,0.7533807586901288,low,0
S0085,2025-03-03,9,mid,5,41.501690976144715,0,0,4,1,1,1.5142962918629181,0.0,7.363058767537418,0.9659808199342019,0.42420458850840714,0.6988386985551405,0.8398801883661366,0.0,0.010772549893616645,0.5693559421506094,low,0
S0085,2025-03-04,9,mid,4,61.55582347523072,0,2,3,1,0,9.655793650700613,0.0,3.777690986964311,0.1410636592890966,0.4900528638316748,0.2947344519998095,0.605115398981791,0.0,0.8231311390287408,0.4327812011362653,low,0
S0085,2025-03-05,10,mid,4,43.80644752210425,0,0,3,1,1,1.017661030702159,0.0,6.752191442646309,0.14241017516726895,0.6486584333316324,0.11763985491405049,-0.9896371928046748,0.0,0.6126083996894519,0.082762413173043,low,0
S0085,2025-03-06,10,mid,5,50.66071781117078,0,2,1,1,1,6.193629965095417,0.0,6.746073288294299,0.913071462127164,0.7216003782411466,0.38731474424521684,0.4927599113207235,0.0,0.23232396959689106,0.7169868274520079,low,0
S0085,2025-03-07,10,mid,4,57.59419160210898,0,1,3,0,1,7.742111958719297,0.0,11.854599932892885,0.9180973729339459,0.3923381612721676,0.05162487226328227,-0.7464016929117749,0.0,0.9079385753815249,0.9505654444997838,low,0
S0085,2025-03-08,10,mid,5,33.82825938630354,0,1,3,1,0,8.084617842070436,0.0,9.518282417694538,0.5165684953577756,0.8567707683636903,0.6328594039228008,-0.35869409931858254,0.0,0.4985960695575373,0.7905762828952173,low,0
S0085,2025-03-09,10,mid,5,38.070535408445046,0,1,4,0,1,3.9703621749158997,0.0,11.245096490523355,0.740732214315016,0.023065989987001934,0.11168455079997375,-0.9591797352130145,0.0,0.18240331559889045,0.0003530892648191397,low,0
S0085,2025-03-10,10,mid,3,42.74588190609638,0,0,5,0,0,4.992432004159754,0.0,6.226975300331242,0.06915306948160926,0.4105981326944238,0.804136639864321,0.032903409356783486,0.0,0.2586155968364203,0.40772998970725516,low,0
S0085,2025-03-11,10,mid,5,46.226851400935544,0,2,3,1,1,5.67099396430044,0.0,12.681021049772472,0.17002626298003554,0.9021258145575725,0.7223012731695893,0.5305409112033526,0.0,0.4494844964489647,0.7530370419147638,low,0
S0085,2025-03-12,11,mid,6,51.707981475401056,0,0,3,1,0,5.540882436261237,0.0,11.9016550612825,0.21997545403280283,0.11285657307519381,0.9044310566863502,-0.2875472242800814,0.0,0.649644656592088,0.8169597539838994,low,0
S0085,2025-03-13,11,mid,6,64.98026568914386,0,1,1,0,0,4.921340457295828,0.0,11.214940165212846,0.9495237660075384,0.8041695692284293,0.2622044698248893,0.8734771606788676,0.0,0.30009069262819665,0.3452939540281639,low,0
S0085,2025-03-14,11,mid,4,26.876845670837813,0,0,1,0,0,6.791731274779451,0.0,4.431690586389099,0.514479209890818,0.4642307642862805,0.5221335217441098,0.19639799641407585,0.0,0.25223478200806015,0.8152972676912864,low,0
S0085,2025-03-15,11,mid,3,48.679689497361515,0,0,3,1,0,4.92244775413748,0.0,7.182770510336465,0.07627962736515181,0.7587634713967542,0.3848394533354069,0.22352667069856302,0.0,0.0716472562939211,0.4314969882703422,low,0
S0085,2025-03-16,11,mid,4,36.774067276271126,0,0,3,1,1,6.541644328585773,0.0,7.106829740304642,0.056472735131352425,0.2533528941747035,0.6894759936328015,0.24894331796796632,0.0,0.6249469878754097,0.3740969346258163,low,0
S0085,2025-03-17,11,mid,4,28.8546819521664,0,0,5,0,0,2.970900036790412,0.0,7.768987097737713,0.22031272802548318,0.07725903772585407,0.46643914027978095,0.6368786420299963,0.0,0.24005968526830557,0.7111436337454784,low,0
S0085,2025-03-18,11,mid,3,48.55366987396884,0,1,3,0,0,1.610620241597819,0.0,7.323066882543573,0.28282632334839786,0.6986459487722663,0.709455518586911,0.8533929026428886,0.0,0.027443937883869007,0.9103526353175359,low,0
S0085,2025-03-19,12,mid,6,57.77512001776087,0,1,2,1,1,1.8824889539610496,0.0,15.177233861170127,0.32677650718873197,0.09458099493891958,0.16352685225973473,0.8871451389341141,0.0,0.6186831903240932,0.15293067493333168,low,0
S0085,2025-03-20,12,mid,6,43.469798116950955,0,2,4,1,0,2.8196995653411983,0.0,12.935434683789772,0.6361033049291217,0.5273645433055588,0.19899469983117835,0.7971418861149859,0.0,0.6371273068516508,0.33420410591812577,low,0
S0085,2025-03-21,12,mid,5,47.89037425016964,0,1,4,1,0,0.7011718289793265,0.0,14.551878975278747,0.22477640072274996,0.1739215931472753,0.4851232453196984,-0.5561498532701159,0.0,0.6033207760416736,0.9136721335451975,low,0
S0085,2025-03-22,12,mid,6,43.801311208788796,0,2,2,0,1,8.175747029796248,0.0,10.072294405945563,0.09252296557413642,0.6588523291371923,0.8012388259308342,-0.30331106147907727,0.0,0.3818650322389031,0.27446170539667203,low,0
S0085,2025-03-23,12,mid,4,46.08871379664476,0,1,4,0,0,3.207440894107882,0.0,10.265126414131814,0.6648608783556414,0.6541623566707517,0.5777609092160602,0.775566021929839,0.0,0.4784319839964043,0.7105390429704309,low,0
S0085,2025-03-24,12,mid,5,42.80144496337917,0,2,3,0,1,4.27758947522792,0.0,13.422694151509617,0.870477987663592,0.2122607691810593,0.7053784092328079,-0.6647757359978734,0.0,0.9718192877506308,0.6408835988521306,low,0
S0085,2025-03-25,12,mid,5,59.09207052785158,0,1,1,0,0,5.851753145011593,0.0,11.771430697588025,0.40778373607045804,0.6416508269194531,0.8092087221522245,-0.966508199689752,0.0,0.2708144666400857,0.9705723377506037,low,0
S0085,2025-03-26,13,mid,6,37.16610986595547,0,0,1,0,0,6.808612115760059,0.0,12.04226755502477,0.3437610104993305,0.12558238511253061,0.9364056309684096,0.5743759758705183,0.0,0.16489746696046392,0.22694109932791662,low,0
S0085,2025-03-27,13,mid,4,40.56141133670845,0,0,5,1,1,8.297853247046273,0.0,11.754227419802824,0.8475308763120459,0.23997996200626004,0.1379456016808851,0.2349318411517689,0.0,0.3666864710940382,0.6213576509587818,low,0
S0085,2025-03-28,13,mid,4,37.35258106494161,0,1,5,0,1,6.625671982070667,0.0,8.4485242329373,0.35980343656707137,0.2611211716120332,0.6168256401436991,-0.7849748243639512,0.0,0.8489588207382703,0.27903601432319525,low,0
S0085,2025-03-29,13,mid,4,46.79589804893201,0,1,2,0,0,4.459214075311583,0.0,11.917788346314692,0.6345095202169406,0.0006935176353924932,0.7853894989559184,0.4331679466486067,0.0,0.19950984806015537,0.244436229096069,low,0
S0085,2025-03-30,13,mid,7,42.121322755629635,0,1,4,1,1,3.889956118747313,0.0,10.113299408021703,0.5500225908328478,0.4949384258034696,0.8966320975810191,0.4451003842458199,0.0,0.47958326196144907,0.22810168087214877,low,0
S0085,2025-03-31,13,mid,4,55.06441597736175,0,0,3,1,0,3.961375242312542,0.0,10.96436497545671,0.9815018673499554,0.5782484109836844,0.7937369357698638,-0.9863767437253079,0.0,0.6738552748065901,0.9009516806686924,low,0
S0086,2025-01-01,1,mid,5,27.51189240293607,0,0,5,1,0,0.0,0.0,8.343470076333407,0.5696712839453086,0.8760247417168379,0.8344174554154721,-0.7515004074601936,0.0,0.011870921021406189,0.5128976803280394,low,0
S0086,2025-01-02,1,mid,5,47.801110834029544,0,0,3,0,1,6.919667802309176,0.0,3.4289307050009494,0.4780370908493973,0.5633791868240892,0.8825337482177901,-0.9413298340280687,0.0,0.7892444922416872,0.3758885130557693,low,0
S0086,2025-01-03,1,mid,6,27.53105045471387,0,1,3,1,0,6.081956430275773,0.0,4.736287031799749,0.4160059967568478,0.5223766902108703,0.778808736579035,0.6615675639634735,0.0,0.9623424409076812,0.9261787371066563,low,0
S0086,2025-01-04,1,mid,5,36.28513208486978,0,1,5,0,1,3.1016753765142546,0.0,7.7306157982585635,0.04552955725693575,0.853001917286196,0.8352105485511384,0.36149840107606557,0.0,0.7683716624755811,0.066557044999623,low,0
S0086,2025-01-05,1,mid,5,29.335627974859445,0,2,1,1,1,4.746360149524938,0.0,7.933455260835089,0.8286859215122743,0.6180894380123445,0.9828388821918037,0.4878586481524816,0.0,0.09514979432061144,0.3779904506826023,low,0
S0086,2025-01-06,1,mid,4,24.32745260167239,0,1,2,0,1,5.07118964354097,0.0,6.797535764133047,0.48816474319297076,0.40661746965952117,0.5317746215511282,-0.00013094130216528832,0.0,0.5846710283276739,0.9670393972870217,low,0
S0086,2025-01-07,1,mid,5,49.12311629004131,0,1,4,0,0,7.3083376115981675,0.0,10.415431587629302,0.7499204681310101,0.9063105017622314,0.6148279588705002,-0.3469672308788476,0.0,0.7602864504983079,0.28753106351686997,low,0
S0086,2025-01-08,2,mid,4,39.63758614361904,0,0,3,1,0,7.741094873872287,0.0,8.478413042416946,0.035669685291872866,0.33068031942624165,0.9210867672993766,-0.59376098502957,0.0,0.08349370450408355,0.9707124656287357,low,0
S0086,2025-01-09,2,mid,5,50.45102244352613,0,0,5,1,0,2.6810504353622835,0.0,12.014268685570258,0.01888799618115733,0.9691558913278954,0.36594014353303683,0.4370191600581259,0.0,0.471821937684315,0.25689867277796985,low,0
S0086,2025-01-10,2,mid,5,51.00893900779815,0,0,3,1,1,6.713085828268665,0.0,11.586300573230522,0.16249365603428667,0.06123121116392116,0.46277246518687876,-0.9551912592658764,0.0,0.20977503780142825,0.16564697772496695,low,0
S0086,2025-01-11,2,mid,5,51.87871370498392,0,0,5,1,1,1.6966848426885988,0.0,11.561694976714696,0.6386858800811525,0.9273602313406965,0.7807746286878576,-0.6688144279030754,0.0,0.3098846009429219,0.10860123648273845,low,0
S0086,2025-01-12,2,mid,4,51.46990456227533,0,1,3,0,1,5.138938313981108,0.0,13.731264338138107,0.24861021359563173,0.6809987420192807,0.30031934573138486,-0.8159607103980389,0.0,0.8268046226350647,0.7295326937779634,low,0
S0086,2025-01-13,2,mid,5,37.04901710291879,0,0,5,1,0,5.236218704708432,0.0,7.545829751998011,0.536629918939296,0.5076705367213288,0.13955276390827154,0.8575021596029826,0.0,0.9077429102731392,0.29808599491767984,low,0
S0086,2025-01-14,2,mid,3,30.774722770917073,0,0,2,1,0,4.522149189963512,0.0,13.262527433694306,0.704901045056123,0.810433409199363,0.8174659562538301,0.9469968027177158,0.0,0.8000151617214915,0.5547847808705975,low,0
S0086,2025-01-15,3,mid,4,54.49467881965748,0,0,3,0,1,4.8678538911524525,0.0,13.8520266882297,0.3054340599259766,0.12990749834047666,0.4113492224871478,-0.46020847401700005,0.0,0.43207081118760116,0.05296184809359494,low,0
S0086,2025-01-16,3,mid,5,50.26203458854519,0,0,4,1,1,8.854104834403758,0.0,8.65451980727377,0.32334957024751454,0.8815321149952544,0.21372387396966985,0.9212868821316023,0.0,0.9270189730606464,0.3456392146058126,low,0
S0086,2025-01-17,3,mid,4,66.305977522854,0,1,3,0,1,5.210302528521513,0.0,9.582758944445416,0.9018097054141332,0.006174297704176213,0.8068529166416584,0.13478620446950984,0.0,0.05040027628584154,0.44557373046443405,low,0
S0086,2025-01-18,3,mid,3,41.46204918854795,0,0,1,0,0,5.26103007241185,0.0,6.6570207071310445,0.1854013074685914,0.09558785083219701,0.9649918476551147,-0.8811802918189227,0.0,0.8822903257584267,0.9578598948162088,low,0
S0086,2025-01-19,3,mid,4,50.54828807524734,0,2,2,1,0,4.327089845550919,0.0,13.070631328432714,0.43095215324243785,0.9752284283026098,0.8700804146678275,0.33328071519969815,0.0,0.3092205301933493,0.36413215133371224,low,0
S0086,2025-01-20,3,mid,4,50.29802756985704,0,0,5,0,1,5.249992908685328,0.0,3.75633550340371,0.4965557934588567,0.5204686075817754,0.8521022520899175,0.4283930946239014,0.0,0.1780795069242871,0.5868428992548315,low,0
S0086,2025-01-21,3,mid,4,32.666777718750694,0,1,2,0,1,6.787231573330642,0.0,13.17222020663651,0.32342594256671864,0.8666918203797107,0.6618827165580137,-0.5635148350378121,0.0,0.6401370372415071,0.8277514804602257,low,0
S0086,2025-01-22,4,mid,4,38.44854854419836,0,1,1,0,0,8.563702868025347,0.0,9.386639374827734,0.5028278985865836,0.5822755623789563,0.45302290822771796,0.46294406672895927,0.0,0.8497435784918572,0.45398120334866343,low,0
S0086,2025-01-23,4,mid,5,44.82701501796111,0,1,5,1,0,4.453422392482899,0.0,10.212566123048202,0.4489415317972264,0.3242966723371865,0.4346036594385875,0.8060271917306236,0.0,0.50920519240722,0.5838611180938689,low,0
S0086,2025-01-24,4,mid,4,62.115083799942354,0,0,5,0,0,5.184220167580052,0.0,7.539666277115517,0.1396005436225337,0.9455703538085289,0.39099446876641897,-0.5361160163309082,0.0,0.7557276160564406,0.2055581574435098,low,0
S0086,2025-01-25,4,mid,5,47.73846231683723,0,0,2,0,0,1.2312314932142252,0.0,8.119776827142946,0.10014483359170989,0.20619504117125464,0.888300135300442,-0.27565070056122076,0.0,0.8579682518817198,0.8141225313322977,low,0
S0086,2025-01-26,4,mid,4,25.780198180200493,0,2,1,0,0,6.782457469726087,0.0,14.639183774690201,0.2559003115895493,0.5375508452244072,0.6601498243809356,-0.9676115815370208,0.0,0.9681000660675592,0.37593196288315633,low,0
S0086,2025-01-27,4,mid,5,34.95778851025935,0,1,5,1,1,5.080591141035281,0.0,7.637637615317244,0.6878133628984352,0.5946317950254235,0.6072540943685578,0.9229083510986449,0.0,0.3013264474631875,0.6202903230773485,low,0
S0086,2025-01-28,4,mid,3,53.01622730680492,0,0,1,0,0,6.317556973421677,0.0,7.55207169518332,0.2393068435840464,0.8039734080644773,0.7264744360535328,0.484534593853998,0.0,0.4230783997867481,0.5590331927139776,low,0
S0086,2025-01-29,5,mid,6,41.36820776379739,0,0,1,0,1,4.344388767740207,0.0,5.63378261096074,0.2910409739339166,0.4474093697918029,0.05042469836892882,-0.04960205330494771,0.0,0.4066612390462848,0.9375123822442698,low,0
S0086,2025-01-30,5,mid,4,36.27467740454203,0,0,5,1,0,9.176343707797711,0.0,12.552416490480152,0.16083645101215516,0.9608159216268899,0.5723516438385643,-0.16713981244638543,0.0,0.6637116228570971,0.1447321358160213,low,0
S0086,2025-01-31,5,mid,6,40.108850008346906,0,2,4,1,0,8.90646415887257,0.0,14.313523961571672,0.7482647050428956,0.41529573506022743,0.9850311210998264,-0.002086642972269237,0.0,0.12767861903815292,0.7476567087290639,low,0
S0086,2025-02-01,5,mid,7,47.817319148579244,0,1,4,0,1,3.880570543290281,0.0,6.895223074848378,0.03756257930558915,0.49594202896492834,0.4305402701250882,-0.768814510670057,0.0,0.5621313426005871,0.8924815524625211,low,0
S0086,2025-02-02,5,mid,4,45.158676957468295,0,2,4,1,1,5.7055890817072346,0.0,11.190006002350485,0.928899717919152,0.7566652955248067,0.5263578750170536,-0.9998950932675652,0.0,0.27934387352040957,0.6002433035251079,low,0
S0086,2025-02-03,5,mid,4,28.117475047300754,0,0,2,0,1,5.284156028044108,0.0,7.83757146104988,0.6215504175435758,0.5244605032565604,0.3532402172109813,0.8486023060498127,0.0,0.34344764367757497,0.31069521175930104,low,0
S0086,2025-02-04,5,mid,3,43.347488681298046,0,0,5,0,0,2.808636797815097,0.0,9.382971053865411,0.47570171513116,0.08561671084438294,0.6777108297520746,-0.10865844608936248,0.0,0.8724978800967994,0.2310330970811062,low,0
S0086,2025-02-05,6,mid,4,44.31302975897038,0,3,4,0,1,0.0,0.0,8.74172129547738,0.9453712251959598,0.5461648732447901,0.8876368682985295,-0.8225659767945879,0.0,0.5577711906967553,0.691924475510764,low,0
S0086,2025-02-06,6,mid,5,43.317568855971054,0,2,5,0,0,5.170304374645436,0.0,12.97280265071483,0.08910360546808005,0.10919030328456614,0.22358699283751216,0.7214529691676672,0.0,0.5797101258132316,0.37650947963470527,low,0
S0086,2025-02-07,6,mid,4,43.268895215505076,0,0,5,0,1,5.545782427750844,0.0,5.818296690761263,0.9922769640314124,0.13009901999814055,0.19757947239190055,0.18093317178716561,0.0,0.7893676349570521,0.7022925117665548,low,0
S0086,2025-02-08,6,mid,3,64.2325354281115,0,1,5,1,1,6.324266675183431,0.0,14.84303634344636,0.8553483772498733,0.16745704985212762,0.9321053746258686,0.8036844232065976,0.0,0.5375793551188955,0.36681384392528005,low,0
S0086,2025-02-09,6,mid,5,33.23063892881417,0,1,3,0,1,7.456065851281025,0.0,9.498221075235584,0.21742452017880343,0.8644997305790639,0.1394149563228796,-0.6917273031335449,0.0,0.9877239445195689,0.028782427780643105,low,0
S0086,2025-02-10,6,mid,4,47.276818155533284,0,3,4,0,0,5.290613071243559,0.0,13.129572083785169,0.23259175836689305,0.6064742702561915,0.5307342340743951,0.38445880090534024,0.0,0.25364284799613035,0.9898097713970664,low,0
S0086,2025-02-11,6,mid,3,60.687411033899636,0,1,3,1,1,4.701190626775771,0.0,12.550959605851798,0.21753000703110104,0.6057533600258098,0.5626129473501345,-0.8720029286180171,0.0,0.8505645208273428,0.03762609210584056,low,0
S0086,2025-02-12,7,mid,5,48.102948769791226,0,2,1,0,0,6.256010587715316,0.0,11.825924071356328,0.4861184985752012,0.7681495172406945,0.3892463572701659,0.3609544323583329,0.0,0.31264545249971143,0.125449945080092,low,0
S0086,2025-02-13,7,mid,5,44.72900227457931,0,0,4,0,0,5.321171231742564,0.0,7.330420622664975,0.8736931994348948,0.8737959914666029,0.06943354229464271,0.5887882671670355,0.0,0.8800086184888994,0.8072777319142462,low,0
S0086,2025-02-14,7,mid,6,37.08184892500747,0,1,4,0,0,4.856048811661751,0.0,11.458373981765165,0.3343564640255009,0.8491034493380617,0.6654442938349897,-0.27828805594632056,0.0,0.8949599754825651,0.2572013234849789,low,0
S0086,2025-02-15,7,mid,3,34.001577127227954,0,2,5,1,0,5.284955046420773,0.0,13.343187609478079,0.3088877076357539,0.8354945060704183,0.44739537862145273,0.16527978462275583,0.0,0.5756964995496773,0.05896783889035562,low,0
S0086,2025-02-16,7,mid,3,32.80861977998575,0,0,3,1,0,7.030313653349079,0.0,4.292920327314389,0.9830756521484848,0.3202541444767245,0.1912783745647073,0.2516759518816758,0.0,0.4756170165656506,0.260681461969004,low,0
S0086,2025-02-17,7,mid,5,52.32847146933874,0,3,1,1,0,5.308145953565614,0.0,7.785033519979024,0.31425154721701887,0.9978706604490617,0.5814299466301522,-0.1157087021879235,0.0,0.7619881985858279,0.9781315722754919,low,0
S0086,2025-02-18,7,mid,2,44.1946552230458,0,1,1,1,1,1.2750555990763126,0.0,11.04857338274291,0.17134306106639674,0.7326035723183004,0.0010465096642254812,-0.2674077444677285,0.0,0.31380616986803445,0.12197826962817315,low,0
S0086,2025-02-19,8,mid,4,47.272560457661534,0,2,1,0,0,5.247081021098916,0.0,11.975791988808803,0.9918189187934536,0.34797389454717986,0.6200512910968589,0.8903464715519125,0.0,0.6730031335066347,0.2518063987493254,low,0
S0086,2025-02-20,8,mid,5,57.469623470055495,0,1,2,0,0,5.95834583873952,0.0,8.628346975024407,0.4840776625317995,0.97925807387003,0.26195282959141153,-0.8047199234978197,0.0,0.1605738316820292,0.01916642206678254,low,0
S0086,2025-02-21,8,mid,3,34.273331735032194,0,1,2,0,0,2.6287953170811478,0.0,6.159910931871616,0.6670465603281008,0.9055564566419859,0.4463189841775491,0.123563335216611,0.0,0.22538927060072156,0.6701193789585128,low,0
S0086,2025-02-22,8,mid,5,41.610253142568816,0,0,2,0,1,4.727891934632603,0.0,4.3754054902684265,0.10574740558447904,0.11595497565659552,0.6372813924692523,0.6162452125655151,0.0,0.06048750627674726,0.2131886423097924,low,0
S0086,2025-02-23,8,mid,5,44.177398888336654,0,0,2,0,0,7.702087450319276,0.0,9.411286316300902,0.7397329462680642,0.295975107125069,0.36434239801338897,-0.879623711318197,0.0,0.5673065778364847,0.7589529093078081,low,0
S0086,2025-02-24,8,mid,5,43.87612860527029,0,0,2,0,1,0.3771960790458522,0.0,10.668080165840202,0.9239722274972434,0.724918343046753,0.694328693632173,0.15435919955673083,0.0,0.558108146441779,0.4314914066723847,low,0
S0086,2025-02-25,8,mid,5,44.05263758326315,0,1,5,1,0,3.9703449607615005,0.0,12.23509577138769,0.247830898076554,0.5768938244060775,0.9746263336141345,0.10365841227499084,0.0,0.1118196577215006,0.8651098874193924,low,0
S0086,2025-02-26,9,mid,4,52.894794615056945,0,1,2,0,0,6.112948525556353,0.0,8.318982090448687,0.3056747329837566,0.8490562294393765,0.3009288954123994,0.11811953181888057,0.0,0.5860697641568599,0.6536471471398297,low,0
S0086,2025-02-27,9,mid,4,51.27447170989989,0,0,4,0,1,2.8896127145770585,0.0,13.953541407028196,0.8388818990792505,0.44977862230863574,0.9029286278326673,-0.19902945396722882,0.0,0.8087281239073489,0.05568419248297185,low,0
S0086,2025-02-28,9,mid,4,49.234376037559024,0,2,2,1,1,4.658109918811324,0.0,10.494732070730292,0.7560730350232812,0.8183186355274058,0.548897480927423,0.14375045447956802,0.0,0.7834057797547518,0.2483535195028479,low,0
S0086,2025-03-01,9,mid,5,37.53348302093923,0,4,4,0,0,7.006203721022532,0.0,9.314765627067956,0.7347165546147953,0.7788962922860675,0.37578430149045583,0.6257816070989979,0.0,0.5609036467726286,0.16901615973673556,low,0
S0086,2025-03-02,9,mid,4,54.02712157826531,0,2,4,1,0,4.427261729334165,0.0,7.886638464463091,0.6311403966896998,0.42786817778490327,0.3976045239924345,-0.14406868098901948,0.0,0.12697276516872458,0.6992034662380872,low,0
S0086,2025-03-03,9,mid,4,31.29934982077755,0,5,1,0,0,5.891077670330534,0.0,15.220202274627232,0.8615309464955329,0.059978405061230755,0.7643761387819002,0.5246733925145874,0.0,0.23200123172981202,0.12054514149529261,low,0
S0086,2025-03-04,9,mid,3,56.629393087334094,0,0,2,0,1,3.8329423830123814,0.0,10.285856012275127,0.4357117872246028,0.41971922241574633,0.849393634231501,0.31353767360613394,0.0,0.26585178215537697,0.701254913763007,low,0
S0086,2025-03-05,10,mid,5,51.62007508431915,0,0,1,0,0,3.671279240980944,0.0,5.573291655183679,0.9082114885151694,0.8324663099892411,0.8070583640210148,0.9425191204617775,0.0,0.07441045099552002,0.06263648306304603,low,0
S0086,2025-03-06,10,mid,5,43.681337838007664,0,2,4,0,0,6.462218261103687,0.0,11.441578227188812,0.9567397333966003,0.059248178119741146,0.8568923204367889,-0.7783484871943964,0.0,0.8786562170915799,0.7731798900452065,low,0
S0086,2025-03-07,10,mid,6,43.528799683952236,0,1,3,1,0,3.1604855403321706,0.0,15.274053139125105,0.22067204280205843,0.16224679202211023,0.8742739122176812,-0.3036475677252499,0.0,0.8268440641375855,0.17311899508043516,low,0
S0086,2025-03-08,10,mid,2,30.323752760638147,0,0,5,1,1,3.6236074496733526,0.0,10.091720814940441,0.19389616945051413,0.5668121984657891,0.2327685350028348,-0.8981259294000494,0.0,0.8894847252701216,0.2324173353453951,low,0
S0086,2025-03-09,10,mid,4,59.33258707719929,0,1,3,1,0,7.355714111667908,0.0,8.190747089816778,0.5524294138095805,0.18309681556146984,0.35527997788368104,-0.8294457943321591,0.0,0.2714604413018499,0.20712783845055527,low,0
S0086,2025-03-10,10,mid,5,38.67973203756873,0,0,2,1,0,2.030497074189587,0.0,9.748246680407135,0.9535371528118898,0.6636390465574242,0.20187001577796315,-0.019145428679538723,0.0,0.155328753445783,0.9095115181803582,low,0
S0086,2025-03-11,10,mid,4,44.45949993170179,0,0,1,0,0,7.396941542380711,0.0,11.19263829973599,0.7222810085717243,0.5634288335857368,0.5136092407693823,-0.10698960876757946,0.0,0.552853345826097,0.20206643551482006,low,0
S0086,2025-03-12,11,mid,6,23.286763616891925,0,3,4,0,1,7.614703434810757,0.0,4.875029340005526,0.68094683445633,0.021738046238004682,0.9812080646854694,-0.9185013577278835,0.0,0.9801564839473285,0.2688840499498337,low,0
S0086,2025-03-13,11,mid,6,43.95171733395664,0,2,5,0,1,4.143865508256178,0.0,7.826047686347021,0.9673960922976362,0.4292802763858532,0.7135016806071903,-0.3783614581430479,0.0,0.7195308787291478,0.4768198953472138,low,0
S0086,2025-03-14,11,mid,4,58.23641097289095,0,1,1,0,1,5.09745004406127,0.0,7.073145219752946,0.6032763807118595,0.8986292265970663,0.7654694679926262,0.29934524544381014,0.0,0.8068693705760281,0.35157626479501247,low,0
S0086,2025-03-15,11,mid,4,45.663364409204036,0,1,2,1,0,5.888880324985884,0.0,10.972675979051813,0.7299176877808559,0.9948009318302582,0.7406850054558962,0.3065811672119565,0.0,0.31675126905447726,0.24693360836265932,low,0
S0086,2025-03-16,11,mid,4,35.393798373515125,0,0,4,1,1,7.320400942474384,0.0,14.807418559707719,0.5363247840173535,0.2923827405900268,0.6079204458736102,-0.04701802395081778,0.0,0.3992919345994057,0.641261849587072,low,0
S0086,2025-03-17,11,mid,5,37.53211490522123,0,1,4,0,0,5.681191832895359,0.0,9.01481262882742,0.9001231335125645,0.16054022181080108,0.5311436722290407,-0.661095207224939,0.0,0.030367827740178654,0.5002116747142803,low,0
S0086,2025-03-18,11,mid,4,68.8282672107517,0,1,3,1,1,6.822207460439356,0.0,10.805357184883004,0.8808894620470422,0.7421605533599398,0.3125132512502722,-0.8268917688443811,0.0,0.9867695580481699,0.5684874841765747,low,0
S0086,2025-03-19,12,mid,5,44.49849913437817,0,0,3,1,1,1.1090915517293185,0.0,9.106099803453358,0.7404860247371783,0.8504163027475211,0.04267261034607739,-0.5503210868085398,0.0,0.4298980598861758,0.20787575059853935,low,0
S0086,2025-03-20,12,mid,5,27.371421833703824,0,1,1,1,0,4.337503132100956,0.0,8.280032798561079,0.5463109284381158,0.1680810772396093,0.8784267253034114,-0.4789456197574615,0.0,0.914712957642288,0.286127033970456,low,0
S0086,2025-03-21,12,mid,5,38.832329234932956,0,0,5,1,0,4.240163498963773,0.0,12.296004625232873,0.2724191540348002,0.574205587233311,0.591171814345271,-0.10867789239266146,0.0,0.19060578842293807,0.1910915707435199,low,0
S0086,2025-03-22,12,mid,3,46.71169519973366,0,0,4,1,1,3.9706973692409937,0.0,9.355460906104463,0.03505452724328717,0.26006668352605056,0.5321111897241798,0.2700360346067652,0.0,0.5061569959691632,0.6985977270400059,low,0
S0086,2025-03-23,12,mid,5,62.926820062698354,0,2,2,1,0,6.552336664834677,0.0,8.753138078278987,0.6068824728327866,0.058574907759765815,0.19062318170426618,0.8709889258274106,0.0,0.41249689625564023,0.27281361391864467,low,0
S0086,2025-03-24,12,mid,5,31.288578787044734,0,1,4,1,1,2.1059337036788217,0.0,10.57894168352209,0.5307773233156401,0.07077917039806747,0.7652691991567515,-0.41020986742047794,0.0,0.5666782145587532,0.7965611193211565,low,0
S0086,2025-03-25,12,mid,5,44.802403758892304,0,1,4,1,1,5.122957847841552,0.0,9.347629358127445,0.25889646397486643,0.9406936664994698,0.23376650354237605,0.8653117618068855,0.0,0.018275364936000682,0.9783830103015385,low,0
S0086,2025-03-26,13,mid,5,37.85896525298434,0,1,5,1,0,3.350965262022684,0.0,10.900713978486092,0.8541666998613063,0.2672439095626613,0.1752956203818331,-0.5757357424687011,0.0,0.040433920518891386,0.7357739323074097,low,0
S0086,2025-03-27,13,mid,4,65.20711525733353,0,1,3,0,0,4.337312449045469,0.0,9.868179315723324,0.9231719752006843,0.7691666622105517,0.8976210827492751,0.20625539490038247,0.0,0.33236714339859785,0.4395939610526016,low,0
S0086,2025-03-28,13,mid,4,49.999949837319846,0,0,4,1,0,3.3195177673893417,0.0,13.058236089748725,0.9318704037905167,0.08046762869263657,0.6676598640794601,-0.5960216562318787,0.0,0.9905170133025617,0.5196435955024025,low,0
S0086,2025-03-29,13,mid,6,69.16995188159461,0,3,3,1,0,7.295899729962941,0.0,5.784611031411929,0.27541409235843195,0.9218434998294183,0.4387887784761417,0.2275972993805544,0.0,0.3509889513968153,0.20884891334839595,low,0
S0086,2025-03-30,13,mid,5,51.03864894964583,0,1,1,0,1,2.61237437114636,0.0,9.169851447998713,0.7390173258682937,0.9389247374724784,0.5770543012815129,0.8241105266699242,0.0,0.8110093910394968,0.9501543469291263,low,0
S0086,2025-03-31,13,mid,6,30.53483662300117,0,0,2,1,1,4.074182625454026,0.0,9.429719064773272,0.9733508333560591,0.031186896436006806,0.36420977944159694,0.1194922194029393,0.0,0.7819337202450568,0.21654917612114977,low,0
S0087,2025-01-01,1,mid,3,47.89736922961426,0,0,1,1,1,6.363197827845445,0.0,15.949578604682987,0.060366434698292504,0.13165102881684043,0.28709672751088056,-0.7959177262044732,0.0,0.36987095565667427,0.6702941418868206,low,0
S0087,2025-01-02,1,mid,3,58.694893374149295,0,2,3,0,0,5.317170373937139,0.0,13.11538956935982,0.7705378053214783,0.6512772115171497,0.07016933821804572,-0.5025039985356383,0.0,0.42273682478279107,0.11167626962408883,low,0
S0087,2025-01-03,1,mid,3,43.960884709654835,0,1,5,1,0,3.3208881175160623,0.0,7.011833475353262,0.5867347702217447,0.8005063995347955,0.08511258978389213,-0.3581343324799007,0.0,0.32501879271429635,0.8687233433016106,low,0
S0087,2025-01-04,1,mid,4,57.66684283794497,0,0,3,0,1,3.827116360809122,0.0,5.214398547760734,0.9384024862574675,0.9701779749031725,0.43347862246079316,-0.4623623871535487,0.0,0.1370908713350465,0.155548161556206,low,0
S0087,2025-01-05,1,mid,5,46.09028141425319,0,0,5,0,1,6.771530391242971,0.0,5.710280457152468,0.7410067835984258,0.8147442788814337,0.5222053423748816,0.8446911485807687,0.0,0.7892523691420953,0.7864379274419441,low,0
S0087,2025-01-06,1,mid,3,55.352794600925364,0,0,3,0,0,2.8556936577487932,0.0,8.704723800805617,0.6574015899847798,0.12029179511753418,0.7033063377468929,0.196244760551735,0.0,0.8105990859608012,0.5985254398170263,low,0
S0087,2025-01-07,1,mid,4,31.33207043921569,0,2,4,0,0,6.257418558051972,0.0,13.92387105116574,0.3839370973430326,0.5331465562204167,0.6773749208008798,-0.6335167120303486,0.0,0.6771387706617188,0.6284904877949933,low,0
S0087,2025-01-08,2,mid,2,56.406127387261165,0,0,5,0,1,8.358959828637623,0.0,14.224662028358143,0.21087287310812175,0.9265125484974224,0.13988989246352201,-0.9936000830226046,0.0,0.26360253644634735,0.5066480171270847,low,0
S0087,2025-01-09,2,mid,4,39.01291847732337,0,0,1,1,0,5.30995732832429,0.0,13.426882718453408,0.5533996976543233,0.9747860038851728,0.11712552937165588,0.16171317334330015,0.0,0.06807200731122398,0.9902053269600983,low,0
S0087,2025-01-10,2,mid,3,47.19233150902752,0,0,5,1,0,5.615040364149887,0.0,6.124864325501511,0.7428417279018117,0.2403611034773151,0.04333876663721603,-0.5227792956998663,0.0,0.0069016293381393146,0.45822947310041584,low,0
S0087,2025-01-11,2,mid,3,51.597654609168906,0,2,4,1,0,4.56655483208404,0.0,12.685493033811705,0.23318974753421373,0.07497483610030053,0.8577573343077812,-0.6692056329494607,0.0,0.3170040731666035,0.8118838583688383,low,0
S0087,2025-01-12,2,mid,3,59.33743308021366,0,1,4,0,0,5.313882933438856,0.0,11.691883599896014,0.07148512029675747,0.6134949926327081,0.4218165843512389,-0.2096160245457701,0.0,0.027995623687578353,0.874046410107628,low,0
S0087,2025-01-13,2,mid,3,53.53594651051219,0,1,4,0,0,7.374463678244795,0.0,10.88632253383405,0.23220764894556334,0.03224764809466607,0.21118312690977437,0.9766804478933462,0.0,0.5613260056193751,0.8418860817152574,low,0
S0087,2025-01-14,2,mid,3,49.65737115494161,0,0,1,1,0,3.7079543849856296,0.0,10.760357389496535,0.3574056979998739,0.027959712437939155,0.605525943688886,0.7089482923747887,0.0,0.9021939345421474,0.6447494227898941,low,0
S0087,2025-01-15,3,mid,4,52.029898733114436,0,0,1,1,1,10.626707460586033,0.0,8.700701453680779,0.9069755985715678,0.559164197523222,0.2535770161771882,-0.10478200145334182,0.0,0.4848188102194516,0.6817238569761832,low,0
S0087,2025-01-16,3,mid,5,40.62527107236509,0,1,2,0,1,5.441651238270957,0.0,10.44811006671954,0.1509911740779476,0.5571108020221162,0.05705743634025884,0.6195440044729887,0.0,0.7278763444430285,0.4690191907928165,low,0
S0087,2025-01-17,3,mid,3,39.3500164826595,0,2,1,1,1,6.515851004707884,0.0,9.466679864576152,0.39958378019396457,0.7790845147242141,0.69931205976912,-0.6755767395943928,0.0,0.46802277126325187,0.1216414407496188,low,0
S0087,2025-01-18,3,mid,2,38.14378943230038,0,3,2,1,1,7.784621404286121,0.0,7.721213706951051,0.4153465739196326,0.1583785898440826,0.19398933456278578,0.43580391958251674,0.0,0.934000313379307,0.268018131333139,low,0
S0087,2025-01-19,3,mid,4,21.833733883602996,0,0,2,0,1,6.889001107071701,0.0,12.607226554301134,0.566113835308765,0.8493225731357181,0.4657501020505799,-0.8682293320507608,0.0,0.7494802725279791,0.7382249350194534,low,0
S0087,2025-01-20,3,mid,3,39.22076811321293,0,0,2,1,1,5.794037061687202,0.0,4.906711934559233,0.1664676444585006,0.35632021842194384,0.6531382059236442,0.863118640986565,0.0,0.22498639719485414,0.25407963954858526,low,0
S0087,2025-01-21,3,mid,3,48.6039788373244,0,0,5,1,0,3.5630642594944995,0.0,13.168426150450337,0.12098209763339463,0.45981439546406533,0.5503992982914903,0.06329599643351025,0.0,0.9403910258188835,0.6944066283512397,low,0
S0087,2025-01-22,4,mid,5,42.0248819564582,0,0,5,1,0,3.3597452039970204,0.0,8.4519111144753,0.6667746135262452,0.25549705654439825,0.4622859455300574,0.5707866400606414,0.0,0.8508420030792199,0.6047325313022538,low,0
S0087,2025-01-23,4,mid,3,44.201367460649415,0,2,2,0,1,4.534094442781147,0.0,5.503391174302424,0.2658179395817025,0.7947281554195874,0.4812291532975653,0.07072361121606718,0.0,0.5608033377847597,0.7261777145284339,low,0
S0087,2025-01-24,4,mid,5,56.31997026243105,0,0,1,1,1,5.746756571122686,0.0,12.255571274738816,0.1846221857185506,0.8805376195926123,0.6060717834017455,-0.0966732707767215,0.0,0.500520923501933,0.9639155025348078,low,0
S0087,2025-01-25,4,mid,3,47.07405931028367,0,2,1,0,1,5.550668097268757,0.0,7.037734906610088,0.47213474393012866,0.6782064188498593,0.9748689257846688,-0.2572244519864477,0.0,0.24632026723050215,0.858252161338586,low,0
S0087,2025-01-26,4,mid,4,40.73336394345655,0,0,1,0,0,3.481532943417247,0.0,5.4274899965907055,0.01793910779562924,0.5201432580569189,0.014170198700173331,0.7117551730843528,0.0,0.6752116603254968,0.4384667963819351,low,0
S0087,2025-01-27,4,mid,3,66.89738889814298,0,0,4,0,0,6.57400259404202,0.0,11.975971821869802,0.5216953922117903,0.9049826444274229,0.12732196060279943,0.08403733004767022,0.0,0.8215177404727919,0.5699318615504494,low,0
S0087,2025-01-28,4,mid,3,49.06638585372746,0,0,3,1,0,0.9081811046134183,0.0,12.51626696035906,0.7227081711364527,0.9302376140936464,0.5699191177554093,-0.6592960530080365,0.0,0.521300140009541,0.7506804000996019,low,0
S0087,2025-01-29,5,mid,3,31.294662400530427,0,1,2,0,0,5.6977178502719505,0.0,9.886872589049789,0.6667253877606372,0.8626789093655471,0.4812997512706838,-0.967225646610379,0.0,0.7147250317796677,0.9674617311137312,low,0
S0087,2025-01-30,5,mid,4,32.24697680649472,0,1,5,1,0,7.508207544519587,0.0,7.493845296171713,0.8610266264362071,0.6374120322058688,0.8511869161052649,0.04405315706246338,0.0,0.5993932957977519,0.10066965875423717,low,0
S0087,2025-01-31,5,mid,3,59.76844097699372,0,1,1,0,0,8.931465043905279,0.0,14.669560816786149,0.45338883012278874,0.7907466087753315,0.5814084744482404,-0.5417161587516479,0.0,0.34467641114127767,0.954243560642564,low,0
S0087,2025-02-01,5,mid,3,29.13191825539741,0,0,3,0,1,1.5911842271993923,0.0,7.787722819770581,0.04608247640055152,0.26764933932998214,0.52485164336586,-0.8278255960140855,0.0,0.62510362689165,0.691283147893566,low,0
S0087,2025-02-02,5,mid,4,42.80254875122019,0,0,2,0,0,2.68803566841133,0.0,6.192319117135922,0.6908292842108361,0.29032608812463234,0.01540725667338827,-0.29743700140293927,0.0,0.9320700748393783,0.6583838308608602,low,0
S0087,2025-02-03,5,mid,1,52.67645408615836,0,1,2,0,0,3.222949996006758,0.0,12.84396118901391,0.10240767006074858,0.5743110501740875,0.6770122128123268,0.01495329304415871,0.0,0.6673588379855346,0.7518675053939504,low,0
S0087,2025-02-04,5,mid,4,15.450479517176223,0,2,3,0,0,3.182235749900988,0.0,11.755367504719198,0.9986604118729445,0.5474003960780662,0.17841112361728084,-0.8341565800569752,0.0,0.7536425389264617,0.23064122317424718,low,0
S0087,2025-02-05,6,mid,4,54.64700445291435,0,1,1,0,1,6.162899614493512,0.0,8.070753264048712,0.5177000822940545,0.37329934247741725,0.36271212567100275,-0.26868413674218283,0.0,0.7748847471223118,0.9607123579665887,low,0
S0087,2025-02-06,6,mid,2,51.48415020309469,0,0,1,1,0,4.572114369487199,0.0,12.790899946491454,0.15070550198825416,0.4447926384205356,0.7935764456507369,0.5572717268237122,0.0,0.3965978668189519,0.4811081591488754,low,0
S0087,2025-02-07,6,mid,4,67.99509450725314,0,0,3,1,0,5.854518057697039,0.0,14.265601029733254,0.8357555918527337,0.05156917349222656,0.36523405646940765,0.3185619476151451,0.0,0.28777012931150914,0.9089241238572325,low,0
S0087,2025-02-08,6,mid,3,57.89273855484919,0,0,5,0,1,5.276382574812891,0.0,13.186238793733208,0.8620466599848231,0.2555842986542306,0.6848384840647187,-0.17399482727929994,0.0,0.1057204857411772,0.38193250272368695,low,0
S0087,2025-02-09,6,mid,2,33.54061899648317,0,1,4,0,1,3.1425586571374553,0.0,11.332064674424972,0.03352195797050528,0.11897542458137556,0.14528872562292505,0.2749832474256151,0.0,0.9709599788111849,0.4952835742146442,low,0
S0087,2025-02-10,6,mid,3,46.49542243971534,0,0,5,0,0,4.16208884377232,0.0,11.407764644040292,0.12621630212488189,0.8490136894369619,0.6218820594622313,0.9020969534004655,0.0,0.6269777932363808,0.6762452951819077,low,0
S0087,2025-02-11,6,mid,5,37.562507287374075,0,1,4,0,1,5.663661297832666,0.0,4.8385430171614745,0.1924384873803049,0.41930820387760626,0.8624391519820462,0.3812783449857722,0.0,0.48733470562072645,0.49148485853486557,low,0
S0087,2025-02-12,7,mid,5,33.27812396186354,0,0,5,0,1,5.849424406141218,0.0,11.77577677823463,0.5005434291366813,0.31862145669899977,0.35351210588666704,0.30180465828008485,0.0,0.09706088903513654,0.2429350129800495,low,0
S0087,2025-02-13,7,mid,2,55.05269124150089,0,2,1,0,0,1.2802522665623193,0.0,13.50668432901962,0.2360588973890465,0.3201181267774268,0.958950961776622,-0.35686494729609364,0.0,0.36183422963741174,0.4513161431581748,low,0
S0087,2025-02-14,7,mid,3,33.95233400754366,0,1,1,1,1,0.5744903568644606,0.0,14.939554564272463,0.5121434289546288,0.7021764514113042,0.4714045723109068,-0.8740402950102395,0.0,0.04507923507199918,0.4767238589186814,low,0
S0087,2025-02-15,7,mid,5,42.428801231877515,0,0,2,1,0,1.1177847930729414,0.0,10.136080257993498,0.8568076062603158,0.5437784064544445,0.9207065677767766,0.45061252507513316,0.0,0.4522173997495006,0.74309715978208,low,0
S0087,2025-02-16,7,mid,4,49.73294616595859,0,0,3,0,0,4.943881717048064,0.0,11.421632147977666,0.7089562428479907,0.17917495991484933,0.6204423614977324,0.4677751672216117,0.0,0.42333896973110485,0.63634323124667,low,0
S0087,2025-02-17,7,mid,3,29.748097614995018,0,1,3,1,0,4.74725865797766,0.0,4.059361225351922,0.8918286379682085,0.17301783462330067,0.7730214017971683,0.013384213911316278,0.0,0.04661366110405629,0.17948843633102096,low,0
S0087,2025-02-18,7,mid,2,44.749075383861765,0,0,3,1,1,6.714662314147391,0.0,7.908182650973233,0.4102588041906069,0.3196636898054479,0.9440695166399703,0.27034093155132144,0.0,0.7095995165040068,0.8671705662540317,low,0
S0087,2025-02-19,8,mid,4,26.575239225395833,0,1,3,0,0,6.094789181160368,0.0,7.831655370749779,0.8621330808622569,0.08749014310496761,0.6542209761694356,-0.2619806386359844,0.0,0.5876592725859712,0.8487964562305048,low,0
S0087,2025-02-20,8,mid,2,42.00688802985552,0,0,3,0,0,3.52787287561452,0.0,15.293733808146285,0.6206517811840889,0.5650309056647699,0.1570429488766426,-0.1211672712924512,0.0,0.5301633954458974,0.43839773916462255,low,0
S0087,2025-02-21,8,mid,4,44.887979042405505,0,1,5,0,0,4.39381130151499,0.0,8.349908194198743,0.044932719944808186,0.14802176044303283,0.49506720272161,-0.5300278044642774,0.0,0.4794837976946227,0.7894021909873418,low,0
S0087,2025-02-22,8,mid,5,37.13391414629692,0,2,1,1,0,7.644511691428628,0.0,8.560504276366894,0.4476489173325867,0.924836388618342,0.8840364840220548,0.6423722940124212,0.0,0.793242120062928,0.6579231415757815,low,0
S0087,2025-02-23,8,mid,4,35.07553606376195,0,2,2,1,0,6.658042847162099,0.0,8.717402988257904,0.8753143855094512,0.2014911348657894,0.5196096740704582,0.33028643553283077,0.0,0.412338260612353,0.9492187515188277,low,0
S0087,2025-02-24,8,mid,1,60.99130476741476,0,2,1,0,0,1.0171642432461745,0.0,5.757241579465036,0.5866380401141434,0.8552419589965713,0.6633299435662114,-0.5721642566777774,0.0,0.7449904962844331,0.14000279291381845,low,0
S0087,2025-02-25,8,mid,4,51.70728409739768,0,2,4,0,1,8.676649733272997,0.0,8.507566324434674,0.16654835002978918,0.5343278029678299,0.05362103122036621,-0.17820104143601445,0.0,0.6281094237848853,0.627486136005119,low,0
S0087,2025-02-26,9,mid,3,42.69982234356105,0,1,1,0,1,4.399932364860647,0.0,16.96543041392676,0.36721104685343753,0.8791649349765597,0.3028916301516211,-0.056039092888938935,0.0,0.13631517954121386,0.38005121875571957,low,0
S0087,2025-02-27,9,mid,3,39.617641400366196,0,1,2,0,1,4.192631946142796,0.0,8.35857070225778,0.5241214021191882,0.9609594085591042,0.5450559795757783,0.7186048878394824,0.0,0.1996044440377991,0.8930882354733365,low,0
S0087,2025-02-28,9,mid,4,45.481290925434116,0,2,5,1,0,4.3592008134682825,0.0,5.040482531227476,0.8672791049484841,0.08978529428350146,0.9241777924260314,0.7160419789183474,0.0,0.27986534868146606,0.3393582119177071,low,0
S0087,2025-03-01,9,mid,3,36.40032444106089,0,1,4,0,1,5.269236660782007,0.0,8.21511103653013,0.30680940262887146,0.33986442282761054,0.20666917488268044,-0.7765501797709387,0.0,0.2561858799689193,0.8768437762240147,low,0
S0087,2025-03-02,9,mid,5,32.05679321929606,0,1,5,0,1,3.783502460225027,0.0,6.4531835635982455,0.17755382847049384,0.6748187270694551,0.6574353992141074,0.42404818769033814,0.0,0.1095936069812612,0.3670350375568646,low,0
S0087,2025-03-03,9,mid,4,50.734014242693334,0,2,4,1,1,3.3612179224184473,0.0,12.816197015028163,0.5652448050317668,0.8027057034703746,0.2802787985738847,-0.8477194111329927,0.0,0.32982911532967574,0.882568909457556,low,0
S0087,2025-03-04,9,mid,6,37.101303641954026,0,0,5,0,0,3.7749328591201783,0.0,10.997972367287359,0.8204534087869418,0.5318285316716069,0.2499212378954775,-0.6889840919046899,0.0,0.17145085482002198,0.41799657311790384,low,0
S0087,2025-03-05,10,mid,3,53.97954812638783,0,1,2,1,0,3.8358634706638033,0.0,6.778037829918915,0.15351926736262977,0.21119612501192808,0.47320150435612673,0.29429721149889,0.0,0.14340634202302116,0.5290179128297047,low,0
S0087,2025-03-06,10,mid,3,44.771481781467386,0,2,4,0,1,6.027732009952499,0.0,16.203305503092665,0.39698784300968415,0.1320898583513863,0.01808929178075347,-0.13083691860878743,0.0,0.5513639086762092,0.9895999557699945,low,0
S0087,2025-03-07,10,mid,5,47.31186428928442,0,2,3,0,0,9.732385544217594,0.0,11.28153998440895,0.011726869583177812,0.8953945813298532,0.36921537206146204,-0.616328515105236,0.0,0.03210484450609641,0.9927046531824976,low,0
S0087,2025-03-08,10,mid,3,60.796701704470834,0,2,1,1,0,3.8779300353978647,0.0,5.869463819151245,0.8799136282668392,0.5055065894160602,0.8586984944501912,0.09274518626643635,0.0,0.6106764380335223,0.5818740266463003,low,0
S0087,2025-03-09,10,mid,4,60.3032027982118,0,0,2,1,0,5.314303402258786,0.0,6.474825847383759,0.028220800005590463,0.3934138085472121,0.6171579223771051,0.45148773277511656,0.0,0.5167430743697866,0.06170737897476186,low,0
S0087,2025-03-10,10,mid,3,58.73149738437742,0,0,3,0,0,3.2563814357141485,0.0,15.771690845112733,0.04272310153434733,0.4744612771712263,0.3444874841348332,-0.824697561487507,0.0,0.7496925728903727,0.5491724114013348,low,0
S0087,2025-03-11,10,mid,4,52.81780886886072,0,2,5,1,1,8.14755590678288,0.0,13.086434127429289,0.15385327817261096,0.2718576004476132,0.3025866526074579,-0.6992025563671078,0.0,0.5660105498143398,0.07661210415485675,low,0
S0087,2025-03-12,11,mid,4,37.088342911381744,0,0,2,0,1,4.961673208815148,0.0,6.508920554406828,0.1137772889430928,0.9603133291293807,0.23153130701791869,-0.11990520258587556,0.0,0.42235093372803,0.599418147765629,low,0
S0087,2025-03-13,11,mid,3,24.535605998307645,0,1,5,0,1,5.245028574509824,0.0,15.510612935874093,0.967206062495787,0.21155268460361631,0.8866436751649552,0.9997251221859758,0.0,0.0012598353857409261,0.28852902228215593,low,0
S0087,2025-03-14,11,mid,3,40.807424043262564,0,1,2,1,0,2.9724886437333864,0.0,6.1511421871592376,0.5252020594584371,0.7797435080718863,0.550513599521414,-0.5081211110429726,0.0,0.6556750266305993,0.8322801334418322,low,0
S0087,2025-03-15,11,mid,5,50.63218935334284,0,2,4,0,0,6.7060358482236415,0.0,11.526733742790046,0.32647682848379445,0.8927917979558985,0.07662360128680024,0.27119732642573524,0.0,0.30628289772393,0.7474401952295141,low,0
S0087,2025-03-16,11,mid,3,57.7224507291002,0,2,1,0,0,3.372264546866762,0.0,6.5842173072670676,0.20644124360402183,0.7757643260825752,0.4354404824374024,0.9237773992210849,0.0,0.8097295020116317,0.5664706814693683,low,0
S0087,2025-03-17,11,mid,4,49.381544268270204,0,1,4,1,1,4.951649379121795,0.0,6.104253892558443,0.8572632172156232,0.08768578767242063,0.05989936881206337,0.5299531155609565,0.0,0.8395933771614169,0.45690928156932087,low,0
S0087,2025-03-18,11,mid,3,48.51069980592277,0,1,3,0,1,4.222661089279944,0.0,5.723955568360811,0.215596898948195,0.1691496661531091,0.8769296795553455,-0.6952399772834474,0.0,0.6967440686811883,0.351464913923089,low,0
S0087,2025-03-19,12,mid,4,44.08762925226887,0,1,1,1,0,4.541832039258448,0.0,6.245377502644944,0.25425646019805315,0.12325404664103357,0.0133234559186165,-0.39466993614919654,0.0,0.9386867118851943,0.8881771183935174,low,0
S0087,2025-03-20,12,mid,2,39.65038474427068,0,0,5,1,1,2.711577769513663,0.0,13.127453954944551,0.34198775192715425,0.4992739865310625,0.44595821776137723,-0.9027061794582021,0.0,0.4300397738602948,0.4891027062781663,low,0
S0087,2025-03-21,12,mid,5,46.65425521499909,0,0,4,0,1,8.370072642646019,0.0,4.649782011000483,0.8934111955733852,0.46511787590394804,0.9961511470887278,0.8966245214465622,0.0,0.7057403637959334,0.7045213504885799,low,0
S0087,2025-03-22,12,mid,4,49.23709445393621,0,3,4,0,1,8.796367483050103,0.0,2.7626181423033245,0.2512219747265243,0.953859494243366,0.809926021227459,-0.05950479614429094,0.0,0.16631972584429067,0.8912662393675517,low,0
S0087,2025-03-23,12,mid,4,36.256323414848,0,2,1,1,1,5.304239549965806,0.0,11.263777304770183,0.07495779599419583,0.6048333137572389,0.5303662017727243,0.25863362847409466,0.0,0.49449282562425967,0.7976649448629104,low,0
S0087,2025-03-24,12,mid,4,57.08505727198549,0,0,1,0,0,6.5830878233295635,0.0,11.555396373515459,0.2236820233602248,0.7757649508904757,0.9120953515457809,0.11506648376590589,0.0,0.4272926978161121,0.5514985683435735,low,0
S0087,2025-03-25,12,mid,4,57.178549321574636,0,1,4,0,0,9.418381771912687,0.0,10.55240040105067,0.17925224202078982,0.6791654969557317,0.523549316682175,0.3404962564384957,0.0,0.5272283907009102,0.42790101647057843,low,0
S0087,2025-03-26,13,mid,3,39.95886559769329,0,0,1,0,0,6.715905847750978,0.0,12.354473390914162,0.9033624818265967,0.008707052291846096,0.7393136917626192,0.4886873496869055,0.0,0.48783149836471407,0.30374044658169164,low,0
S0087,2025-03-27,13,mid,2,44.809450099168664,0,3,4,1,0,3.454472193185109,0.0,8.197918591013522,0.7553002208768989,0.49708459927142057,0.28847598280609466,-0.31591060202197085,0.0,0.7625389387251182,0.37460281099768633,low,0
S0087,2025-03-28,13,mid,4,20.531724605025403,0,0,4,1,1,5.2153967236129235,0.0,12.995867595135234,0.9415435398080504,0.4024338022766131,0.983396067599138,0.2195963683269304,0.0,0.1234126113063716,0.5627173881257814,low,0
S0087,2025-03-29,13,mid,3,38.67899564424313,0,1,2,1,0,7.084401562105734,0.0,12.96539437477687,0.8659965143670195,0.812254984279959,0.6921456262096033,-0.5907085395023064,0.0,0.8339330824051936,0.10968855826696988,low,0
S0087,2025-03-30,13,mid,3,33.45045958812061,0,2,2,0,0,3.939511688192238,0.0,9.904498978867615,0.45488222632837594,0.27305232910043986,0.7262109250822066,-0.9847015651776616,0.0,0.13695831413759596,0.35385787162947946,low,0
S0087,2025-03-31,13,mid,3,20.110787021006942,0,0,5,0,0,5.0939902683486835,0.0,12.268209195516329,0.4303008947441761,0.047845192238954004,0.14973334264520066,0.5142751136195127,0.0,0.958536276536574,0.383536483144861,low,0
S0088,2025-01-01,1,mid,3,43.70482638241515,0,1,2,0,1,5.115503838323688,0.0,7.55041511141719,0.22852984634591644,0.7541164787006387,0.8843749688534603,-0.2747347773477047,0.0,0.6957176072455498,0.7249662559947103,low,0
S0088,2025-01-02,1,mid,1,43.123832246339695,0,1,4,1,0,5.371839007226494,0.0,8.47075983049892,0.12574567137490045,0.02304176313713102,0.0266215236548506,0.4222020131846891,0.0,0.24392269463900573,0.5302850151745204,low,0
S0088,2025-01-03,1,mid,3,52.870492635015665,0,0,2,1,1,1.2209172973609421,0.0,5.912937470191925,0.4626145284352605,0.26454504999837825,0.5753216325668877,0.4782886757806373,0.0,0.13481964613884467,0.5467243970125844,low,0
S0088,2025-01-04,1,mid,3,42.085398119762274,0,2,3,0,1,5.364609162146288,0.0,7.309535784998757,0.6182821217936464,0.5921200376966756,0.5351628174076069,-0.8608337401093082,0.0,0.19619139324651502,0.9323384207205176,low,0
S0088,2025-01-05,1,mid,3,59.824736675196036,0,1,2,0,0,5.755831038783587,0.0,8.098595943266105,0.6474739705682157,0.6661316880042103,0.12944502273621472,-0.020859916494408104,0.0,0.6535229182155463,0.4658362062127277,low,0
S0088,2025-01-06,1,mid,4,64.98597055168821,0,1,2,0,0,4.024627687555955,0.0,10.462704746114055,0.7542464533486641,0.21643280333256176,0.6845443146688149,0.3647087445335837,0.0,0.09070882934048086,0.5325115656056466,low,0
S0088,2025-01-07,1,mid,3,52.204244735764796,0,1,4,0,1,6.449182299081451,0.0,8.07913486996905,0.3774024165795564,0.4916332971885039,0.38480421915423535,0.8156877547022234,0.0,0.42452156267814667,0.37206082020197206,low,0
S0088,2025-01-08,2,mid,2,30.586999891239692,0,1,1,1,0,5.668599984307981,0.0,6.891703213164068,0.6288468894711645,0.4655605681313918,0.7401957041965174,-0.33078335549637883,0.0,0.2739270079099717,0.18780791772076322,low,0
S0088,2025-01-09,2,mid,4,49.37577932466517,0,0,1,0,0,4.341933269008378,0.0,10.376222301972147,0.45989884819895843,0.47867987578361004,0.9821650890248982,-0.6384386025025164,0.0,0.5395647301330186,0.6937600250396536,low,0
S0088,2025-01-10,2,mid,3,59.742837550557596,0,1,2,1,0,2.6041649926734376,0.0,8.730231333736691,0.48929627826704325,0.7714380963679465,0.25954285554662293,-0.6617334014413383,0.0,0.7153648466384761,0.5206656679729585,low,0
S0088,2025-01-11,2,mid,1,59.28444566659073,0,1,4,1,0,3.6129309475521394,0.0,6.74252064155284,0.9030748218132648,0.2544169805820965,0.41849446465007056,0.23356326360380608,0.0,0.7734932564732558,0.6634583019339825,low,0
S0088,2025-01-12,2,mid,4,53.48828729811075,0,1,1,1,1,7.703213958034025,0.0,5.66507529633751,0.7015005660765807,0.9029029104666767,0.736946927492795,-0.1496227225059612,0.0,0.7681442521404411,0.4491969740159426,low,0
S0088,2025-01-13,2,mid,3,40.99569973853425,0,0,1,0,0,5.291400437240004,0.0,11.485408745623758,0.27796510374718275,0.3094321164690045,0.7659742917158974,-0.7770108559057045,0.0,0.37266190407472743,0.19037248018193687,low,0
S0088,2025-01-14,2,mid,2,52.10064318882841,0,1,4,1,1,5.0875277500673795,0.0,10.079066930779282,0.39874811629678963,0.8442946756382046,0.9333431397381486,0.5818844628229514,0.0,0.7312641595035635,0.35630426974938145,low,0
S0088,2025-01-15,3,mid,3,42.07994690082813,0,0,3,0,0,3.8962417301646806,0.0,12.31865591931254,0.5256981798990682,0.7850495993822647,0.05500540632612916,0.5466441660117947,0.0,0.5583623461106737,0.105515660487557,low,0
S0088,2025-01-16,3,mid,2,47.14634903701777,0,0,4,1,1,3.4690009599287883,0.0,8.292905080033774,0.7402544474811245,0.40858067999265113,0.2033483558198972,0.18881412693883148,0.0,0.39429014992704325,0.6197127144127996,low,0
S0088,2025-01-17,3,mid,1,31.943776431847553,0,3,3,1,0,5.309160621700951,0.0,13.625389331852688,0.22863345473045626,0.7805335766898673,0.6454707515373758,0.30679243885547525,0.0,0.31080862368076556,0.4027241149829024,low,0
S0088,2025-01-18,3,mid,0,51.12618871682698,0,0,2,1,0,7.240028476556779,0.0,9.824375619701545,0.7995766424280684,0.4878072924078509,0.6620812936291861,-0.8691801859286554,0.0,0.642859014599898,0.2438058172236124,low,0
S0088,2025-01-19,3,mid,3,49.74913659100962,0,3,5,1,0,6.064934982256188,0.0,9.957846152010415,0.304789198895944,0.05915527775784424,0.12007220155691989,-0.29479290885840914,0.0,0.7784962240708206,0.607212303895203,low,0
S0088,2025-01-20,3,mid,3,34.557478437577345,0,1,1,0,1,6.349930904185688,0.0,11.862668761543992,0.7237580392931322,0.3755116470220964,0.4698333097136934,0.10932095225263772,0.0,0.1281769735198388,0.3701109325352757,low,0
S0088,2025-01-21,3,mid,2,37.30932674268627,0,1,4,1,0,5.1123798423244065,0.0,10.75978778127635,0.30916040732255656,0.12970912088006292,0.09890906601835037,0.27578908072842445,0.0,0.34932473591453783,0.8319040465515095,low,0
S0088,2025-01-22,4,mid,3,58.23589630181072,0,1,5,1,0,2.1886483479560184,0.0,10.205737615475423,0.4464180699451802,0.03802297581951919,0.4532702102931522,0.33355985794164456,0.0,0.8789919772287214,0.9273779576412114,low,0
S0088,2025-01-23,4,mid,4,39.67433257774726,0,3,5,1,1,5.635152157868632,0.0,11.771264371379292,0.5702492355272453,0.7018224722360986,0.16735547118619287,-0.4015768859975626,0.0,0.7908060718097538,0.010720688350640994,low,0
S0088,2025-01-24,4,mid,3,43.974364374930204,0,2,4,0,0,7.322137851226465,0.0,15.901282189837806,0.3610146074888816,0.20766094782381073,0.1035476640395514,-0.756797934189581,0.0,0.735705867509883,0.9002867576440804,low,0
S0088,2025-01-25,4,mid,4,53.386523325793306,0,1,5,1,1,6.644032314474298,0.0,9.458605756559965,0.5106756995030819,0.8827305778987506,0.1259924251721889,-0.45302400816607946,0.0,0.6402315504751103,0.023462075727113785,low,0
S0088,2025-01-26,4,mid,4,45.46661685320531,0,0,4,1,1,5.886739326334689,0.0,10.058006072981197,0.49510724498229186,0.8252110262187214,0.0013693795123657093,-0.4975190544258994,0.0,0.029526706018546567,0.5480944997173379,low,0
S0088,2025-01-27,4,mid,4,43.31932864753479,0,0,4,1,0,5.353635442616146,0.0,13.564940351916974,0.09128882692629015,0.0309702616720825,0.7978381114926033,-0.3657450331474992,0.0,0.9451114550189934,0.9875036995281203,low,0
S0088,2025-01-28,4,mid,3,52.12960711398629,0,1,2,0,0,5.5206107341623545,0.0,8.563298510177628,0.36499400743693544,0.2629282700447295,0.21105576439444396,-0.6482726040298152,0.0,0.5278753922520119,0.044762371689910485,low,0
S0088,2025-01-29,5,mid,2,52.47174164257681,0,1,2,0,0,6.182982897671767,0.0,8.535658219194268,0.4913718340241593,0.0317865973995074,0.9592050265196999,0.2361283793684461,0.0,0.3994322100261044,0.9007425331739088,low,0
S0088,2025-01-30,5,mid,3,28.749833013512532,0,1,3,0,0,6.0575523346816915,0.0,10.771288766932276,0.6487477668265008,0.529877319607452,0.4611763230606255,-0.04223312525139544,0.0,0.4713172846533502,0.9392207741784445,low,0
S0088,2025-01-31,5,mid,2,55.125683357073456,0,0,5,0,1,3.5411602187882716,0.0,12.229293588666422,0.636699800229974,0.639236396990481,0.11094462777585634,0.5475434286478789,0.0,0.5920715779926562,0.4976138976842205,low,0
S0088,2025-02-01,5,mid,2,39.41195233214774,0,1,3,1,0,6.3647959226304485,0.0,7.273882246262348,0.8831258139077002,0.2576100036686514,0.446913336350932,-0.027611600084097576,0.0,0.41432720964140146,0.3263726186764462,low,0
S0088,2025-02-02,5,mid,3,47.10397529015349,0,1,1,1,1,2.990056615427874,0.0,12.920979979774756,0.8428486102160313,0.05237871251443027,0.9854950540496416,0.5155470158456061,0.0,0.950898176118258,0.8553564415046035,low,0
S0088,2025-02-03,5,mid,2,60.024685056915715,0,1,4,1,1,6.521978817459767,0.0,10.539272963106006,0.48479867291102485,0.6072148733839248,0.5751462563596732,0.15580591321624104,0.0,0.7143323507008306,0.10492014144963935,low,0
S0088,2025-02-04,5,mid,1,63.12681729611079,0,1,3,0,1,5.284164352960379,0.0,10.16436608641871,0.29081478251208714,0.6859103377286627,0.029557211128392713,-0.5197341633636718,0.0,0.6252865114162035,0.9705125529189287,low,0
S0088,2025-02-05,6,mid,4,34.78515644372223,0,0,5,1,1,5.247964794734668,0.0,7.645948881250753,0.8465028134210261,0.09496968761364333,0.8203436842297737,-0.7248670336861389,0.0,0.025932439447067357,0.7022019221190443,low,0
S0088,2025-02-06,6,mid,3,48.2883455633997,0,1,1,0,0,4.265192935724894,0.0,11.572987345632804,0.5853329910433072,0.26769704199724587,0.3273841601384744,0.6549009892769426,0.0,0.7105002500216918,0.9262312150544575,low,0
S0088,2025-02-07,6,mid,2,54.531711078078224,0,1,2,1,0,6.449925723501803,0.0,16.035305585840252,0.4247011217893353,0.9396773571390744,0.17184549272260363,-0.7592633823719248,0.0,0.17662282604289803,0.6061604318934944,low,0
S0088,2025-02-08,6,mid,3,53.03079171470499,0,3,5,1,1,6.110476771203823,0.0,9.21054365884643,0.8331698468780147,0.7497760612384158,0.9814563330177778,-0.9475398818132019,0.0,0.9882045455370444,0.23438931452406941,low,0
S0088,2025-02-09,6,mid,2,39.3510993863977,0,1,3,0,0,3.041975600819522,0.0,8.855253146450174,0.38527620789791706,0.013991755933294603,0.08038969463132073,0.11483270756003394,0.0,0.2253689307824075,0.6552499256909377,low,0
S0088,2025-02-10,6,mid,2,44.1477162674914,0,1,1,0,0,3.3533242818935887,0.0,7.438893646124086,0.7571065270685897,0.6166975002164631,0.8286230217362611,-0.21148700515527197,0.0,0.7265554733558357,0.551627769656643,low,0
S0088,2025-02-11,6,mid,5,48.3016442554406,0,2,5,0,1,5.178692488227157,0.0,6.533516987155648,0.8066403078804653,0.6783319819118515,0.3784549530841289,0.3391431316873119,0.0,0.6337679398811207,0.5406653734518825,low,0
S0088,2025-02-12,7,mid,2,50.17298541751606,0,0,1,0,1,6.040029548723093,0.0,12.542956399313077,0.05899343471676499,0.22279508060488173,0.46594457973263625,0.9169091366008302,0.0,0.6167957416822853,0.05066044299382533,low,0
S0088,2025-02-13,7,mid,3,42.750836151170475,0,1,2,1,1,4.628445141785651,0.0,12.62221968729043,0.7495348179353084,0.9396640175605543,0.9668763579391301,-0.5146429289265422,0.0,0.2145493356760998,0.4979225524143577,low,0
S0088,2025-02-14,7,mid,3,55.909237168489575,0,2,1,0,1,4.394570402643106,0.0,8.916756389545373,0.7423975383679599,0.768454425915436,0.9612520915915103,-0.7924574933927913,0.0,0.15057603142295684,0.8851399365382209,low,0
S0088,2025-02-15,7,mid,4,67.27601530181028,0,2,2,0,1,5.964125753764981,0.0,7.157106253559071,0.9180107665797651,0.9648145607428491,0.8589061867981301,-0.5911584781987704,0.0,0.5293847754782819,0.18456728303821657,low,0
S0088,2025-02-16,7,mid,1,50.38062315952379,0,0,4,0,1,5.409590607749177,0.0,9.833130601443065,0.7659217013818735,0.8199558524218827,0.5255113347619872,-0.4090541621212791,0.0,0.5481982353544228,0.5455668330530716,low,0
S0088,2025-02-17,7,mid,3,35.81412772515106,0,2,2,1,1,5.766655076413666,0.0,13.591773460429735,0.7463329753564342,0.921120746855197,0.485637716958935,0.5538772186810401,0.0,0.9589347071064641,0.38173558100396987,low,0
S0088,2025-02-18,7,mid,5,38.11830284528999,0,1,1,1,0,5.195518905874074,0.0,16.764705595223198,0.032105667412919536,0.3446226532058009,0.41430856910808544,-0.7354932859872274,0.0,0.39497237445935107,0.22546011036314884,low,0
S0088,2025-02-19,8,mid,5,31.831130790430933,0,1,4,1,1,7.123586158793607,0.0,10.923138764496723,0.8694870505295957,0.22777046804000334,0.26627164756506816,-0.8587727348611855,0.0,0.5528789930671689,0.7162632992748245,low,0
S0088,2025-02-20,8,mid,2,35.04504034200055,0,2,2,0,1,4.419419412283411,0.0,9.367380577202784,0.3906703611312089,0.9009888171132431,0.7313543342388674,0.19718221863362118,0.0,0.7015650385351498,0.5201582839946983,low,0
S0088,2025-02-21,8,mid,2,24.907803117475936,0,1,4,1,1,5.821906838518933,0.0,5.143000399035802,0.2413246723448096,0.7946902376491014,0.2380988507111209,-0.09816153108466397,0.0,0.42205740267296954,0.07151907312031536,low,0
S0088,2025-02-22,8,mid,1,27.83266326802815,0,0,5,1,1,4.700066701168905,0.0,10.075457580439865,0.6825223772469661,0.40424459341682073,0.7318947770159936,0.3788019636300235,0.0,0.7388956421205657,0.6918510696714802,low,0
S0088,2025-02-23,8,mid,3,44.08949132136358,0,0,2,1,1,3.095722929434404,0.0,13.366225086969463,0.5284154287741728,0.75084936399189,0.33484808535236155,-0.27863045526517927,0.0,0.22328960871064552,0.7499126594505582,low,0
S0088,2025-02-24,8,mid,1,34.74861146531729,0,0,1,1,0,3.164633152989184,0.0,12.17428185792566,0.6074610655253904,0.09095993489574827,0.19563779892550925,-0.7872511208435358,0.0,0.06483339756590334,0.6186765989202913,low,0
S0088,2025-02-25,8,mid,3,36.876117567155056,0,0,3,0,1,4.193046248037572,0.0,14.481753726056171,0.6352081967621607,0.9869142045119609,0.8405840669157695,-0.5639764119004007,0.0,0.4118411871834071,0.5452473561694213,low,0
S0088,2025-02-26,9,mid,1,52.810083815730295,0,2,3,1,0,3.6446183281241,0.0,11.063661095476286,0.7301186254911084,0.6026022080217823,0.5701726889616273,0.12585633109500338,0.0,0.4373580211372722,0.8957709342219832,low,0
S0088,2025-02-27,9,mid,1,37.059356749897276,0,1,4,1,1,6.899275649044681,0.0,4.027711898250709,0.9190884355351352,0.9115473765383433,0.13960412229009378,0.5739251515109745,0.0,0.9344427367100674,0.8335236052001048,low,0
S0088,2025-02-28,9,mid,1,41.03453712544379,0,2,4,1,1,2.390138664269297,0.0,10.47970523978555,0.021462079691746405,0.4483104229408851,0.1805211564410456,-0.2690948135752902,0.0,0.8406058328277368,0.5488610570557975,low,0
S0088,2025-03-01,9,mid,3,40.69114529708011,0,1,2,0,1,5.612129067765519,0.0,7.178674548047898,0.5911984823075476,0.07754789274695839,0.801552759223266,-0.6780191370547028,0.0,0.17303520037247522,0.40272954697555463,low,0
S0088,2025-03-02,9,mid,3,44.284045094221966,0,1,5,1,1,3.7602448695324915,0.0,15.71610151453113,0.4252951175505001,0.15941922656381935,0.6889671069918873,-0.6662124649885253,0.0,0.18192418707650115,0.5027348614508667,low,0
S0088,2025-03-03,9,mid,5,39.16782190329638,0,1,5,0,0,6.843977867662614,0.0,16.892383874355914,0.11338569744722049,0.31881994198900887,0.017307847993934256,-0.8458380399486949,0.0,0.5083202908908263,0.1778133208182574,low,0
S0088,2025-03-04,9,mid,4,40.64366212051721,0,0,1,0,1,5.718321669808201,0.0,11.265742823900936,0.9656153873513971,0.5206256594096472,0.013886050090189728,0.8043176598873256,0.0,0.03570802187158162,0.8316793329154025,low,0
S0088,2025-03-05,10,mid,3,45.21330495812169,0,0,3,0,0,5.869071290548262,0.0,9.051387309474103,0.8606311311227177,0.3701192865423186,0.18920773405755575,0.5568641271867409,0.0,0.059813591810742306,0.4279356560366714,low,0
S0088,2025-03-06,10,mid,5,38.17917541168392,0,0,4,0,1,5.749998917497511,0.0,9.715226143160233,0.062225792541737435,0.3042596935387504,0.7106723996482869,0.20055286317086418,0.0,0.5253439216517678,0.7701680672954517,low,0
S0088,2025-03-07,10,mid,4,38.30293814925453,0,1,2,0,0,4.922645786392384,0.0,11.372873411724578,0.25717485860040523,0.12561893748610187,0.9868510481429791,-0.20054050691983472,0.0,0.6671284715110998,0.3210291055286649,low,0
S0088,2025-03-08,10,mid,3,30.40959529468668,0,1,5,1,0,8.054102376104272,0.0,11.124801254054093,0.03416835603169932,0.4021927466682528,0.4144556491914937,0.3309334253421927,0.0,0.5216377025050911,0.7316708131597622,low,0
S0088,2025-03-09,10,mid,1,27.571875136598464,0,1,2,1,0,4.48699817938827,0.0,10.379181313895627,0.49494680246080036,0.12744565873029823,0.14182930629315305,-0.1123710563918392,0.0,0.8752911243916973,0.3642502099791488,low,0
S0088,2025-03-10,10,mid,1,52.24463444338557,0,1,3,1,0,3.052101055417805,0.0,9.758696985014627,0.29316817867944134,0.6014481727325687,0.012114456847059252,-0.033082369977532,0.0,0.6594173299051213,0.2982917039610643,low,0
S0088,2025-03-11,10,mid,2,51.51318918269648,0,2,3,0,1,9.634348588298291,0.0,9.555536903970271,0.20681205906906908,0.47447391561511154,0.4565987021777981,-0.43736840979060165,0.0,0.6082619005971349,0.6770245674764362,low,0
S0088,2025-03-12,11,mid,2,49.38176067909082,0,1,5,0,0,4.963227837966649,0.0,12.893356942953009,0.2853304745579712,0.13882598069506924,0.16957739865224586,0.4603785445840294,0.0,0.8814703993577087,0.6444519645692365,low,0
S0088,2025-03-13,11,mid,1,37.1453634978326,0,1,4,1,0,5.479524349544416,0.0,2.361646828728551,0.8494178540250715,0.8603483101732662,0.5348569584264978,0.5719123564164055,0.0,0.4038260552367027,0.9879550620697855,low,0
S0088,2025-03-14,11,mid,2,41.88822280603185,0,0,1,1,1,7.834564778016966,0.0,6.454425856403419,0.7169163862584333,0.46770220648153293,0.7064668391013552,-0.518258244843748,0.0,0.2890646172885978,0.6437463877801283,low,0
S0088,2025-03-15,11,mid,0,41.49700689587946,0,0,2,1,1,7.492378495328202,0.0,11.567163148742686,0.5080080288405197,0.5791254934296002,0.5313804670274834,0.273069377251262,0.0,0.41634848388834966,0.3561213561711358,low,0
S0088,2025-03-16,11,mid,1,43.06822722862549,0,4,1,1,1,5.90682058113134,0.0,8.072510740844985,0.9192734121871329,0.2509199121583442,0.48891172590104814,-0.9941014467841562,0.0,0.8224199121183448,0.8426220922055104,low,0
S0088,2025-03-17,11,mid,3,49.07245269519034,0,0,4,1,1,4.289784817038456,0.0,9.258926163992944,0.46600799378039104,0.2043000471092129,0.06510269578658356,0.11229359871954281,0.0,0.5694004223502365,0.5079651530572228,low,0
S0088,2025-03-18,11,mid,2,32.70435559976447,0,2,2,1,0,5.2938320098304725,0.0,7.398461666026657,0.004327588043317232,0.9936671802701232,0.029802140677936295,0.2615065850774754,0.0,0.36153129721302935,0.11253800621247234,low,0
S0088,2025-03-19,12,mid,3,56.07897245137505,0,2,2,0,0,5.997809856845295,0.0,11.702966659665275,0.014437976687735499,0.5787963932257628,0.7533210697098591,-0.7986373259392285,0.0,0.6134409022199485,0.46619694368461295,low,0
S0088,2025-03-20,12,mid,3,32.73773819539868,0,0,4,1,1,4.760916339894099,0.0,9.944547640577216,0.46278857365303616,0.9691185904238024,0.45524707594049696,0.6219009742172714,0.0,0.0027245388672545445,0.7433298476832353,low,0
S0088,2025-03-21,12,mid,1,41.45163983520254,0,0,4,1,0,4.935762278443657,0.0,7.968595674143538,0.6520903547869891,0.47910840626256856,0.47389710553110964,-0.3393806566966042,0.0,0.4563017769935417,0.8335332041001199,low,0
S0088,2025-03-22,12,mid,2,52.41248899166359,0,2,4,1,0,4.254317703515999,0.0,10.394449550298255,0.38672125879221353,0.7917027091928425,0.36911653113688414,-0.24717321492838895,0.0,0.3441519425933486,0.3293408957285524,low,0
S0088,2025-03-23,12,mid,2,39.803998567946365,0,2,2,0,0,6.588037719083797,0.0,16.159526747236747,0.654405491323851,0.9412233423943146,0.8051389220662813,-0.8743224662136075,0.0,0.983364854062864,0.24424341803701277,low,0
S0088,2025-03-24,12,mid,4,60.15731045349636,0,0,2,1,0,4.1014999025567525,0.0,13.59441962828383,0.3736878703889017,0.6655055668503294,0.34109946577455297,-0.13969194971221266,0.0,0.47510152795568783,0.431471473846306,low,0
S0088,2025-03-25,12,mid,3,38.49976035236515,0,2,1,0,1,7.667997646560801,0.0,10.12891167884937,0.020261151996388227,0.15153349604155875,0.33314899130396614,0.4190351520487883,0.0,0.30881772292233245,0.7766390480671608,low,0
S0088,2025-03-26,13,mid,2,34.28401778375481,0,0,3,0,1,3.433051442092017,0.0,8.644605576842483,0.29408836340263433,0.26397406161323156,0.053147064440506875,0.20124324972629593,0.0,0.8549020230117081,0.7269662182644901,low,0
S0088,2025-03-27,13,mid,1,53.85501091243417,0,1,3,1,0,4.145948825789924,0.0,11.443628092719056,0.6930083145837591,0.8867773532302365,0.7676260215514712,0.5860143349475302,0.0,0.2301915207552434,0.8259847367982789,low,0
S0088,2025-03-28,13,mid,2,45.050889369477225,0,4,5,1,1,3.996091892382288,0.0,14.552505111206049,0.13841694962480577,0.8372510869502597,0.31078107613739925,0.667949164985784,0.0,0.557241869798581,0.536921201501973,low,0
S0088,2025-03-29,13,mid,1,63.26882752658011,0,0,5,0,0,4.451537385830583,0.0,11.696506439705784,0.8600075702519026,0.05026004641832715,0.9240422121237327,-0.36446357701478505,0.0,0.7728748775824212,0.08809475717247484,low,0
S0088,2025-03-30,13,mid,2,56.05316852488265,0,3,2,1,0,5.012631793960757,0.0,4.345758537411996,0.1999513235582271,0.13515336618865637,0.06968310806129441,-0.8565025897803773,0.0,0.19766379874821716,0.791029455313241,low,0
S0088,2025-03-31,13,mid,1,60.025635552847234,0,0,5,0,1,6.291347167692087,0.0,11.758475110230398,0.5369971166857945,0.6880153669859879,0.3447163339933397,-0.7097333320076782,0.0,0.15210822253111655,0.04294026357458436,low,0
S0089,2025-01-01,1,mid,7,23.216072550582865,0,1,3,0,1,5.814732820593519,0.0,9.086260650939689,0.04575580803598889,0.08433031650460188,0.9406118150674522,-0.21528740530599144,0.0,0.4954761160692541,0.5800862551320154,low,0
S0089,2025-01-02,1,mid,6,54.431369021788804,0,1,3,1,0,4.227748693870679,0.0,9.290471134772265,0.1057989927907601,0.5447403216629134,0.2619887237921994,-0.9103901166893706,0.0,0.8367920834309481,0.8624300318858446,low,0
S0089,2025-01-03,1,mid,5,41.648908944900114,0,0,4,0,0,5.571150202706856,0.0,10.748997149041955,0.5095112017089797,0.8840143903301001,0.5952924367280881,0.9204071896172143,0.0,0.4295715886502214,0.7779983365712246,low,0
S0089,2025-01-04,1,mid,5,41.49870489723118,0,2,4,1,0,5.183341520973172,0.0,8.370673993738155,0.4561584393926045,0.051180779012206634,0.09797310801915182,-0.3166484308534854,0.0,0.42751983824123985,0.7219690036098823,low,0
S0089,2025-01-05,1,mid,6,60.59123295140844,0,0,5,1,0,2.8025682772541045,0.0,13.589542365734573,0.8058102284064236,0.7579047998525641,0.6180213452967962,-0.6262610644393665,0.0,0.5061812336233833,0.4527305862833789,low,0
S0089,2025-01-06,1,mid,5,59.30314771636692,0,2,3,0,1,7.159397791841249,0.0,17.187717957771742,0.9799802161120659,0.4299883794363235,0.975772836669472,-0.9766690257461943,0.0,0.33947376387153927,0.2690747008315273,low,0
S0089,2025-01-07,1,mid,5,45.52575434255194,0,0,5,0,0,3.4230416588689385,0.0,15.206892783191954,0.38026535381208537,0.8683891807736828,0.15757859170522048,-0.3909550098047607,0.0,0.1504834250197561,0.12784875676757945,low,0
S0089,2025-01-08,2,mid,6,43.20746895723944,0,2,2,1,0,11.750734666626187,0.0,9.790096245476075,0.8054742811515048,0.8401200266296123,0.5218677365974148,0.1566616292901455,0.0,0.17391130257568654,0.3742900799301212,low,0
S0089,2025-01-09,2,mid,3,60.93387096483134,0,1,2,0,0,2.0102445826174775,0.0,8.445226913338203,0.7193849737959288,0.5649195799629644,0.9340326348054251,0.2379824168304272,0.0,0.7778829352621296,0.8126858636072244,low,0
S0089,2025-01-10,2,mid,5,39.37640432983979,0,1,5,0,1,3.8727296223592083,0.0,12.628520663996433,0.7990755136144675,0.24544923530016738,0.40519470006864844,0.8265078403951192,0.0,0.47283039668061666,0.9309318438596761,low,0
S0089,2025-01-11,2,mid,5,42.79939886004136,0,1,3,0,0,2.965215144841043,0.0,11.284248622814207,0.7634334947556424,0.6930297293680348,0.3718993338761579,0.3366115984005298,0.0,0.3713862482986897,0.6190810766477327,low,0
S0089,2025-01-12,2,mid,7,54.64607925090719,0,1,2,1,1,0.41772841760200485,0.0,9.465192170487132,0.057256912728355314,0.10812308756454037,0.5712672515193029,0.6346205514637482,0.0,0.47618949831888346,0.04846583459446596,low,0
S0089,2025-01-13,2,mid,6,54.46396173495618,0,6,5,1,1,5.233658225031542,0.0,14.730369372623159,0.09085786830452636,0.6693278015859064,0.3274847657731078,0.039952934827399034,0.0,0.9948032692668766,0.2746886585596551,low,0
S0089,2025-01-14,2,mid,6,57.756392110353715,0,3,2,0,1,5.072129846571053,0.0,5.7621920160544775,0.4407741912142522,0.9577721217388255,0.9008560068195551,-0.5086110450485495,0.0,0.41974488330593684,0.9675211013037954,low,0
S0089,2025-01-15,3,mid,6,44.46876626937428,0,0,5,0,0,4.229519721605159,0.0,14.830353199061655,0.7407417348522868,0.9256306295651023,0.7309004446225064,0.22974738932176608,0.0,0.7065594789866402,0.7401565077610899,low,0
S0089,2025-01-16,3,mid,7,45.07531262629108,0,1,1,1,1,2.0255273482088763,0.0,10.234466973078835,0.31850936130355456,0.1477939901694102,0.1251405288948505,0.8624784830512042,0.0,0.665013180442002,0.0005843070077519164,low,0
S0089,2025-01-17,3,mid,6,58.5765456227588,0,0,2,0,1,3.16379037321064,0.0,8.508127724722792,0.18139921528660807,0.16297025443526114,0.5658929029372488,-0.6495951713808725,0.0,0.9961709377616237,0.19047626850479638,low,0
S0089,2025-01-18,3,mid,6,48.88164967713801,0,5,2,1,1,2.476692450915544,0.0,11.482305401403524,0.35724938624068203,0.16225909429933705,0.9944984986776282,0.028774003360683142,0.0,0.8672486694357443,0.3939018681239065,low,0
S0089,2025-01-19,3,mid,5,28.66339015621494,0,2,1,1,1,4.696497296618629,0.0,11.53315562296034,0.3694416712049392,0.3304838043800584,0.8371190720720842,-0.5822834750944879,0.0,0.6898889876035165,0.07873497073591318,low,0
S0089,2025-01-20,3,mid,5,46.5421440353809,0,0,2,1,0,4.815234993095466,0.0,16.009340959507036,0.12446278076989359,0.610073681475076,0.2901501760075148,0.8843246626741115,0.0,0.6554079087519132,0.40547968331887696,low,0
S0089,2025-01-21,3,mid,6,37.30606383859658,0,1,2,0,1,4.202679857350322,0.0,10.099510940907818,0.7849191126776306,0.6490296195166269,0.2117897251050498,-0.3409380894945133,0.0,0.30559766898849416,0.9225865254078661,low,0
S0089,2025-01-22,4,mid,6,54.714179515480495,0,0,3,1,0,4.514749816902837,0.0,9.05907256158628,0.9017483179478896,0.22169981092295477,0.5918711081784591,-0.6276366159161162,0.0,0.13537335393621674,0.24031358623858134,low,0
S0089,2025-01-23,4,mid,5,38.99372497683464,0,0,1,1,1,3.5102641308867244,0.0,15.456360238532932,0.0017764928256228663,0.5601617183561367,0.5716105758595174,-0.8537785967037195,0.0,0.1015816293509455,0.3045769712771522,low,0
S0089,2025-01-24,4,mid,4,48.63226686473212,0,0,2,1,0,3.7975200155354942,0.0,11.87513431270329,0.283890275787287,0.12829931026277042,0.15067802598489655,0.16448258789801984,0.0,0.5763131548649201,0.56374769336637,low,0
S0089,2025-01-25,4,mid,6,44.13176946045687,0,0,4,1,0,2.9842595518470407,0.0,8.193815886283431,0.4919996962982416,0.7954810244457621,0.525885284819534,-0.3995864940521232,0.0,0.26128800550700293,0.4849016201668228,low,0
S0089,2025-01-26,4,mid,7,31.68421535782162,0,0,4,0,0,3.377210073476144,0.0,11.634230325259587,0.3900522201114285,0.8048628788908323,0.610453616483592,0.7469678873614791,0.0,0.6529759977428597,0.3825274797944156,low,0
S0089,2025-01-27,4,mid,6,32.224322829943546,0,1,3,1,1,6.749826204327607,0.0,6.023674580769387,0.908994052737823,0.4274869876990093,0.18005520423556198,-0.6095060093821212,0.0,0.7218265033714085,0.7341994945647754,low,0
S0089,2025-01-28,4,mid,7,43.52207345079266,0,1,3,0,1,6.790736521037108,0.0,11.282113520120163,0.5461951264619989,0.2577052055148936,0.09854401353428244,0.09413301105605743,0.0,0.6473703362115761,0.4468232879776598,low,0
S0089,2025-01-29,5,mid,6,40.613772819905364,0,1,3,0,0,2.44842803205342,0.0,15.499138925460633,0.5353869272087676,0.5908277966142034,0.07047639878931289,-0.3545069827405616,0.0,0.8793388859772612,0.7334259407481438,low,0
S0089,2025-01-30,5,mid,5,40.65208217729519,0,0,1,1,1,4.524005678576973,0.0,8.496659451860452,0.12975135062876886,0.5901062107862989,0.7165933538660035,0.421522528878973,0.0,0.45522869247515796,0.6077637904725353,low,0
S0089,2025-01-31,5,mid,6,33.051522859120475,0,0,2,0,1,2.3241353419172115,0.0,10.911600124202067,0.18694717659032012,0.11785355618071469,0.12386013250161709,0.605606381418806,0.0,0.8030529028191632,0.9536238507078354,low,0
S0089,2025-02-01,5,mid,6,27.74218040580558,0,1,1,1,0,4.611920247708636,0.0,10.08540188662055,0.05058445258748523,0.39387206568887323,0.5749348034204097,0.3654462179755755,0.0,0.248564188527706,0.6205706506051397,low,0
S0089,2025-02-02,5,mid,6,24.392923910564413,0,1,5,1,0,4.045798888712919,0.0,8.79122594107362,0.3314774083226949,0.7124186659549491,0.7851861434737292,-0.30751121034411133,0.0,0.7272300619434788,0.7708291483271775,low,0
S0089,2025-02-03,5,mid,7,49.73902891339439,0,0,2,1,1,7.386002864281288,0.0,4.454532145273884,0.8542102036669713,0.8788907528188215,0.8230742967274423,0.12161509850006835,0.0,0.9362276897576249,0.1698929826686436,low,0
S0089,2025-02-04,5,mid,5,38.55216387466041,0,1,1,1,1,6.39500989438536,0.0,8.273634774059722,0.7820364127355915,0.33097774292243887,0.4706728227909617,0.5231908369087284,0.0,0.8542152697544866,0.6824778322725115,low,0
S0089,2025-02-05,6,mid,6,51.94007827208051,0,1,5,0,1,2.7442682712382354,0.0,10.269336042656573,0.46878242461999753,0.9033613689058297,0.7468306776308314,0.4932492941908997,0.0,0.41715648527479166,0.6747524543030873,low,0
S0089,2025-02-06,6,mid,4,34.18875002795128,0,2,4,0,0,3.59051763848926,0.0,12.683463877100042,0.7060134602212171,0.6375609287511111,0.6908261777223839,-0.1512165448129803,0.0,0.020350284268545904,0.34092662844321886,low,0
S0089,2025-02-07,6,mid,6,52.40022110842418,0,1,2,0,1,3.9064221752849453,0.0,13.64367889537128,0.6432525560726454,0.07953494812720119,0.7626785824947357,-0.33043144934079716,0.0,0.21552890572044325,0.7147652184220008,low,0
S0089,2025-02-08,6,mid,5,37.58612133611506,0,1,3,0,1,5.889822638759647,0.0,13.374541673339124,0.45004934955538967,0.6290223557509718,0.30121216302364584,0.8241603987418591,0.0,0.006412655478709617,0.26843222634610076,low,0
S0089,2025-02-09,6,mid,5,49.70069243194824,0,0,4,1,1,3.8202170759438943,0.0,10.267322054343323,0.5389932483092074,0.16381820420902926,0.14099001969526892,0.12229052369085269,0.0,0.7063620332327746,0.2859891232079145,low,0
S0089,2025-02-10,6,mid,5,53.39274897510894,0,0,3,0,1,12.101255262965463,0.0,9.721167468703264,0.8313058069191528,0.5580260103802452,0.4465415707418614,0.6555098063232345,0.0,0.9649670421006877,0.7504080189283199,low,0
S0089,2025-02-11,6,mid,6,45.67641081248676,0,1,2,1,1,5.429272742866543,0.0,12.782451185294404,0.29525985095493756,0.9368961951610182,0.656861774885387,-0.7328165907862301,0.0,0.33575547139157924,0.6597066451522805,low,0
S0089,2025-02-12,7,mid,6,39.42750174464595,0,0,2,0,0,3.969870378159487,0.0,5.695571258826353,0.21460159656685218,0.83346059816894,0.9288259159093133,-0.41933199587590564,0.0,0.12725885302312545,0.8094300502878691,low,0
S0089,2025-02-13,7,mid,6,60.50149872730833,0,1,5,0,1,8.22548990205018,0.0,10.074576563540738,0.5607675562308243,0.5551643618154958,0.03517354678434115,0.6868361979387609,0.0,0.4426874470172564,0.8771083146515692,low,0
S0089,2025-02-14,7,mid,6,56.08026955448659,0,0,1,0,0,5.269041704996907,0.0,6.168713460118033,0.3677045510153908,0.7401356581698565,0.24627723095944265,0.11135734868966662,0.0,0.5049085314514951,0.4082797149661249,low,0
S0089,2025-02-15,7,mid,6,55.22035054840746,0,2,2,0,0,0.5903505178615802,0.0,7.37652143269656,0.9497887311390444,0.4280820259927842,0.14649212339928086,-0.6710546045122612,0.0,0.33876968041866173,0.8500843131617933,low,0
S0089,2025-02-16,7,mid,7,52.42756891986659,0,0,4,0,1,7.914685447470708,0.0,8.14254583762554,0.1517707120184888,0.7334019366057816,0.8478717329493931,-0.7606193160124073,0.0,0.23066811015602406,0.12373240072383651,low,0
S0089,2025-02-17,7,mid,6,54.611176829257964,0,0,3,0,0,4.063202245027534,0.0,8.811447559796626,0.48678077768537,0.8035408615849851,0.06303067196842027,0.7159492378203829,0.0,0.1767079325416545,0.5444515595029779,low,0
S0089,2025-02-18,7,mid,4,54.92980411136485,0,1,4,0,0,2.4823957415747206,0.0,9.425943246914294,0.7682767972891876,0.8819294678177372,0.7324453029815794,-0.10756479690064058,0.0,0.9835257851527732,0.10002609956787867,low,0
S0089,2025-02-19,8,mid,5,37.894607287072745,0,0,1,1,1,5.674578328517788,0.0,8.872783852885062,0.37861899704268553,0.25543570422257045,0.09339567350720435,-0.45610850495651123,0.0,0.057235354421686147,0.9900840677523467,low,0
S0089,2025-02-20,8,mid,5,34.37933941732628,0,0,5,1,1,3.7998022672095706,0.0,10.856182741715257,0.22164503518759693,0.03420971753232127,0.11565156930425402,0.4423376941181092,0.0,0.15438176192610098,0.2925075933870054,low,0
S0089,2025-02-21,8,mid,7,59.05410087756971,0,1,5,1,1,3.6639486676205313,0.0,10.886284003427708,0.6527952785687905,0.09870477297241431,0.0563029337173917,-0.5694603142095809,0.0,0.9729143914369847,0.5791342780506735,low,0
S0089,2025-02-22,8,mid,5,43.08525368810015,0,0,3,0,0,2.8370752433138735,0.0,11.85327520757185,0.587268761625734,0.32753183637735894,0.6159860339196108,0.3360172978451079,0.0,0.7179627357673785,0.9031771037800024,low,0
S0089,2025-02-23,8,mid,5,39.39653323109572,0,0,1,0,0,4.127203988982554,0.0,11.152239548018116,0.4369743374060667,0.8167962438749586,0.25867146553214804,-0.057633655354381697,0.0,0.6221978974835984,0.7200354521291027,low,0
S0089,2025-02-24,8,mid,7,46.78967885013827,0,4,4,1,0,2.676340394090748,0.0,9.000479393655175,0.3373796723012302,0.8835878919546578,0.12267224404595578,0.27127663092973187,0.0,0.22890316483463136,0.4918016720016113,low,0
S0089,2025-02-25,8,mid,7,42.11094038389908,0,2,1,1,1,6.429477938592058,0.0,5.929382991693787,0.095891800761574,0.38492034090468685,0.43523525112421546,0.2036572813182027,0.0,0.2329024900400295,0.9275975723781876,low,0
S0089,2025-02-26,9,mid,6,51.1553290770829,0,1,1,1,0,6.406731628443773,0.0,9.53906957252794,0.30860293412606377,0.28831522575047197,0.3258608273862411,-0.5308937575185029,0.0,0.7279052786644379,0.40332130874830874,low,0
S0089,2025-02-27,9,mid,7,42.32181903416016,0,1,5,1,0,6.370574428981811,0.0,11.530502724904474,0.8941416544950987,0.0462574347762037,0.43775514052853526,-0.8844299446873911,0.0,0.31722837568859197,0.1407605682129861,low,0
S0089,2025-02-28,9,mid,7,57.65712666836414,0,1,1,0,1,4.541652924561933,0.0,6.495169894216602,0.7044468925533878,0.8036153910009777,0.023072061774913055,-0.9093835860102224,0.0,0.6239942465703406,0.45773893453248293,low,0
S0089,2025-03-01,9,mid,7,38.51260344891914,0,1,2,0,0,1.4792299690532986,0.0,4.922673896432391,0.0859672675310933,0.804156787686027,0.6036617908924118,0.07017957314578105,0.0,0.8629322199605558,0.9103003732842547,low,0
S0089,2025-03-02,9,mid,6,37.34583859282552,0,0,3,0,0,7.577570312015125,0.0,8.226961231371888,0.34787443777897054,0.2055305385483931,0.2541426649252103,0.8074622107181919,0.0,0.7543648556805509,0.8987979628838876,low,0
S0089,2025-03-03,9,mid,5,32.65964064109124,0,0,5,1,1,2.5711234379184993,0.0,8.77470906498542,0.9409800133943074,0.05295740051412978,0.46222763948663714,-0.32729763476918894,0.0,0.6667479606308672,0.6469926843567928,low,0
S0089,2025-03-04,9,mid,5,64.31732218460681,0,0,5,1,0,4.404186191367859,0.0,6.977360479897299,0.626595658830129,0.5405549850204062,0.034274544478424374,-0.06141165973455043,0.0,0.4186174129935546,0.26233321434396495,low,0
S0089,2025-03-05,10,mid,6,46.74552689385254,0,1,3,0,1,5.33299811691892,0.0,10.873891076736154,0.4187950266264956,0.03979787888512565,0.6414717537707244,-0.27112517200416053,0.0,0.06999559826987645,0.8303702468442208,low,0
S0089,2025-03-06,10,mid,6,52.308994411224,0,0,1,1,1,4.123683752889913,0.0,3.1149613279671975,0.8594324692589692,0.8449980521939012,0.3373034137258464,-0.7719691726130404,0.0,0.44967665390011946,0.005413993209078871,low,0
S0089,2025-03-07,10,mid,5,41.12466513360838,0,2,3,1,1,3.7168959643809685,0.0,14.049866479006536,0.6581144876129099,0.40995329859049023,0.2744912002713312,0.7870928655090377,0.0,0.20470870971061605,0.6344234861435145,low,0
S0089,2025-03-08,10,mid,6,58.883166412783275,0,0,5,0,1,5.97305095790382,0.0,11.068887941692788,0.648776474385039,0.8486878957015838,0.2975121627207443,-0.2769940854044297,0.0,0.6101534309126055,0.14161047642878855,low,0
S0089,2025-03-09,10,mid,5,47.27041821494755,0,0,1,0,1,7.951977315527485,0.0,12.06844341104292,0.0965284142042182,0.672018971958857,0.7355094005308928,-0.44219377242301516,0.0,0.25818113364869877,0.6646188558397262,low,0
S0089,2025-03-10,10,mid,6,34.868539833002075,0,1,5,0,1,2.9741348044863862,0.0,15.357176895408948,0.8880930298389546,0.36535025978433244,0.26783807106448665,0.0793149961896773,0.0,0.4635466982767448,0.03369091834898874,low,0
S0089,2025-03-11,10,mid,5,30.194589933271377,0,1,3,0,1,3.443948594324165,0.0,4.213760943969085,0.11808294201787006,0.6137341599871179,0.5945388623033565,-0.3914195821035604,0.0,0.3581588656523881,0.7491657358513757,low,0
S0089,2025-03-12,11,mid,4,47.25100955731348,0,3,1,1,0,0.0,0.0,7.1590935678923815,0.9826261197642916,0.7250422734383949,0.5391641044657317,0.1624204695740854,0.0,0.6991238953322956,0.9188199552716053,low,0
S0089,2025-03-13,11,mid,5,30.984828333715697,0,0,4,1,0,5.7625091413778655,0.0,10.054882130376697,0.05027939409300508,0.2944079748331321,0.44201456117221105,-0.6531800905065241,0.0,0.551215569433775,0.8520044830317497,low,0
S0089,2025-03-14,11,mid,6,47.711089467479,0,3,2,1,0,9.44255588860234,0.0,9.855755432400006,0.019272363634500356,0.926820045082793,0.5973510771041531,0.6688589424942917,0.0,0.18452026439573654,0.6275171942034573,low,0
S0089,2025-03-15,11,mid,5,36.793212500407805,0,2,4,1,0,0.9797835382913078,0.0,12.252246431892097,0.6918776321197567,0.3217993192664501,0.9892637495527754,-0.43439694271842,0.0,0.6374043000796544,0.2714590615893283,low,0
S0089,2025-03-16,11,mid,4,41.63570082107849,0,1,2,1,0,7.397842126848078,0.0,10.845957976067806,0.1417134185272826,0.9241833459353196,0.47859633171804816,0.008422508787452099,0.0,0.031237166727039023,0.969550489252829,low,0
S0089,2025-03-17,11,mid,5,42.060821696629986,0,2,3,0,0,6.315505767817453,0.0,11.11363263107224,0.6650923202657155,0.7251734357706267,0.21779915176405518,-0.41421826695169583,0.0,0.9377816391638695,0.16309299234818564,low,0
S0089,2025-03-18,11,mid,6,50.35862042856081,0,1,4,1,1,9.00538159349015,0.0,8.591853121439625,0.6549407480031642,0.11273169467889599,0.6190711306739837,-0.7786247064462546,0.0,0.8558654977386796,0.9283067763006203,low,0
S0089,2025-03-19,12,mid,7,36.074483156386954,0,1,1,0,1,6.247005678917377,0.0,7.813216463418724,0.5918881007088449,0.713788002963691,0.1487581692020088,0.6089011007478362,0.0,0.3659414743852679,0.9882529219825575,low,0
S0089,2025-03-20,12,mid,4,38.29664890184474,0,0,3,0,0,8.969231776504627,0.0,11.845770120097956,0.8069082687977128,0.5418151180349896,0.49250996936971847,0.565556112537013,0.0,0.41593625823807556,0.07861274429040455,low,0
S0089,2025-03-21,12,mid,5,46.014076002422044,0,1,4,0,0,4.924039641121319,0.0,12.81790957537515,0.5075509207282799,0.9187709569348963,0.43893600496638185,0.8051785476144067,0.0,0.6811485842563882,0.2827606969897336,low,0
S0089,2025-03-22,12,mid,6,53.9878370085145,0,2,3,1,1,2.759843046138251,0.0,13.060745594757286,0.8566791655337798,0.8759318178209056,0.27887967240817424,0.19326751902689066,0.0,0.8113275301890037,0.07311967188865554,low,0
S0089,2025-03-23,12,mid,6,45.55527373079061,0,0,3,0,0,7.746592206983589,0.0,10.301496702787496,0.2941366387777502,0.12209915908111735,0.15674634390682374,-0.527780202339954,0.0,0.271755755918318,0.4216083978794537,low,0
S0089,2025-03-24,12,mid,5,48.97578362662738,0,0,4,1,0,6.174605151603229,0.0,8.286513610935279,0.8802028130303956,0.8528744099130141,0.9247841784086624,0.61552827872258,0.0,0.6327565299815757,0.43018698076124184,low,0
S0089,2025-03-25,12,mid,5,57.273809386001474,0,1,3,1,1,0.5526377824151663,0.0,1.3770195331184283,0.6548523014279266,0.7496692750381091,0.3472763444768385,0.854828546919302,0.0,0.4563596815123445,0.5737806753722331,low,0
S0089,2025-03-26,13,mid,6,47.437260785912706,0,1,1,1,1,3.6333686072038613,0.0,5.321431873942897,0.4656223585167314,0.22480635105895264,0.07531720385902607,-0.5024708569138796,0.0,0.7723603206541618,0.6093242211772223,low,0
S0089,2025-03-27,13,mid,6,61.93452177848002,0,0,3,0,0,10.143307259533884,0.0,15.772152674527103,0.9609754891505422,0.8179095015165114,0.3912965370076945,0.21947796890675164,0.0,0.6561618639556586,0.6700154506509963,low,0
S0089,2025-03-28,13,mid,6,53.41226194052643,0,0,5,0,0,3.0180458534473757,0.0,8.112617351584353,0.610819580267751,0.8253681259491956,0.02999731019504881,-0.9015579201865778,0.0,0.03727530732058271,0.7016480124341627,low,0
S0089,2025-03-29,13,mid,7,35.454247823122586,0,0,2,0,1,5.500538718891615,0.0,5.928250075158341,0.4338063972970214,0.8905610406210479,0.03777663723091185,-0.10709921258481803,0.0,0.8378404792250337,0.6802949660707458,low,0
S0089,2025-03-30,13,mid,4,52.27357144496858,0,0,4,0,1,6.472885892900089,0.0,6.936614261083436,0.5049164770777322,0.4924312729934893,0.014823703242155317,0.05223052355347191,0.0,0.09548941884173079,0.26887289235459777,low,0
S0089,2025-03-31,13,mid,5,44.24856932438474,0,2,1,1,0,6.758481585679595,0.0,10.821100438655195,0.730421185988994,0.09659571686872015,0.8768827186155386,0.500295662781074,0.0,0.331797075856898,0.1420558996958443,low,0
S0090,2025-01-01,1,mid,5,46.399377871867365,0,0,5,0,0,4.620698370261165,0.0,7.837929468507861,0.14478204273989592,0.7045017612578374,0.9590861827095274,0.6138548082447142,0.0,0.3880750559958571,0.6636131573247054,low,0
S0090,2025-01-02,1,mid,5,42.921433580490316,0,2,4,1,0,1.642381657940617,0.0,8.469469103157325,0.32887361332873455,0.17103343071963684,0.9310004092695288,0.790514516661303,0.0,0.3308923128930127,0.9173665211664399,low,0
S0090,2025-01-03,1,mid,4,39.726201270219285,0,2,1,1,0,4.750881093448518,0.0,9.259524155689945,0.3848653831525748,0.07493077677732096,0.16728538756194944,0.6866817570865713,0.0,0.4675860815506381,0.9422920147378685,low,0
S0090,2025-01-04,1,mid,6,35.77211146031676,0,3,3,1,1,1.1059258603966136,0.0,13.246312080150359,0.01424552941413637,0.6078349274069701,0.8945546814436954,-0.5923905532605263,0.0,0.99503036301368,0.2104815981546856,low,0
S0090,2025-01-05,1,mid,5,71.70606776926762,0,2,1,0,1,3.6465618967829982,0.0,10.361630715268461,0.6177914850529841,0.9533339815873569,0.43279065700534736,-0.3975088971371057,0.0,0.5990359195591713,0.6840013961163667,low,0
S0090,2025-01-06,1,mid,5,43.32857257059981,0,1,4,0,1,7.853492227496924,0.0,12.284428322966455,0.4433837795930534,0.4223710385057807,0.21876970023655806,0.1162948691707828,0.0,0.6942796015535477,0.2656433192068359,low,0
S0090,2025-01-07,1,mid,5,39.31586679448475,0,0,5,0,1,7.090869803464518,0.0,8.302328659526042,0.5072902321585112,0.22444903534198202,0.830519382214061,0.828062663918151,0.0,0.18348486428368838,0.550860056724294,low,0
S0090,2025-01-08,2,mid,6,69.52164856798706,0,0,2,0,1,3.2013427975348177,0.0,13.261471022467738,0.09900148953549792,0.8047487701927001,0.10405382859251244,0.627973039515775,0.0,0.5350540134264674,0.6798587935812962,low,0
S0090,2025-01-09,2,mid,6,33.4435798383506,0,1,4,0,0,5.3652125254055,0.0,9.335428676803817,0.08236657349439014,0.7022004999238876,0.7546549270303865,-0.1911901310632842,0.0,0.7186900961223661,0.20369348950498134,low,0
S0090,2025-01-10,2,mid,6,43.81044545304609,0,0,3,0,1,4.183077716185273,0.0,15.32408356242072,0.31039609643642385,0.8894299666869641,0.4799374810599244,0.5089463058139223,0.0,0.463589203933474,0.3049906142759712,low,0
S0090,2025-01-11,2,mid,4,48.50808348675805,0,0,2,1,0,5.932473600726225,0.0,5.17727125749813,0.49268457778225594,0.8684106115531592,0.765750011896611,0.38980937482595834,0.0,0.9017999592190332,0.5855304429042991,low,0
S0090,2025-01-12,2,mid,6,48.17720046776206,0,1,2,0,1,2.7679977006167142,0.0,8.219433266933802,0.6928108692972718,0.30453246938731227,0.263897754565668,0.18335758814811864,0.0,0.2565892357158598,0.318827622375063,low,0
S0090,2025-01-13,2,mid,7,57.07819409591684,0,2,2,1,0,3.8048399581676593,0.0,16.759013169719978,0.0877239930160445,0.40158255134390974,0.306192231294823,0.39820626277546056,0.0,0.5587778605631638,0.5282501795792564,low,0
S0090,2025-01-14,2,mid,5,51.7265594100524,0,1,5,1,0,4.168724194244433,0.0,15.505641568464563,0.26090725555152994,0.021326974592295933,0.3883438461584877,0.19158082258903897,0.0,0.2921149711857496,0.8097197452039198,low,0
S0090,2025-01-15,3,mid,5,56.50523871674599,0,1,3,0,0,1.8500162885065317,0.0,13.815025114126993,0.10233975667309081,0.8781656952420057,0.9229419545690679,-0.0651565972123671,0.0,0.4248102355059308,0.2204706624650079,low,0
S0090,2025-01-16,3,mid,6,45.0060536283926,0,0,1,1,0,5.4457196454112475,0.0,7.944260433783031,0.49687850623251373,0.7425334011416338,0.4010123530243015,0.9554219752744653,0.0,0.9518602262807839,0.0959002029252024,low,0
S0090,2025-01-17,3,mid,5,38.43231282887514,0,0,5,0,1,5.99090225699839,0.0,13.56430673261044,0.06042349818391923,0.8598042196264634,0.7778634891783782,0.14299123896793997,0.0,0.6951108938156118,0.23138246136268192,low,0
S0090,2025-01-18,3,mid,5,65.29300901309972,0,1,4,1,1,5.68379941507791,0.0,8.875397851960852,0.9638969329302673,0.41368478244396656,0.9700814958805086,-0.24450206647585637,0.0,0.716150334482671,0.35901034741141313,low,0
S0090,2025-01-19,3,mid,6,27.79147800479677,0,2,2,0,0,3.776401938120434,0.0,8.915586802217055,0.6374986754672678,0.7492242091036238,0.5438067721978718,-0.3267588598761568,0.0,0.9878434613135135,0.03344775771380537,low,0
S0090,2025-01-20,3,mid,7,51.06447631604566,0,1,3,0,0,4.952430759093098,0.0,12.17628306434164,0.4704045806710262,0.7533992914307399,0.23351353316147383,0.8083103463090282,0.0,0.8483747926516875,0.13504867782259933,low,0
S0090,2025-01-21,3,mid,5,42.17733944919192,0,2,4,1,1,5.663593707519663,0.0,10.060624883035311,0.6377304931529901,0.5662147616928096,0.9278071928078926,0.6030932651253398,0.0,0.4073729106778825,0.010670552801403499,low,0
S0090,2025-01-22,4,mid,6,48.92024447629165,0,0,5,1,0,2.8217831062914764,0.0,9.922623577534715,0.9539991720275819,0.012327023229507739,0.24532413729146751,0.6130532414457679,0.0,0.8456762530379721,0.6766104980377297,low,0
S0090,2025-01-23,4,mid,7,48.81873866011101,0,2,4,0,0,6.964380814920592,0.0,8.463111216702728,0.03357688327621344,0.6907227517259138,0.044774061665761145,-0.048142157435624,0.0,0.4223694371580574,0.9365282437645458,low,0
S0090,2025-01-24,4,mid,6,25.35347222046308,0,1,4,0,1,2.890106453271253,0.0,11.569926677274623,0.3649203895929388,0.3329055167778552,0.5149632408715262,0.6687624181880782,0.0,0.8847327913229648,0.6830694611466628,low,0
S0090,2025-01-25,4,mid,6,47.05493575738154,0,0,2,1,0,3.451582266571735,0.0,11.299832074412883,0.05578042709897979,0.9971574616458452,0.5685785675628009,0.39716448592378883,0.0,0.8789636370363767,0.0024871474037893027,low,0
S0090,2025-01-26,4,mid,6,54.77669893234218,0,0,1,1,0,6.5252788357173666,0.0,7.780796199536712,0.5531867886619415,0.44222121720910335,0.6547171063615222,0.742963205523614,0.0,0.40324333698318393,0.6884184403995716,low,0
S0090,2025-01-27,4,mid,4,31.397392053339814,0,2,1,0,1,5.494429927124075,0.0,8.044756707153862,0.5756893711980583,0.631900335164002,0.44354568961572494,0.41012832651035014,0.0,0.6643082995713823,0.8525666369260069,low,0
S0090,2025-01-28,4,mid,6,61.55539351171018,0,0,5,1,1,8.962836477506874,0.0,9.94123031954451,0.55974902448523,0.6899433387571798,0.05372558468502242,0.9968693582841073,0.0,0.7805222276155187,0.2658750097657875,low,0
S0090,2025-01-29,5,mid,4,70.68297552011491,0,0,5,1,1,7.498309868774792,0.0,10.126023896725831,0.11919365693684869,0.05583088433694794,0.5056851385938785,-0.06507406275983385,0.0,0.6454170266454933,0.2901681477903605,low,0
S0090,2025-01-30,5,mid,4,43.2205735800122,0,2,2,1,0,6.776917166772609,0.0,12.421141004350396,0.34102253775051283,0.7023280074219925,0.4332738266502897,0.43933609552095665,0.0,0.6973360462026792,0.3016480997625789,low,0
S0090,2025-01-31,5,mid,6,27.957886829618317,0,2,5,0,1,3.4187934480806588,0.0,10.055004114180862,0.41041422886898316,0.18325016095962587,0.3107279269171872,0.6333056817378921,0.0,0.519795903656895,0.23594350218947224,low,0
S0090,2025-02-01,5,mid,5,50.23115991921146,0,0,3,0,0,2.61618826853346,0.0,9.124746455915327,0.511714047796536,0.10589479375559963,0.8996358338197942,-0.8771962742871782,0.0,0.6206534285747356,0.8917732017882446,low,0
S0090,2025-02-02,5,mid,5,42.56159892997103,0,1,3,1,1,5.6757122794350785,0.0,14.302904332794217,0.2624644519747381,0.23909102710912944,0.8318100338466137,-0.26393818274510195,0.0,0.6139334092172365,0.8855192919507214,low,0
S0090,2025-02-03,5,mid,7,35.73171453157876,0,1,3,0,1,4.591955879166182,0.0,12.542489247671826,0.4874318939041248,0.736125209715274,0.1934483836709271,-0.9710480862605757,0.0,0.8536306791318342,0.6562159174862884,low,0
S0090,2025-02-04,5,mid,6,62.70506398942642,0,2,1,1,1,5.1108472028168395,0.0,8.917894103936037,0.18656721125694387,0.9250276418576318,0.8127575826789364,-0.5715096869481295,0.0,0.4421665390376911,0.8425941700113686,low,0
S0090,2025-02-05,6,mid,5,41.31944052249329,0,2,1,0,1,1.2932985339560048,0.0,11.658502815260052,0.638282713923583,0.5938368546833341,0.5902344871733134,-0.28776492786849905,0.0,0.8784593353028195,0.5549202761006871,low,0
S0090,2025-02-06,6,mid,4,64.84135150449046,0,0,4,1,1,7.205743892474155,0.0,9.411892337399392,0.43169700012562373,0.11706897088029422,0.105877673025634,-0.9970003777231844,0.0,0.28975522156685807,0.43225978776698504,low,0
S0090,2025-02-07,6,mid,5,40.81440429125783,0,0,5,1,1,2.50109872107929,0.0,10.195371452110413,0.5985745670400197,0.9767813464526434,0.9758194562719393,-0.30171169039561363,0.0,0.7284499726039014,0.4415718639945909,low,0
S0090,2025-02-08,6,mid,6,38.76785941474996,0,0,5,0,0,5.4963816281248326,0.0,7.583776915516251,0.07835250103875069,0.01622034524652005,0.3153212231480016,0.3853135570295878,0.0,0.8527114711861145,0.5311218742742404,low,0
S0090,2025-02-09,6,mid,8,22.460799790573823,0,1,3,1,0,6.467464558647089,0.0,10.540769443963441,0.6920966369879916,0.24244311725046863,0.9398662252228518,-0.6200395661417828,0.0,0.18599587752060032,0.7422864360541861,low,0
S0090,2025-02-10,6,mid,4,45.691961605175266,0,0,3,0,1,2.1307644136938393,0.0,8.595166561415585,0.2340814555288735,0.6479075206764011,0.33631824371925,0.6958578602932657,0.0,0.5268556428893023,0.26160190325803434,low,0
S0090,2025-02-11,6,mid,6,40.528630008998945,0,2,2,1,1,2.605313996257524,0.0,2.2542822137909875,0.5873525055104969,0.6604648080979809,0.6086400510232728,-0.4372756861719491,0.0,0.17790174538078773,0.02804330643389885,low,0
S0090,2025-02-12,7,mid,5,31.69216031316374,0,0,3,1,0,7.388631640225283,0.0,12.822949166513926,0.15183006651027509,0.6765580112846107,0.39304693859460416,-0.3297155103953855,0.0,0.25939050438001643,0.8644301160931819,low,0
S0090,2025-02-13,7,mid,5,55.40113508500625,0,0,3,0,1,5.124518119347849,0.0,8.493097087335004,0.1318955247922644,0.06058204457191363,0.09704016315308273,-0.7793337496618191,0.0,0.6556601143990363,0.5823894967699128,low,0
S0090,2025-02-14,7,mid,4,37.16769778014005,0,0,1,1,0,6.372456946408828,0.0,8.381617703113493,0.32036682651773063,0.14812085980843426,0.42087260213183963,-0.8043484866712316,0.0,0.6031315809913392,0.1603086569015576,low,0
S0090,2025-02-15,7,mid,4,48.50172119250741,0,1,5,1,0,2.399305437740183,0.0,9.018418470728255,0.9734609114204922,0.020571460007193565,0.12420506060153635,0.4254326400245585,0.0,0.7406878238056147,0.15641539772314506,low,0
S0090,2025-02-16,7,mid,6,47.97083641371376,0,1,4,1,0,3.314317089620009,0.0,14.724754464209322,0.9642074997945984,0.5482759354107799,0.902313792864201,0.7752446109349749,0.0,0.5108862414230451,0.2083860297834742,low,0
S0090,2025-02-17,7,mid,4,40.60043541004026,0,0,1,0,1,2.208670994057047,0.0,9.373859188617626,0.9654998783261307,0.4760867694901447,0.685213790357509,0.914742069619765,0.0,0.9297869713670638,0.9644618282178847,low,0
S0090,2025-02-18,7,mid,6,53.38408149717138,0,0,2,1,1,4.502504973010401,0.0,11.181489641802191,0.2101118305068581,0.5759864738016715,0.23149453402883235,0.1587906020951,0.0,0.6514528981624671,0.3540237741807887,low,0
S0090,2025-02-19,8,mid,4,20.949414565668224,0,0,3,0,0,7.760382867471375,0.0,13.29687037724566,0.0413717585012906,0.10167704542728317,0.9979309440678972,0.5342826837176065,0.0,0.468048395431525,0.670358413219304,low,0
S0090,2025-02-20,8,mid,6,56.3174554154539,0,2,1,1,1,2.497818679253457,0.0,10.287253909437668,0.23227160993498375,0.8376284595307383,0.9665247237167648,0.9119392991709547,0.0,0.4958341648770398,0.6167917846152136,low,0
S0090,2025-02-21,8,mid,5,63.19098696220624,0,2,2,0,0,2.46142418878735,0.0,10.90846882898191,0.13620270568145798,0.5157050269128476,0.1909227019459917,-0.09661762508650007,0.0,0.05269997202027721,0.470561355194854,low,0
S0090,2025-02-22,8,mid,6,38.13843531513462,0,0,4,0,1,8.013489920508896,0.0,10.022180422614746,0.5788986246402592,0.22894991904825235,0.4216583918662966,-0.17474656814112222,0.0,0.992314085154948,0.5498857852391056,low,0
S0090,2025-02-23,8,mid,6,37.39803625270845,0,1,1,0,1,4.687273261054707,0.0,4.590370307572318,0.47429006978625765,0.48661419760507607,0.9376058342624523,-0.20353863537452987,0.0,0.8143736846941598,0.4764676896013804,low,0
S0090,2025-02-24,8,mid,6,44.05080571224179,0,0,5,0,1,9.267910563903218,0.0,6.886515906712838,0.0669192330891174,0.5237175477969668,0.5442305751945493,0.25265531931863316,0.0,0.08492494017795293,0.8622117482874051,low,0
S0090,2025-02-25,8,mid,4,38.368483217265066,0,1,3,0,1,4.096163146728227,0.0,6.3170330835868125,0.719980019863245,0.0935951387419578,0.6956250669467167,-0.7287172252110901,0.0,0.9799071689327699,0.44420973748304915,low,0
S0090,2025-02-26,9,mid,7,27.15739301778005,0,0,4,0,1,5.507460580902149,0.0,9.505345898291147,0.2852834872704477,0.013582242082897933,0.6891445764285499,0.8345223013337655,0.0,0.8674827907334639,0.19031832690940054,low,0
S0090,2025-02-27,9,mid,4,52.86851492779696,0,1,1,0,1,3.496948976876749,0.0,11.277443484327597,0.5640991998809072,0.2638073274705176,0.726218151486494,-0.15512681051424004,0.0,0.25371038706438365,0.9182939347828535,low,0
S0090,2025-02-28,9,mid,6,41.40281107418502,0,0,5,0,0,4.544166948136606,0.0,13.529894344707273,0.08003495444345177,0.5600147677026521,0.5535577753996922,0.6095277755632025,0.0,0.09250010440668155,0.6992798764733887,low,0
S0090,2025-03-01,9,mid,6,57.15590207198737,0,0,2,0,0,4.639682995568849,0.0,4.322836746865937,0.6619840760891694,0.5067012017300206,0.5275708259118541,-0.878883080785841,0.0,0.8971080123747439,0.1744153891477992,low,0
S0090,2025-03-02,9,mid,5,55.79866392970173,0,1,3,0,0,4.577320566458769,0.0,9.223643511501146,0.07232882314202471,0.07891913616947532,0.549264684978895,-0.6723901649964752,0.0,0.22146617237070432,0.45137904870991663,low,0
S0090,2025-03-03,9,mid,4,43.32615955496459,0,1,4,1,0,3.464316677496389,0.0,12.231907008832302,0.711681851572114,0.742210691530137,0.8057341137965933,-0.5652252395759856,0.0,0.1534610594805047,0.3241468078559854,low,0
S0090,2025-03-04,9,mid,6,46.30921350325748,0,4,4,0,0,5.173470474288506,0.0,12.233195794272213,0.31496745606120347,0.16077926603489678,0.26124774559280883,0.7528156452983479,0.0,0.20638030647886152,0.14934336451774477,low,0
S0090,2025-03-05,10,mid,4,34.48210608050629,0,1,4,1,0,6.32995117086006,0.0,9.981043231842024,0.4147019946122048,0.03678427952290064,0.2736088824426761,-0.3432132916935595,0.0,0.6194287261627662,0.867639878774662,low,0
S0090,2025-03-06,10,mid,4,52.990292836852355,0,0,3,1,0,2.9462170970811075,0.0,10.091075942600437,0.23226895450357643,0.42582512105933223,0.7242983904235172,-0.5182998191437533,0.0,0.6396077840090758,0.2736000600056673,low,0
S0090,2025-03-07,10,mid,5,54.06572617976428,0,1,4,1,0,5.0673048986322415,0.0,12.8729492910073,0.10854881569780106,0.4769532721229893,0.560501424200064,-0.6910294322551513,0.0,0.764710259061994,0.11659047939086975,low,0
S0090,2025-03-08,10,mid,6,35.90020353049385,0,2,1,1,1,5.677647231297508,0.0,11.143747558338168,0.2701043441446429,0.7875977677555493,0.37477489921513774,-0.8298292331442034,0.0,0.5148888107280565,0.26968683853643494,low,0
S0090,2025-03-09,10,mid,5,41.06067173558975,0,0,1,0,1,5.8200532038888255,0.0,8.457337478229649,0.9348892991190446,0.23044804994467016,0.03175796061814584,0.6686256328133955,0.0,0.7360883644236468,0.28254232814716373,low,0
S0090,2025-03-10,10,mid,7,46.18857267504715,0,0,4,1,1,3.566206211681844,0.0,9.718292433078336,0.535220952152091,0.8652256802608945,0.340435292025565,-0.37230562523872535,0.0,0.05034180710182701,0.144979835597827,low,0
S0090,2025-03-11,10,mid,6,36.11146747070295,0,1,1,0,1,3.2760251547849095,0.0,15.154873699817735,0.07304565474738556,0.5584088304328715,0.3277158741958818,0.10877313523216015,0.0,0.46700310727720884,0.2934986377269385,low,0
S0090,2025-03-12,11,mid,7,40.59900733707971,0,1,5,1,0,3.1743535360143493,0.0,5.115251481968526,0.214944117802492,0.9594997660916526,0.2906349976948628,0.21987861128338348,0.0,0.2790979181425697,0.795747717612563,low,0
S0090,2025-03-13,11,mid,7,51.690176578642735,0,0,2,0,0,5.144279789743822,0.0,9.890690947237779,0.0710633991303865,0.6393501527776355,0.7971862549839518,0.1000433948557351,0.0,0.00844981632053965,0.9299150104315664,low,0
S0090,2025-03-14,11,mid,6,45.97213886708757,0,0,1,0,0,7.368028045761635,0.0,8.482185178563522,0.9768810370050519,0.48479109372579265,0.2835014645948156,0.5488245178052269,0.0,0.8545606250208873,0.6360565354733493,low,0
S0090,2025-03-15,11,mid,6,44.568260799386024,0,1,2,0,1,5.4909051937626945,0.0,8.803282996882023,0.1727348854587889,0.38807443254438234,0.5061645984079737,0.8081580262315002,0.0,0.05203711271318712,0.13436355674474898,low,0
S0090,2025-03-16,11,mid,6,51.96988766918673,0,1,4,0,1,6.760371750249456,0.0,9.996094886862194,0.6836165756524374,0.07520635326360947,0.8569258171648215,-0.5308295280823612,0.0,0.5129538158430427,0.3007441093651396,low,0
S0090,2025-03-17,11,mid,6,43.854036126852904,0,0,2,0,0,5.478843286511958,0.0,13.119584915898995,0.6512456353014223,0.2705930739332648,0.3278401901402296,-0.9190229580566154,0.0,0.0750285430438058,0.9637189010096078,low,0
S0090,2025-03-18,11,mid,4,46.376271485096666,0,0,2,1,1,7.154405391945138,0.0,9.231594388488233,0.9380048742038152,0.9993064139944232,0.40817933322512023,-0.16785642842083193,0.0,0.5591924658005423,0.161225134635668,low,0
S0090,2025-03-19,12,mid,6,51.33422912101483,0,1,4,0,0,3.194778505391775,0.0,15.308934596845656,0.11833625509211454,0.5714414956176037,0.5892022102653328,0.3048954312241552,0.0,0.9274865900705146,0.43902337510681755,low,0
S0090,2025-03-20,12,mid,5,41.329869650237676,0,0,4,0,0,7.091913486087251,0.0,3.534915945842405,0.4014115438245014,0.044893502307526645,0.17417241224866553,-0.4640356393262546,0.0,0.6348675355774894,0.8650440648089461,low,0
S0090,2025-03-21,12,mid,5,38.65811807972267,0,2,2,0,0,3.1939146260620914,0.0,7.778021143887679,0.3796429227552044,0.030791775563808077,0.7459494786252653,0.9082093268939222,0.0,0.905274760766156,0.7664815687504022,low,0
S0090,2025-03-22,12,mid,4,55.6255637712583,0,0,2,1,0,8.599645160954005,0.0,11.074216793548613,0.9199647848074359,0.681085255669122,0.06831737030390095,-0.8137885331553631,0.0,0.08102098301006688,0.35770821609699943,low,0
S0090,2025-03-23,12,mid,5,41.71691642553894,0,1,4,0,0,6.220508357194251,0.0,11.900018677902109,0.7377313701191964,0.15035253597250775,0.9866347843004568,0.6908522142552944,0.0,0.6428752412604307,0.6800637469441547,low,0
S0090,2025-03-24,12,mid,7,25.496306910146842,0,0,1,0,1,5.718804763129131,0.0,11.314003237719056,0.28744095752434007,0.1750755445917085,0.2143118240032148,-0.3070678076646507,0.0,0.10328129875345538,0.27323734479273676,low,0
S0090,2025-03-25,12,mid,7,59.85166250984738,0,1,1,1,0,7.508005535763308,0.0,8.747449076827325,0.5879842045202969,0.2717404962709009,0.3715856127349343,0.9274297303592893,0.0,0.6025743058550923,0.5007333324385062,low,0
S0090,2025-03-26,13,mid,6,28.7302596707475,0,0,1,0,0,6.6436929014342265,0.0,5.899111614480453,0.016457913320827022,0.33090951848324013,0.2373246524180327,-0.4140399110120929,0.0,0.4119503537407819,0.41649644618239634,low,0
S0090,2025-03-27,13,mid,7,41.06595543624631,0,0,2,0,1,4.210479003207327,0.0,13.7746622469887,0.282670774795859,0.27555044253627536,0.8039896773986027,0.7081722275044973,0.0,0.2082581907651998,0.3718967288103706,low,0
S0090,2025-03-28,13,mid,7,29.244111540849122,0,0,2,1,1,6.919299277814614,0.0,8.74350393557601,0.17168110325338415,0.5065314100372728,0.877681902840057,-0.23546625898145734,0.0,0.01633173561524215,0.9437235406393393,low,0
S0090,2025-03-29,13,mid,4,50.9088460213968,0,1,1,1,0,5.389873951062642,0.0,9.850851520355494,0.08721789695682769,0.9369913526383425,0.650222519283148,-0.3841713549759138,0.0,0.2662049369878018,0.9554570734863402,low,0
S0090,2025-03-30,13,mid,6,24.10980628241046,0,1,1,1,1,2.3966639606395845,0.0,14.220663284551385,0.1629222261906812,0.5908559614394192,0.44432406845298533,0.45633208074412734,0.0,0.7113675204180919,0.9409917669812065,low,0
S0090,2025-03-31,13,mid,7,55.44710404019974,0,0,2,1,1,6.8324015682458965,0.0,15.104621755187598,0.7272853940063285,0.3741715330510462,0.12303767870682314,-0.9912209291106839,0.0,0.39996293973275365,0.8054605464510722,low,0
S0091,2025-01-01,1,mid,5,40.62916162609296,0,2,2,0,1,5.863173643492864,0.0,9.013182269542797,0.9207199665903802,0.9092544110251923,0.5661750983690903,0.7425852147556609,0.0,0.7931865285891313,0.618984246816335,low,0
S0091,2025-01-02,1,mid,4,45.737139654640224,0,2,1,0,1,6.624383287520535,0.0,10.83388671183974,0.4493159728379259,0.20878065071371577,0.6515517695915441,0.8973241388621398,0.0,0.6301104975739291,0.8786530489702102,low,0
S0091,2025-01-03,1,mid,5,37.04566424308319,0,1,1,1,0,5.3675990168522,0.0,8.475326637198005,0.10794262172129676,0.41017848595060935,0.4866645744497444,-0.08507157436453494,0.0,0.031130175181640518,0.33918060812492934,low,0
S0091,2025-01-04,1,mid,5,49.63954236883664,0,0,4,1,1,4.339949467988235,0.0,14.484398177355366,0.7776794111151022,0.7712182769943853,0.33380034004285,-0.2591152727984738,0.0,0.4837961884006443,0.5985920666194575,low,0
S0091,2025-01-05,1,mid,5,47.69059180378146,0,0,3,1,1,6.174849385175279,0.0,20.438246939756816,0.13275112546068102,0.514556743814574,0.7160106331924239,-0.013076688120327029,0.0,0.4004472961246447,0.6602296208044313,low,0
S0091,2025-01-06,1,mid,2,43.89944278187848,0,1,5,1,0,2.6451318657979215,0.0,15.307430454976792,0.638031811921589,0.8186402347205466,0.6308011633552122,-0.6591794828205135,0.0,0.3237071365958366,0.9632368452411065,low,0
S0091,2025-01-07,1,mid,6,40.53553028786292,0,0,5,1,0,2.495145640929167,0.0,10.896391616555173,0.6454317107871941,0.899243127481967,0.29820213617498015,-0.19507808499042167,0.0,0.046551064908390116,0.5756854311606201,low,0
S0091,2025-01-08,2,mid,6,59.18815685210218,0,1,1,1,1,3.4831674765865177,0.0,6.438077933246104,0.9386258775020508,0.2519183431591443,0.08472474756274717,-0.17779560360369717,0.0,0.26684983090999337,0.29070186830294176,low,0
S0091,2025-01-09,2,mid,6,43.01755150676695,0,2,5,1,0,2.777987226484584,0.0,11.38298425519296,0.3103094009167562,0.24575030570177614,0.21077015260785337,-0.9349773643690416,0.0,0.7707842429933314,0.25703958780747194,low,0
S0091,2025-01-10,2,mid,5,43.19927422159071,0,0,2,1,1,6.325048601054877,0.0,10.595121867129167,0.7565854510864903,0.5266774117237704,0.14411226248498898,-0.7271487769299814,0.0,0.13067754359608363,0.9866765422649235,low,0
S0091,2025-01-11,2,mid,3,33.230827779626274,0,0,3,0,0,5.367509800265909,0.0,8.376746451647325,0.7728792382131716,0.24338564122565298,0.907169287432124,0.36407349699530234,0.0,0.4768524698493546,0.7994254321493784,low,0
S0091,2025-01-12,2,mid,3,36.027486170846814,0,0,5,1,1,1.6969096268507102,0.0,13.803185313156883,0.599914974596259,0.6203091452366556,0.43408264249718165,0.8590530450417919,0.0,0.9720777661435981,0.9058178989750032,low,0
S0091,2025-01-13,2,mid,4,48.65609756457145,0,2,4,1,0,9.673918204564028,0.0,5.555882406880174,0.5082938567721456,0.5385502668341631,0.24185129888150037,0.1542203265753359,0.0,0.2602889435807807,0.5843877263244043,low,0
S0091,2025-01-14,2,mid,4,55.98682565662669,0,1,3,1,0,3.1113561954583506,0.0,10.190604202135324,0.34982488211999474,0.9033989702054941,0.5320961746888302,-0.7461276746689764,0.0,0.06867854161249853,0.9399600846772784,low,0
S0091,2025-01-15,3,mid,5,60.09108338548404,0,0,4,1,0,7.678421071237198,0.0,8.314740965100263,0.7517500362062346,0.7879957990887009,0.39949335727900714,0.2895648890498259,0.0,0.08432371467161703,0.23425084283190867,low,0
S0091,2025-01-16,3,mid,6,38.674675655374,0,1,5,0,1,7.316109812903137,0.0,13.068395771122287,0.38748257228466965,0.5156311884136272,0.11158725791054758,0.200275012526407,0.0,0.46439981445204126,0.19014872887205814,low,0
S0091,2025-01-17,3,mid,2,43.96114343444924,0,2,2,0,1,2.9903484888133334,0.0,15.790776959056537,0.3762509382375244,0.22819613840192288,0.24225959810857056,-0.08347672465692013,0.0,0.8384277179841862,0.5514526264159068,low,0
S0091,2025-01-18,3,mid,6,50.765118035006914,0,0,2,1,0,5.039657098405218,0.0,8.022452239045943,0.5352876950917718,0.552036068725701,0.76142145105866,-0.09738414413623087,0.0,0.8437554515116851,0.3390802573487268,low,0
S0091,2025-01-19,3,mid,5,44.11468586370565,0,0,4,0,0,5.52181631310866,0.0,1.4361969783441584,0.9978781532160155,0.7188849985004199,0.10103258163519147,0.21957500582635658,0.0,0.9420148106653922,0.19305259072086878,low,0
S0091,2025-01-20,3,mid,4,59.2492876147127,0,0,5,1,0,6.645937434863508,0.0,9.297568067607001,0.7823524366006013,0.7563676731594914,0.4745595124611577,0.0032528995026017693,0.0,0.30436617982405645,0.9102203154481469,low,0
S0091,2025-01-21,3,mid,4,31.289468418449925,0,1,2,0,1,5.430654094324721,0.0,7.3583971239517165,0.20332476965048263,0.9434588549403962,0.15539093060562748,0.6659433610866441,0.0,0.6087567252439678,0.30844434420014566,low,0
S0091,2025-01-22,4,mid,5,43.12112502259436,0,2,5,1,1,2.847327420548334,0.0,14.321274067769238,0.37364074779450296,0.8421981295628781,0.48852640066743624,0.5159990385281392,0.0,0.13627562445235175,0.43941462045104185,low,0
S0091,2025-01-23,4,mid,3,52.897061257010066,0,1,2,1,0,2.098096769502609,0.0,9.116158661329951,0.9159814228979913,0.7294760327477395,0.8635188487284081,0.47561096045470785,0.0,0.3549655958660566,0.4765302488207953,low,0
S0091,2025-01-24,4,mid,4,38.378919841483686,0,3,3,1,0,7.597939016494523,0.0,11.782553759922244,0.6871690305968845,0.5608844961759571,0.19008928269740288,-0.47166825503232124,0.0,0.10117045670248004,0.22238981237683297,low,0
S0091,2025-01-25,4,mid,5,34.118565410488685,0,0,4,0,1,4.474636734675907,0.0,6.401407732383948,0.9732882019456532,0.43314389482064797,0.7001477251602595,0.9570366871544493,0.0,0.6228783213046909,0.2846482814820903,low,0
S0091,2025-01-26,4,mid,3,37.8543695246201,0,3,2,1,0,4.603839496827195,0.0,11.273501513079419,0.7550071349910087,0.10588526586101221,0.3237616825372265,0.007101137074268626,0.0,0.2397597852504344,0.77354868198608,low,0
S0091,2025-01-27,4,mid,5,49.15398903804281,0,1,1,1,1,3.751252028309104,0.0,11.246500143390353,0.3654294965976026,0.7527071904334914,0.1348848852455572,0.3535511309020367,0.0,0.32845484709139905,0.23592686965154297,low,0
S0091,2025-01-28,4,mid,4,45.956507291787474,0,1,3,1,0,2.896705164938021,0.0,6.254711983801492,0.2920698207290484,0.9226926071622702,0.6891264721369016,0.19215673121558563,0.0,0.43207844279711793,0.6930311484730651,low,0
S0091,2025-01-29,5,mid,3,49.21590719319653,0,0,4,1,0,5.186703860790083,0.0,10.423234074591404,0.7968526109020275,0.6916418598343044,0.1665545400479348,-0.27190629120414944,0.0,0.32634612640645444,0.9883522899731105,low,0
S0091,2025-01-30,5,mid,5,35.164836531086294,0,1,3,0,1,3.8903811612099517,0.0,12.506750749590296,0.17959158661980645,0.005218092785576167,0.3120999925238571,-0.283444697076096,0.0,0.39977918360999887,0.8967137763288904,low,0
S0091,2025-01-31,5,mid,5,39.77243674309242,0,0,1,0,0,5.16591809604954,0.0,9.403451998082225,0.6510836097198056,0.9068157311686648,0.1408273201139909,-0.6197405253412325,0.0,0.4810677958730347,0.3471527253545478,low,0
S0091,2025-02-01,5,mid,5,53.47440382262391,0,1,2,0,1,8.655168866168115,0.0,11.3508033961856,0.5204833311541275,0.7613751536595103,0.19233393345261662,0.3193237278061385,0.0,0.6332285146975687,0.6626762675670438,low,0
S0091,2025-02-02,5,mid,4,45.87840199032977,0,2,1,0,0,7.272853582050326,0.0,16.73158107042476,0.9728679830259273,0.7324015054205653,0.27668409859708665,0.7745424763394892,0.0,0.5362571781981829,0.15866028440613134,low,0
S0091,2025-02-03,5,mid,5,57.62673127196491,0,0,1,1,1,2.4464651607127603,0.0,7.837222558163715,0.6625875020790504,0.4859167166840608,0.9024683241055481,-0.8731607752666046,0.0,0.6390577570462159,0.8467522892997161,low,0
S0091,2025-02-04,5,mid,5,39.641301004744,0,2,2,0,0,2.899206210967416,0.0,7.383394809392913,0.8694070034658298,0.6740652533335757,0.24398203153481124,-0.9486741974973603,0.0,0.749545383967585,0.3115891604418066,low,0
S0091,2025-02-05,6,mid,4,39.542289961229244,0,1,4,0,0,4.293353897199594,0.0,7.622834076837346,0.11862052581554572,0.0638635595612369,0.6059220958559176,0.9050094408565961,0.0,0.07192649321397782,0.7491033809591789,low,0
S0091,2025-02-06,6,mid,4,42.459606632013575,0,1,5,1,0,4.611700745083996,0.0,11.276602740476637,0.02933579565496125,0.1876374776648586,0.4450249593009131,0.7651500280730124,0.0,0.2603091472499147,0.5106029397070585,low,0
S0091,2025-02-07,6,mid,5,27.63392154675524,0,0,4,1,1,6.2981009021225,0.0,10.680533911931283,0.5880660213955594,0.3063929489729579,0.14581990167193837,0.9870357343799538,0.0,0.24491454404015378,0.8667052064157116,low,0
S0091,2025-02-08,6,mid,3,37.853863753299464,0,0,1,0,1,7.671520916554988,0.0,10.90366910686884,0.04545382457286029,0.45711750055559175,0.05357916515118166,0.5915750559132837,0.0,0.2330252741334633,0.36558863273773723,low,0
S0091,2025-02-09,6,mid,5,43.16900645132069,0,0,5,1,0,1.5661084300155692,0.0,10.056462492086805,0.9279059230825288,0.7996908998077963,0.24699324947372847,-0.7599022160103694,0.0,0.738566342544208,0.6599340614823852,low,0
S0091,2025-02-10,6,mid,5,46.02124197947702,0,0,2,1,1,5.955503800197943,0.0,7.659229649813499,0.2681693187876031,0.4176911350033329,0.28981974502325036,0.21913880581594647,0.0,0.010850626221370785,0.6557003233064997,low,0
S0091,2025-02-11,6,mid,6,38.40065655060891,0,3,1,1,1,7.075737895789313,0.0,11.35540654301355,0.1916859755012268,0.9260052380811666,0.300733893357898,0.4138141847838399,0.0,0.7625083198064588,0.821535942738009,low,0
S0091,2025-02-12,7,mid,3,27.582963202545482,0,4,4,0,0,5.0586069016067965,0.0,10.888455115751794,0.5887827568087982,0.9840028955859547,0.8459742483928612,-0.857059065101935,0.0,0.9641821950621564,0.24567355954671322,low,0
S0091,2025-02-13,7,mid,4,55.51880000427377,0,0,5,1,1,6.24255231912686,0.0,6.883174764110644,0.24489376824724152,0.6984562094911191,0.046089350530279516,-0.6494972860129182,0.0,0.7195040072799769,0.5909036081652669,low,0
S0091,2025-02-14,7,mid,4,46.216945628782135,0,2,2,0,1,3.6813933065571076,0.0,9.434384153016016,0.056038173507916844,0.23026004925598287,0.8875537487117918,-0.12156575789458879,0.0,0.7279693935402709,0.9582271219312612,low,0
S0091,2025-02-15,7,mid,6,54.556522396115554,0,1,1,0,0,6.7720033974586915,0.0,8.685495465211597,0.9764589436444051,0.8225052279880302,0.4418594243538957,0.6223372522059285,0.0,0.04482885139748183,0.8641389493991278,low,0
S0091,2025-02-16,7,mid,2,38.78895505467123,0,2,3,1,0,5.697086137727112,0.0,10.15347177751443,0.10145639641503801,0.08610132458058739,0.16378726839742563,-0.5665692678027436,0.0,0.5154968220421072,0.42030360343990514,low,0
S0091,2025-02-17,7,mid,4,66.88646472814048,0,1,5,1,1,2.3519577159055514,0.0,14.055185874191876,0.014849198711412548,0.4300241112283436,0.3667883297043879,0.5437089198016065,0.0,0.09028988141378291,0.7811115603683799,low,0
S0091,2025-02-18,7,mid,4,57.40514753566557,0,1,5,0,0,6.577745047154844,0.0,11.778006786432723,0.8338345406777857,0.510375828967537,0.22206236826425985,0.6477539424984406,0.0,0.6223255708986156,0.6615425806744826,low,0
S0091,2025-02-19,8,mid,5,43.441227596330776,0,1,3,0,0,6.545906815404712,0.0,4.4340997992577975,0.5001768129472774,0.3077030491923848,0.31182334058735783,-0.730056515278181,0.0,0.33724619606449646,0.6339344080046478,low,0
S0091,2025-02-20,8,mid,6,47.79809192265234,0,0,4,0,0,3.2148091074922207,0.0,12.403382394598728,0.8035648848133038,0.007774963217743069,0.19021861551974217,-0.370774472410641,0.0,0.966100962067265,0.7550943432662784,low,0
S0091,2025-02-21,8,mid,4,41.19095753732989,0,2,5,1,0,7.080815845446182,0.0,11.831068972046701,0.6272448635950676,0.009459502360077532,0.283497236361978,-0.9488722714389337,0.0,0.35726697149182673,0.8394522955955837,low,0
S0091,2025-02-22,8,mid,4,49.01836759519848,0,4,4,1,0,2.834274500649455,0.0,4.931112278338947,0.44389248895458633,0.6375583741778349,0.05802130278601014,-0.07400192147007267,0.0,0.49700527108139414,0.33699520456655974,low,0
S0091,2025-02-23,8,mid,5,54.77784126290581,0,2,2,0,1,6.292532277680301,0.0,7.9060284039814235,0.5057424840592479,0.8140849848249373,0.2205873769224328,-0.9856261388070666,0.0,0.2807031300884406,0.18292279696035463,low,0
S0091,2025-02-24,8,mid,5,63.25038262900427,0,1,4,1,0,4.754984726984619,0.0,11.099663827015897,0.7690943913235876,0.8949748150334031,0.4334339410195319,-0.2776819866323488,0.0,0.8911880744646297,0.10519220144853558,low,0
S0091,2025-02-25,8,mid,7,43.49142208663734,0,1,4,0,0,8.469927939993601,0.0,12.897894748633814,0.9824584689415787,0.23104134218916617,0.09278827695684799,-0.6566107274062118,0.0,0.30717641763386283,0.6810890961635382,low,0
S0091,2025-02-26,9,mid,4,25.750397626796545,0,0,5,0,1,1.5604978004992915,0.0,8.002264773093303,0.17851626834825784,0.08646795609177005,0.3572305193468598,-0.542572911403219,0.0,0.6379747601149024,0.37683209618917857,low,0
S0091,2025-02-27,9,mid,6,42.11460968912756,0,0,5,0,1,3.5085931188748365,0.0,11.051140344673536,0.6550917844916597,0.7267038977024033,0.643983062596351,-0.2734314724049862,0.0,0.6535600307763588,0.8312576412517625,low,0
S0091,2025-02-28,9,mid,3,35.96372101804061,0,2,2,1,0,4.253701731854344,0.0,15.173297438485314,0.322064437154739,0.1530862064545846,0.8016597846494738,0.7825289527914869,0.0,0.2531257185383199,0.42822996856532114,low,0
S0091,2025-03-01,9,mid,5,39.79166777798856,0,1,3,0,0,5.374109813563308,0.0,13.29636638146728,0.2404118782698358,0.2950042461710861,0.4119585563398045,-0.7009373559133423,0.0,0.7099568289587131,0.41765548473370895,low,0
S0091,2025-03-02,9,mid,5,51.73984319396128,0,1,4,1,1,2.1456482957826144,0.0,5.41618112908347,0.24453206896759194,0.5877702625105293,0.04069285762819397,0.19290883323560792,0.0,0.5573534656889946,0.6907732664936149,low,0
S0091,2025-03-03,9,mid,2,49.664032024063545,0,1,4,1,0,6.138136028337275,0.0,7.3740447726869665,0.6927275804979581,0.6886628920520652,0.5726497390985467,-0.5238451297237932,0.0,0.10755041596236292,0.24576345063595983,low,0
S0091,2025-03-04,9,mid,4,46.30838202506533,0,1,3,1,0,3.6185291199997076,0.0,15.876641020622962,0.5105408958645986,0.2660064358439965,0.20472598938614395,-0.4621068777169235,0.0,0.9022493812239623,0.2573071557445774,low,0
S0091,2025-03-05,10,mid,6,42.45141723967614,0,1,3,1,0,7.181331604820771,0.0,10.263660257567215,0.576067255699059,0.07972600378144179,0.8031297537995261,0.8318383974259522,0.0,0.8082400400992354,0.1901011722083209,low,0
S0091,2025-03-06,10,mid,3,43.21062269401546,0,2,3,1,1,5.004351302922911,0.0,9.650527797975442,0.8639008923659689,0.7480394488438848,0.26133012901798947,-0.7032620773362224,0.0,0.9587567341525878,0.8273188918512434,low,0
S0091,2025-03-07,10,mid,3,57.38021243875281,0,1,4,1,0,8.089291464275458,0.0,17.422642262746344,0.974368686557479,0.9000199062425865,0.444675923162389,0.8851499392736453,0.0,0.6539882944990454,0.8414818320791234,low,0
S0091,2025-03-08,10,mid,5,35.62787802515053,0,1,1,1,1,4.034406686782669,0.0,4.5211735172378855,0.8806246478181282,0.3691765078509207,0.7036130934121123,-0.28642996796450615,0.0,0.2009873849097943,0.4628901134745057,low,0
S0091,2025-03-09,10,mid,4,49.696051855854996,0,0,2,1,1,1.6102337024068403,0.0,4.463196286198659,0.06373380015527963,0.801255372096937,0.2917757688414546,-0.16015547027008759,0.0,0.44198144817954277,0.8820298114037898,low,0
S0091,2025-03-10,10,mid,4,54.55038523290405,0,0,3,0,0,3.4789140231314954,0.0,7.645791922144426,0.603566979887799,0.03516676567341526,0.6494931477849856,0.4733249573623146,0.0,0.9144692917724067,0.752983630170142,low,0
S0091,2025-03-11,10,mid,4,50.93733067351371,0,0,4,0,0,1.1641503617948281,0.0,11.989142139187877,0.2915586977865027,0.004917150070826715,0.2517388817843601,0.7878603922346621,0.0,0.17914619529692533,0.6333238916300392,low,0
S0091,2025-03-12,11,mid,3,50.526000307407074,0,1,4,1,0,4.274678992007215,0.0,6.93096943378087,0.47502407022451176,0.5463345850837498,0.788729168846158,0.8060186137948739,0.0,0.31723636741267625,0.8869183701879951,low,0
S0091,2025-03-13,11,mid,4,43.507905957000624,0,2,5,1,0,0.8523117152545652,0.0,5.964825623666452,0.2850045074809804,0.22089261453332143,0.03905219190583553,0.3779754642029105,0.0,0.39076547057725575,0.21589137812513648,low,0
S0091,2025-03-14,11,mid,6,45.43730569509745,0,0,1,1,1,6.08988436428995,0.0,7.3866168836106985,0.5151706785904151,0.13837853162578473,0.40056603799039314,0.1018298193606888,0.0,0.5561469568499057,0.4901313941402756,low,0
S0091,2025-03-15,11,mid,4,58.382976099672895,0,1,2,1,1,4.563712719180307,0.0,12.338655522184988,0.038768663736852726,0.5775206087904208,0.2578353231267614,-0.23128363169109734,0.0,0.4695140849542152,0.07620234549716332,low,0
S0091,2025-03-16,11,mid,3,44.05655506955242,0,1,4,1,1,3.3223321662585894,0.0,14.929333887170603,0.3272105407662974,0.7894722895866801,0.20882625169292324,-0.9939401638699461,0.0,0.7786951610989854,0.9149590522320239,low,0
S0091,2025-03-17,11,mid,3,30.372621132607474,0,1,2,1,0,6.14921819109464,0.0,6.147415938895581,0.08976443759131458,0.17207107799869514,0.4314578383971618,0.43010227321446415,0.0,0.5274101042990105,0.7331919549892306,low,0
S0091,2025-03-18,11,mid,5,53.26239516532551,0,0,2,1,0,5.009728252863688,0.0,10.649189130020742,0.7254936064968948,0.7861841841853601,0.23330437088596157,-0.8824554201696049,0.0,0.6006176364680861,0.45302766803914585,low,0
S0091,2025-03-19,12,mid,5,56.8835554685468,0,1,3,1,1,7.5594823188546805,0.0,4.646878696506098,0.5858811027839254,0.8994309520565813,0.846219127296335,-0.15095545245487618,0.0,0.5950163069213752,0.9157104251020918,low,0
S0091,2025-03-20,12,mid,2,41.794267139441885,0,0,2,0,1,3.649003986640512,0.0,11.960066016303799,0.2660729362579465,0.07247043816567,0.6155070649642803,-0.19674198744968763,0.0,0.2253152529544039,0.5293769606789257,low,0
S0091,2025-03-21,12,mid,3,46.868647556273885,0,0,4,1,0,4.789082885879461,0.0,13.591823575096024,0.6431219328451336,0.42476222936162467,0.6988518233397917,-0.4593378830535264,0.0,0.22260343698662866,0.42480447609948835,low,0
S0091,2025-03-22,12,mid,3,42.734732020690664,0,1,5,0,1,4.221042290142148,0.0,10.866859159345044,0.1709699872120337,0.16816087824673798,0.9804278347270003,-0.4932346393584186,0.0,0.18627605110527978,0.9692366865751426,low,0
S0091,2025-03-23,12,mid,6,55.293118687192994,0,2,1,1,0,4.013112030552703,0.0,10.760281004022506,0.11428822265344996,0.5076956624015446,0.7287158616880887,0.5077210644428389,0.0,0.7834792996145429,0.7128134990270062,low,0
S0091,2025-03-24,12,mid,4,58.115402657124214,0,1,2,1,0,6.226131413736244,0.0,8.356126064210553,0.8057603352201064,0.2642793175775864,0.6356516185718544,-0.3065656108930803,0.0,0.396953681218865,0.7794495737805484,low,0
S0091,2025-03-25,12,mid,3,48.615254283853034,0,1,2,1,1,4.534008917044837,0.0,11.31637683207044,0.8068881216512338,0.2520992406104977,0.9802360234215407,0.7803431731818722,0.0,0.1576651813830019,0.5991880224393167,low,0
S0091,2025-03-26,13,mid,4,35.401097271566385,0,1,1,1,1,6.306852127020871,0.0,10.136181300496474,0.6531846835844821,0.47795733525912276,0.1350148446841566,0.8331971020405622,0.0,0.8938362716658481,0.8794349237312878,low,0
S0091,2025-03-27,13,mid,5,43.81721559961924,0,2,1,1,0,4.121685576565834,0.0,9.889965660747103,0.943735740020067,0.45948523904993355,0.5259362061783929,0.5943237850450247,0.0,0.21647830098905385,0.19497588357250428,low,0
S0091,2025-03-28,13,mid,4,56.129994494981645,0,1,4,0,0,2.47749092108817,0.0,8.376337177327349,0.1656704390306455,0.8400325044910794,0.1106252894899602,0.9303363618110754,0.0,0.19609603144839494,0.7213556619529051,low,0
S0091,2025-03-29,13,mid,2,54.408177849973754,0,1,5,1,0,8.925713696307467,0.0,8.564449331964086,0.5752324578994567,0.5917216902512688,0.024968055513540865,0.9256603459484589,0.0,0.1620935563303365,0.4143627443759663,low,0
S0091,2025-03-30,13,mid,4,51.840211205691496,0,0,1,0,0,5.751860692160279,0.0,8.031212371551558,0.4617791562428123,0.2687985722532178,0.8086955164040867,-0.0015947875428108382,0.0,0.7965452373547957,0.2613034892800459,low,0
S0091,2025-03-31,13,mid,3,57.67271029228821,0,2,1,0,0,4.609877234010869,0.0,4.940021452783373,0.5652262257003956,0.2871299916637322,0.5433871532748583,0.91090199831805,0.0,0.1842234382045631,0.8921696372488781,low,0
S0092,2025-01-01,1,mid,5,58.630575447165526,0,0,1,0,0,6.32676745857326,0.0,6.9015753220263125,0.46194017438612767,0.5499178299686,0.6968842040575142,0.9178686411784986,0.0,0.0012854984836220273,0.720327066288261,low,0
S0092,2025-01-02,1,mid,5,39.360358373695476,0,2,5,0,1,6.460238845887217,0.0,12.735092848658873,0.4142940062393351,0.2141814100974877,0.06178633791326149,0.4484245039777539,0.0,0.6963049179551236,0.2846682415418329,low,0
S0092,2025-01-03,1,mid,5,49.07807818602428,0,2,3,1,1,2.4538654268685334,0.0,15.059290737598799,0.418695343683011,0.5001283353499804,0.4695833140815687,-0.8418060552552222,0.0,0.9398858588809375,0.17978555870511526,low,0
S0092,2025-01-04,1,mid,5,47.95822585491554,0,1,4,1,0,4.155059290246407,0.0,7.32552100098628,0.7394766858829612,0.39988914446375046,0.00799503645273647,0.6289854746256129,0.0,0.2242731448810612,0.8552339103597043,low,0
S0092,2025-01-05,1,mid,4,36.447493841963016,0,1,4,0,0,7.044444918196618,0.0,9.420649778531518,0.013035244632361054,0.9309351641820367,0.051600749647229605,0.9624011575292364,0.0,0.10406833258330805,0.20701163683441803,low,0
S0092,2025-01-06,1,mid,4,59.86995187222974,0,1,2,0,1,5.231712818967662,0.0,8.059891522863177,0.2842478148893933,0.802713647751489,0.5348612284825689,-0.036894724440421856,0.0,0.23163594377815822,0.92565800520153,low,0
S0092,2025-01-07,1,mid,6,38.27035875877078,0,1,4,1,1,5.90232891232345,0.0,7.213726991697149,0.8247432469730775,0.8533239760879578,0.7643028998633842,-0.32612878234013776,0.0,0.057682981998733784,0.670960102508868,low,0
S0092,2025-01-08,2,mid,5,51.96121444394738,0,3,1,0,0,6.219964153794655,0.0,7.5782596399475315,0.33495784121614347,0.3727931135535977,0.6009337988903093,-0.672206646527564,0.0,0.9694994651047767,0.04336432175654237,low,0
S0092,2025-01-09,2,mid,4,47.45257249035046,0,2,1,1,0,4.0976644989550195,0.0,8.93147959816614,0.754168499988634,0.6922758912984749,0.48884842973769727,-0.9964942711150899,0.0,0.20576141216413601,0.6764133591229329,low,0
S0092,2025-01-10,2,mid,5,42.76453313619492,0,0,4,1,0,3.5609853684502832,0.0,16.150144311304352,0.6563710317271892,0.8306221703677756,0.8929171825941049,-0.22241137346355622,0.0,0.6105647071390922,0.40947678937176035,low,0
S0092,2025-01-11,2,mid,5,39.59414553673237,0,2,3,1,1,2.4112813253767342,0.0,10.126125677012672,0.4713295406480533,0.4836953332767905,0.7074689320649584,-0.1253747670279277,0.0,0.5195581624402632,0.40079966937707867,low,0
S0092,2025-01-12,2,mid,3,33.43999869365368,0,0,4,1,1,4.30666360499891,0.0,10.715116582783395,0.026682562345268557,0.9102590891839915,0.5493417828352031,-0.5246446113566607,0.0,0.0869144334453984,0.14557979282606293,low,0
S0092,2025-01-13,2,mid,5,34.843951054082595,0,0,1,1,0,1.8036038313869662,0.0,11.753845837368209,0.9038581031458557,0.6997392077185015,0.3463107696522053,-0.035550708525444064,0.0,0.9909664169044919,0.39856080391759907,low,0
S0092,2025-01-14,2,mid,5,47.7598616119735,0,4,5,1,1,4.2903991171932265,0.0,10.808072225193152,0.2806245583327328,0.6009247686901238,0.14018352137105516,-0.8053742381149744,0.0,0.931579067998723,0.7202990771974274,low,0
S0092,2025-01-15,3,mid,5,34.56555213664443,0,1,2,0,0,5.1089923535728925,0.0,11.129661855521558,0.28872466011298614,0.8652063214291678,0.6835962086978826,-0.057969858009108366,0.0,0.4844106442808066,0.9472377899000142,low,0
S0092,2025-01-16,3,mid,3,31.074689271103978,0,1,1,0,1,6.535722109986746,0.0,11.661864020713615,0.5252032239160702,0.70008010949384,0.28995976233220266,-0.8442904375308509,0.0,0.16516468295025022,0.97257601620216,low,0
S0092,2025-01-17,3,mid,4,37.747290474534445,0,2,3,0,1,5.08600600836177,0.0,9.058855626189942,0.6838127451138861,0.07265174961578835,0.3749889677841235,-0.04071322395808519,0.0,0.5027172964796524,0.03570117835473885,low,0
S0092,2025-01-18,3,mid,4,47.468676486486416,0,0,4,1,1,6.41583641783819,0.0,9.610004111723207,0.47722186724142046,0.6785895109565783,0.5053302114961216,0.7329695219125649,0.0,0.9505501931218372,0.7286997424189795,low,0
S0092,2025-01-19,3,mid,4,40.67103786715693,0,0,4,1,0,3.415326231259589,0.0,10.883939804595482,0.12375818194681998,0.6153447387597548,0.6557890544208737,-0.5140682165569057,0.0,0.40107096256888275,0.9333416374056117,low,0
S0092,2025-01-20,3,mid,5,54.38142343752955,0,1,5,1,0,2.971951045555896,0.0,11.138188475506407,0.8243442701318882,0.03641148619044443,0.9698818864999487,0.8032918473316397,0.0,0.9941141088335939,0.5993274497654191,low,0
S0092,2025-01-21,3,mid,3,59.44891518997002,0,0,1,0,0,9.300331809336491,0.0,9.089030816237365,0.0040600913060944155,0.7276106654693265,0.16600885139696187,0.6909322413789611,0.0,0.7645129564580765,0.13976970171241387,low,0
S0092,2025-01-22,4,mid,6,49.36827012927525,0,0,4,0,1,6.799331601606361,0.0,10.8443960089477,0.3947810191133081,0.4359853208074701,0.9772652345095708,-0.08795266035094107,0.0,0.28554543712247427,0.9963483915552566,low,0
S0092,2025-01-23,4,mid,5,62.527727965923475,0,2,5,0,0,7.066831266366125,0.0,7.612168307281271,0.4035223330812373,0.6964773639583328,0.30567854038733355,0.9648693188868491,0.0,0.0910318533115646,0.5751625221741898,low,0
S0092,2025-01-24,4,mid,6,51.68286146494378,0,0,5,1,0,2.7861849027947363,0.0,6.286996300619787,0.7846502090092449,0.9801102764859814,0.11213527654272981,-0.57251666715625,0.0,0.08771472632407395,0.7903634629381532,low,0
S0092,2025-01-25,4,mid,5,58.621769174669204,0,0,4,1,0,5.270258330526711,0.0,11.040577936504135,0.8666568288396154,0.8378075805282286,0.7541473125749475,-0.26568918127630914,0.0,0.8781358161696388,0.7577533388486737,low,0
S0092,2025-01-26,4,mid,4,49.21029756511014,0,1,3,1,0,2.0213070684285808,0.0,8.719356699171037,0.37942651021286733,0.28259722144542654,0.6490156429143208,0.4139289888094779,0.0,0.13845693725992503,0.28768925425171743,low,0
S0092,2025-01-27,4,mid,5,50.850668010844196,0,1,4,1,1,3.7062579283421915,0.0,11.253734297636916,0.12146621865858864,0.9090085119379889,0.158032879128707,0.10188438658126775,0.0,0.6038274380808432,0.31970778334593797,low,0
S0092,2025-01-28,4,mid,3,43.240674539875485,0,1,1,0,0,0.9446784306998834,0.0,10.475495663143763,0.2323558390554793,0.7139243027975741,0.44323803059890077,-0.36486520559559166,0.0,0.44866388763784404,0.3151482923439116,low,0
S0092,2025-01-29,5,mid,3,42.24408117081311,0,2,4,0,1,4.173989936686548,0.0,8.920353629791947,0.4794326504700738,0.5871451850436263,0.7146406853249906,0.8869524503487465,0.0,0.08611164467753873,0.6728128583096357,low,0
S0092,2025-01-30,5,mid,5,56.87702847276377,0,2,5,0,0,7.661918046754199,0.0,9.552720634821334,0.347001918567008,0.0901211154734699,0.04918555803863511,0.690851630675525,0.0,0.7978833431547377,0.5541027401180899,low,0
S0092,2025-01-31,5,mid,3,37.94021727562047,0,1,2,0,0,4.827143567283182,0.0,9.095780325954443,0.39546345467559685,0.7755764123376593,0.4729292589726094,0.7155991584844923,0.0,0.28418873534680844,0.17750878081194577,low,0
S0092,2025-02-01,5,mid,4,39.65569008994375,0,0,2,0,0,1.1619705851147741,0.0,7.368232897743508,0.5163385128623418,0.10296444391806825,0.10846827449001661,-0.9214566656949541,0.0,0.8728597085935266,0.795672726435008,low,0
S0092,2025-02-02,5,mid,5,33.975556590267594,0,2,5,1,1,5.695434031143106,0.0,7.575357389673464,0.5148896936400176,0.6149724652075298,0.27758597966558973,0.4860778205994376,0.0,0.478666639376675,0.09869854857310667,low,0
S0092,2025-02-03,5,mid,4,48.289011011955466,0,0,4,1,0,4.309865285244916,0.0,11.288887949430126,0.0865579165162591,0.9069578505668767,0.2866090710976914,0.11366983995280178,0.0,0.5653343219621105,0.9996613197665088,low,0
S0092,2025-02-04,5,mid,4,51.35283891823713,0,1,3,1,0,0.04223819592911138,0.0,9.18192233879131,0.8873664779244587,0.31259178630771556,0.8641815489863551,0.666957545819135,0.0,0.7792896844859942,0.25500769417131275,low,0
S0092,2025-02-05,6,mid,5,25.02056267553447,0,0,1,1,1,5.853956893846433,0.0,9.027869149476992,0.010491829383942664,0.3727207423107435,0.9288460122133995,0.5799584009616812,0.0,0.14885640819658275,0.3069407270660811,low,0
S0092,2025-02-06,6,mid,5,61.996227432932365,0,1,2,1,1,8.510022039338338,0.0,7.2060722253776985,0.19569856601727453,0.6519086365732605,0.17296604416389827,0.5238856279552127,0.0,0.5421358103932099,0.4303557556893344,low,0
S0092,2025-02-07,6,mid,5,39.61677910241755,0,0,2,1,1,6.133518628173242,0.0,7.098912669789582,0.48707041096432424,0.4672222938294538,0.4628891961495776,-0.17653636497683656,0.0,0.5153355007542249,0.16048761346844598,low,0
S0092,2025-02-08,6,mid,4,42.06119981711595,0,3,1,0,1,8.101462314348048,0.0,12.154801706635103,0.5713337542135177,0.16706180894020062,0.31217216831712113,0.40951858206771186,0.0,0.08245645289983727,0.6833842905389653,low,0
S0092,2025-02-09,6,mid,5,49.48008117471654,0,2,4,1,1,5.256047888754856,0.0,4.78386894722904,0.6892259792853549,0.5029341007161926,0.8493940673225107,0.0839006777089375,0.0,0.16728797151872832,0.8290347586600324,low,0
S0092,2025-02-10,6,mid,5,63.72616226413906,0,1,4,0,0,4.2274518263681795,0.0,12.956514638899598,0.42923306900712876,0.9234903170010783,0.14931339839207836,-0.948998871012767,0.0,0.6449675502350661,0.33065999766812215,low,0
S0092,2025-02-11,6,mid,4,31.814860641801516,0,0,5,1,1,5.214319215548069,0.0,11.075122059813303,0.5564440019149202,0.888026642151998,0.022601833898455492,-0.5721737336038839,0.0,0.46382372113402215,0.10535319970483858,low,0
S0092,2025-02-12,7,mid,3,30.741749648206095,0,1,5,0,1,3.7068869292906816,0.0,8.492548250368692,0.32124637043828663,0.49053801862884616,0.6779432072456825,0.733531634410717,0.0,0.7245792901765482,0.6520969498216972,low,0
S0092,2025-02-13,7,mid,5,46.03777839224361,0,0,1,1,0,4.3397493616709175,0.0,11.160700409391538,0.9692499002695353,0.38958554812866986,0.7061518466490986,0.8896783607952885,0.0,0.27725059395739293,0.43174202119040095,low,0
S0092,2025-02-14,7,mid,4,27.235211261868496,0,1,5,0,0,8.968770977233367,0.0,12.721218906931409,0.35210604391027256,0.2104634379592224,0.2780784200257371,-0.8414922933595566,0.0,0.4452250733260017,0.08532783379906739,low,0
S0092,2025-02-15,7,mid,6,41.31064021470142,0,1,5,1,1,3.4422594309243646,0.0,12.360835231034894,0.14527437686261302,0.08739900006343593,0.680267237625769,-0.965651169708666,0.0,0.5934191604317424,0.34840956611290774,low,0
S0092,2025-02-16,7,mid,5,45.15191623258831,0,0,3,0,1,4.050951773696917,0.0,9.051474490524507,0.3895176587196525,0.9511738941794652,0.5835999159987478,0.8940548126745782,0.0,0.27031503009292446,0.7212906727268322,low,0
S0092,2025-02-17,7,mid,5,27.19074127053036,0,1,4,1,0,1.668768758389536,0.0,7.297857168612082,0.10471114691293204,0.7594747497050882,0.2923187866681536,0.6954398207496644,0.0,0.35349002118117634,0.7447375872230114,low,0
S0092,2025-02-18,7,mid,4,30.366473706949826,0,1,2,1,0,3.773451493358238,0.0,7.733078219924911,0.04931636545627749,0.8060731344196301,0.3810147266251984,0.5491942336956839,0.0,0.6261500557258747,0.11220425457090666,low,0
S0092,2025-02-19,8,mid,6,48.742798174290805,0,0,1,0,0,4.326819820522762,0.0,12.244205118939083,0.4800253235531199,0.8571694812236614,0.5474073036504807,-0.321455926696917,0.0,0.779465423731893,0.06703400783749403,low,0
S0092,2025-02-20,8,mid,4,44.58525863018905,0,1,2,1,0,4.484717340168977,0.0,9.778414981544106,0.5419912429549663,0.3942193244528104,0.1294466807349819,0.20130812983483404,0.0,0.6893485953407005,0.5117993633067902,low,0
S0092,2025-02-21,8,mid,5,28.67535665887365,0,0,3,1,1,4.405097827256039,0.0,9.378375314928137,0.3910997233527237,0.6452293741789551,0.7189016175549624,-0.7937746857782448,0.0,0.1490788721064179,0.007745097196208972,low,0
S0092,2025-02-22,8,mid,4,52.034558059089214,0,0,5,1,0,4.193599988585644,0.0,10.732060379900325,0.5196429639653807,0.061434330747613175,0.4761572486311785,0.08184505941320319,0.0,0.5027688087114688,0.4391356233112875,low,0
S0092,2025-02-23,8,mid,4,42.97036649862734,0,1,5,1,1,6.938609544690966,0.0,10.830785258678858,0.6808910319646189,0.9397010934900883,0.21511468402760947,-0.9174674899730919,0.0,0.07925624180204305,0.2035260986813533,low,0
S0092,2025-02-24,8,mid,4,51.667332199452716,0,1,5,1,1,2.8763960881164277,0.0,9.937688208424397,0.3598385977596752,0.8138269559227462,0.07083949727525274,0.4770792503686758,0.0,0.7373024631608486,0.444419914354662,low,0
S0092,2025-02-25,8,mid,5,37.0977411386244,0,1,3,0,0,4.158108866557498,0.0,9.361620575415825,0.8660213317781569,0.801149558977829,0.6220391427350789,-0.23321379303214962,0.0,0.2165297926236175,0.3286851808931145,low,0
S0092,2025-02-26,9,mid,5,51.91064845456671,0,0,5,0,1,4.819051586688615,0.0,7.713285778447188,0.01881843729206678,0.6759306207741757,0.1185179542306165,-0.5910849134645471,0.0,0.014613125318538311,0.23440305362380354,low,0
S0092,2025-02-27,9,mid,5,56.90140685621035,0,0,3,0,0,6.876917668797824,0.0,8.061468879025503,0.6958470292875297,0.07998859716517193,0.329567779096953,0.329800309882446,0.0,0.25598332466925244,0.6150300592884195,low,0
S0092,2025-02-28,9,mid,4,38.39683527009154,0,0,2,0,1,2.66726151730254,0.0,12.620234216005766,0.472258282804505,0.26907168971890627,0.33846301646746424,0.47182236072029915,0.0,0.5780985408471108,0.19201099454162307,low,0
S0092,2025-03-01,9,mid,4,59.88656307490552,0,0,2,0,0,5.938607175946985,0.0,14.146155844379322,0.34944208627240836,0.487340250376902,0.008213345181896203,-0.29946234642150715,0.0,0.7250435296984021,0.655392221527415,low,0
S0092,2025-03-02,9,mid,5,42.81601799329273,0,0,1,1,1,7.39629107884306,0.0,13.253700997899845,0.6095635594125166,0.18633916765226077,0.791123602218096,0.27953442256030714,0.0,0.5332190170340615,0.07792952139127529,low,0
S0092,2025-03-03,9,mid,5,38.685351492869316,0,1,2,0,0,4.290268906236692,0.0,6.364411191045104,0.6752968297954924,0.1663031112916844,0.5308779679491601,0.38564582954996474,0.0,0.30529220639959753,0.3524684030607659,low,0
S0092,2025-03-04,9,mid,4,46.75827230609736,0,1,1,0,0,3.623651908455294,0.0,9.389950508280569,0.3541453223470653,0.22859474586512785,0.15077544424067124,0.2122159551880709,0.0,0.037392633887024185,0.8473681087180616,low,0
S0092,2025-03-05,10,mid,5,53.11379677804838,0,1,4,0,0,4.197580352544758,0.0,15.915441586452074,0.19738084190079352,0.5483811239425211,0.29879114328120715,-0.6100994225916434,0.0,0.7693674973065222,0.11020808634601209,low,0
S0092,2025-03-06,10,mid,4,52.218123476651805,0,0,3,1,1,5.05209092381474,0.0,6.641228357701634,0.8685481347235612,0.17462097049806313,0.0844913341031941,-0.0061419111294445106,0.0,0.8909666676161383,0.7029703575779335,low,0
S0092,2025-03-07,10,mid,3,47.843215518862465,0,3,2,1,0,4.06218260372934,0.0,16.553016943255273,0.3890144884045108,0.36958926708481865,0.09586708462118942,-0.18182098124336354,0.0,0.2515574789742706,0.2913957245123535,low,0
S0092,2025-03-08,10,mid,4,38.90815134200053,0,1,4,0,1,6.12928867315082,0.0,12.922168048398113,0.10173710896837518,0.4517674658452727,0.033147942824552246,-0.28714816603697035,0.0,0.6230806042767982,0.5196240333187014,low,0
S0092,2025-03-09,10,mid,3,43.77950803545162,0,0,3,0,1,4.489974009551449,0.0,10.050289745957526,0.6929979722262877,0.26285629980234004,0.24652014986314363,-0.5120695661499588,0.0,0.310067449991165,0.6639984874529057,low,0
S0092,2025-03-10,10,mid,6,62.135957149396326,0,0,5,0,1,2.4957164974445623,0.0,2.7105616014230653,0.27741892020613035,0.2977372562806351,0.9419600682386257,-0.9773458020941259,0.0,0.5517635217727276,0.3098000137850274,low,0
S0092,2025-03-11,10,mid,5,23.38564021374157,0,1,1,0,0,10.047758816573399,0.0,2.0421463094491,0.22595195093071063,0.016768116857151183,0.9912454891539214,0.5011751634985082,0.0,0.7856642263356695,0.33031328584287667,low,0
S0092,2025-03-12,11,mid,3,59.082683004669796,0,0,1,1,1,0.6124410589407221,0.0,10.950406962095059,0.016584451002577216,0.6290953851856527,0.7070578250734012,-0.9807089024617552,0.0,0.32489573508227365,0.5347960245288473,low,0
S0092,2025-03-13,11,mid,5,49.31590123950729,0,1,4,0,1,4.355422930444963,0.0,11.819666120067101,0.3585651089233497,0.8918007346867672,0.5665220498347713,-0.05511377526651695,0.0,0.44844198016611403,0.5349484557769484,low,0
S0092,2025-03-14,11,mid,4,38.76186495210249,0,0,1,1,1,6.735415066114713,0.0,13.143458354065878,0.1591623767257645,0.1291893231707626,0.9455234919799258,-0.9685967776911419,0.0,0.8842613159090269,0.9176771055281173,low,0
S0092,2025-03-15,11,mid,2,53.86425992946427,0,1,5,1,1,4.985129124064586,0.0,13.03841150516184,0.9349188966350858,0.2393235927434555,0.8853319004710761,-0.1686908959575193,0.0,0.4862389591005666,0.43073728566688874,low,0
S0092,2025-03-16,11,mid,5,35.56432027457738,0,3,5,0,0,5.149994997599898,0.0,10.024762298118072,0.2580742301343417,0.762216648472046,0.658933015171116,0.8944769937480508,0.0,0.10037515636073335,0.2681677823503552,low,0
S0092,2025-03-17,11,mid,5,50.54751301913157,0,1,5,0,1,6.005389900209163,0.0,18.405239912925833,0.3029709504009913,0.05128708598214382,0.8462002640097165,-0.0931982780121805,0.0,0.7089692516224914,0.07655146435278448,low,0
S0092,2025-03-18,11,mid,5,39.556318910019186,0,2,5,0,0,5.980093568814965,0.0,7.121940882283938,0.5340703726351427,0.045929077316678835,0.18535930129816935,-0.6597580497796798,0.0,0.620020625575717,0.1576302997664657,low,0
S0092,2025-03-19,12,mid,4,41.751866587187365,0,0,2,0,0,1.7992810017964618,0.0,14.760507661121599,0.6121877484434773,0.31009089306401516,0.4915624707989814,0.8210700938543121,0.0,0.6168297884565804,0.7120460172408607,low,0
S0092,2025-03-20,12,mid,5,48.89042643948663,0,3,1,1,0,4.5880458762101615,0.0,12.450500594683916,0.07460157962946035,0.9930366656473505,0.0941541227740138,0.6553054542057946,0.0,0.34739297805081204,0.6095137676897953,low,0
S0092,2025-03-21,12,mid,4,30.29424348323348,0,0,3,1,1,3.8550244621827012,0.0,9.843848440402652,0.597105339252558,0.013238603144850147,0.32643981163805225,-0.6575175385134333,0.0,0.3954351679449315,0.014394231422378612,low,0
S0092,2025-03-22,12,mid,5,50.912718968887766,0,0,5,0,1,3.1415000343236463,0.0,6.903212184641814,0.608502619003993,0.9718797173264037,0.18602248686075928,-0.5743786328092131,0.0,0.969291230938143,0.21982530790419974,low,0
S0092,2025-03-23,12,mid,3,55.517289062036156,0,0,4,0,0,6.45886516142539,0.0,6.432342091777505,0.4890130661074513,0.36356753094346383,0.3549784779928026,-0.39747988710463633,0.0,0.8109521325272356,0.3547994380046754,low,0
S0092,2025-03-24,12,mid,3,44.829619460888814,0,2,2,0,1,5.242065713286168,0.0,10.352501912235153,0.33628274057469254,0.421338950094612,0.2621278035681964,0.2410152089627433,0.0,0.3741821872276708,0.927475579607085,low,0
S0092,2025-03-25,12,mid,6,33.69193793069373,0,1,4,1,0,5.267425171306837,0.0,9.595824145845517,0.3436900233438146,0.49219503922665375,0.5667159600968243,0.2962856156022686,0.0,0.1127775463929076,0.8445139981475553,low,0
S0092,2025-03-26,13,mid,5,41.631879725982415,0,1,5,0,0,3.9379359868651527,0.0,8.640691878526132,0.2610716273240099,0.383263601614108,0.7224585542878269,0.41997438585383784,0.0,0.5138217612189959,0.3954865350002067,low,0
S0092,2025-03-27,13,mid,7,49.6982271403172,0,2,4,1,0,4.379436901435386,0.0,6.927830277083284,0.6965699158486324,0.5199512705217684,0.7842359071967044,-0.7881672528472274,0.0,0.8389688232052591,0.3339412121821077,low,0
S0092,2025-03-28,13,mid,6,27.60692891432662,0,1,4,0,1,5.638758053894966,0.0,13.316534389234636,0.7440914270809438,0.3135616232139872,0.3269869402301071,-0.8588360524905709,0.0,0.26935650770696185,0.49109019231192286,low,0
S0092,2025-03-29,13,mid,5,64.90603165695825,0,1,2,0,1,4.072117184979503,0.0,9.967842209506124,0.8482163667615492,0.1719976763628993,0.7244889301265323,-0.5038189560932189,0.0,0.8346162449178108,0.3138502624541607,low,0
S0092,2025-03-30,13,mid,5,49.582987818842376,0,0,5,1,1,6.392390538080784,0.0,7.722797443237917,0.0962475386334839,0.2688910964585619,0.5572611478711623,-0.02829239719111376,0.0,0.7330039114471398,0.9586250568520803,low,0
S0092,2025-03-31,13,mid,5,39.79855935420893,0,2,4,1,0,0.8845677328326031,0.0,9.79124845437584,0.3657289389042294,0.1009881727175237,0.3920553065905772,0.46700294688958954,0.0,0.6838999420677538,0.9187696722403778,low,0
S0093,2025-01-01,1,mid,7,25.48607615069941,0,1,5,1,0,6.694965462296135,0.0,7.729556563460968,0.3824059825950922,0.31830759523697816,0.753025261168138,-0.7786869201307078,0.0,0.9087212664397324,0.04694569430215667,low,0
S0093,2025-01-02,1,mid,6,39.726329953423004,0,3,5,1,0,3.9245269605001516,0.0,10.52300054934319,0.8220073805217764,0.6513556989845914,0.628850784715977,-0.5592892026462442,0.0,0.4047284046764571,0.22916131050152722,low,0
S0093,2025-01-03,1,mid,6,42.82317677640708,0,0,2,1,1,6.842550081090351,0.0,7.571713599011288,0.7527317236408326,0.7645061029996526,0.43651171247458265,-0.6146643936188219,0.0,0.09561657814825164,0.19403591402744458,low,0
S0093,2025-01-04,1,mid,5,44.33847139629,0,3,5,1,1,4.190537704969187,0.0,5.726975503428539,0.4523497565903072,0.6490600451640445,0.14964734805782154,-0.31244154580928196,0.0,0.16149516495759608,0.5303332075513439,low,0
S0093,2025-01-05,1,mid,7,43.116438881834235,0,0,1,0,1,5.5189174261482705,0.0,9.256531871871617,0.5817891707864197,0.9023028665011511,0.2923493428170447,-0.4454635552881383,0.0,0.8054581840127171,0.24771467383695445,low,0
S0093,2025-01-06,1,mid,6,37.40819051557932,0,2,1,1,0,5.407089895313688,0.0,5.140322328642213,0.11927209923281368,0.5844961419798469,0.2656929924172591,0.2821834290086067,0.0,0.0786415068430284,0.16328683760235052,low,0
S0093,2025-01-07,1,mid,8,47.701277829789184,0,1,5,0,0,5.720120488287629,0.0,6.680745377935954,0.46012000277944953,0.34448586514413226,0.49491554326862675,-0.7614776100822873,0.0,0.4296121013946802,0.898987170284058,low,0
S0093,2025-01-08,2,mid,7,33.35478292742906,0,2,1,0,0,4.757311730719221,0.0,9.912442488567773,0.25750672863123436,0.1613681689531774,0.2859390868451588,0.5343166792579404,0.0,0.34730956912262856,0.8926762127450767,low,0
S0093,2025-01-09,2,mid,6,41.11083755941974,0,0,2,1,1,7.526871170537062,0.0,13.897026007422072,0.9061374308671017,0.592322111612657,0.02534260259297516,0.9172711973629504,0.0,0.09848513990329888,0.23958160430434305,low,0
S0093,2025-01-10,2,mid,7,55.398820926563914,0,1,5,0,0,3.3120267341916003,0.0,8.094615107386929,0.15901819652315496,0.3851843984077905,0.8972453797195535,0.849362242386041,0.0,0.8924493778628864,0.20411019514742157,low,0
S0093,2025-01-11,2,mid,8,55.76011943837379,0,1,5,0,1,3.421884542046823,0.0,14.219634627644767,0.05804281720605009,0.32997071297461156,0.2571721091493223,-0.73111895979847,0.0,0.48528765644194904,0.933872855367208,low,0
S0093,2025-01-12,2,mid,6,51.12909104914765,0,2,4,0,1,5.994274419037455,0.0,6.969375449379489,0.13402851970202734,0.5757559730923687,0.0012727362226153671,0.46315471674656816,0.0,0.25828749965461895,0.5690909447687005,low,0
S0093,2025-01-13,2,mid,7,23.980919311908124,0,0,1,0,0,4.479666695555986,0.0,10.33528171016348,0.22661321218021913,0.2905996844506308,0.6030088680649511,-0.4686624053129358,0.0,0.4778633372607589,0.5984644643131272,low,0
S0093,2025-01-14,2,mid,7,48.113798158616014,0,1,4,0,1,3.046565817685095,0.0,16.857572646570656,0.6611837623386644,0.030885105843361127,0.5608046553926772,-0.3843061541172661,0.0,0.518999691898598,0.29012019801452915,low,0
S0093,2025-01-15,3,mid,6,38.054298409454965,0,1,5,1,1,7.755382929268985,0.0,14.297496051735205,0.8659655086703183,0.5359382590020567,0.24652253054355,-0.7039584344885772,0.0,0.49519654506554345,0.9791943820871153,low,0
S0093,2025-01-16,3,mid,6,46.859703549220235,0,0,2,0,1,6.411278381953858,0.0,5.5666941036229804,0.4283209254077305,0.28784600310329767,0.7625470242911319,0.4710719426032661,0.0,0.7489650971477251,0.598420924471533,low,0
S0093,2025-01-17,3,mid,8,33.104396853118736,0,0,2,0,0,4.553897727426161,0.0,10.107014737663034,0.5463032160360847,0.33493275941682077,0.041052188802716105,-0.4436083057590823,0.0,0.7813525430633146,0.981343501894038,low,0
S0093,2025-01-18,3,mid,6,43.13056004747876,0,1,1,1,1,4.262046361441399,0.0,10.37152459717376,0.3815036212866634,0.004715389907780088,0.41457696318975434,-0.07366499667118553,0.0,0.8322254586743564,0.5067256443802126,low,0
S0093,2025-01-19,3,mid,7,33.86489289821816,0,0,1,0,1,5.058165316475649,0.0,10.695098407119756,0.054467540290095706,0.14116844368728365,0.8987510087527818,-0.858535285263428,0.0,0.5391117150528243,0.01738035551579087,low,0
S0093,2025-01-20,3,mid,6,49.310909748226194,0,0,5,0,1,2.8223284579362056,0.0,4.753797454112217,0.13479522580314784,0.8866102556170953,0.9802541452724024,-0.6847926624490464,0.0,0.949191970695218,0.00821648535103181,low,0
S0093,2025-01-21,3,mid,7,57.91072016784927,0,0,5,0,0,5.947952285372331,0.0,8.627838879367168,0.738510428253435,0.06834261726790447,0.04157299314639129,-0.691165254270206,0.0,0.6533707233836643,0.9539105612635921,low,0
S0093,2025-01-22,4,mid,7,36.07589840521789,0,1,1,1,1,3.1048055990495502,0.0,8.633519300700069,0.42964680908163744,0.08969022357141299,0.5803286235798742,-0.7112516454741185,0.0,0.7288395231371813,0.5470916839110292,low,0
S0093,2025-01-23,4,mid,5,31.958784753363737,0,3,4,0,1,5.903723505316416,0.0,10.814073034471882,0.048268620951836705,0.3346496973218358,0.26040029037902557,0.7726989988596786,0.0,0.9357463771757178,0.43031029775105156,low,0
S0093,2025-01-24,4,mid,7,44.777041119773365,0,1,1,1,0,5.488581107117317,0.0,9.943551836894837,0.19300517169695863,0.6394043919576633,0.6200279038107376,0.9138141272402664,0.0,0.09428452435427581,0.9476992889376298,low,0
S0093,2025-01-25,4,mid,6,48.54874685062606,0,0,1,1,0,6.6919982075445565,0.0,12.660338477837445,0.6525478060978264,0.13409716557135198,0.042923593187352393,-0.4453944208643119,0.0,0.6005821539933933,0.35315394224479835,low,0
S0093,2025-01-26,4,mid,7,48.34658832475863,0,0,5,0,0,6.363823335761852,0.0,12.085394312647331,0.5046965845474501,0.6967786531206664,0.6643656737847727,0.936940883717716,0.0,0.015964166364851984,0.6062085656757973,low,0
S0093,2025-01-27,4,mid,6,35.416787734560664,0,0,3,1,1,8.339972022864323,0.0,11.146362527215393,0.8157166574428386,0.13542596600102164,0.8557514910034304,0.39793656148246304,0.0,0.28984634638683393,0.008376033187476484,low,0
S0093,2025-01-28,4,mid,7,41.13673158954068,0,1,4,0,0,7.991039005852689,0.0,11.562591221830933,0.04789035445189693,0.6932116119524216,0.8700018170670171,0.865897714495514,0.0,0.13689459478556842,0.9987812127197943,low,0
S0093,2025-01-29,5,mid,5,53.12417637254767,0,0,2,0,1,1.5794505115819346,0.0,12.390423715195707,0.7972627226006386,0.7943438766739965,0.7974040873539785,-0.5848846798359972,0.0,0.7111808884544918,0.09132041540859026,low,0
S0093,2025-01-30,5,mid,6,37.58869762831858,0,1,1,0,0,0.6579270982037215,0.0,9.1516416774652,0.1334195910004251,0.18594149676303617,0.5365525463166692,-0.5154274005679491,0.0,0.24876111950965507,0.61194768375788,low,0
S0093,2025-01-31,5,mid,6,33.79830045367264,0,0,5,1,1,3.968451089597873,0.0,10.922435209776506,0.2567406974854404,0.4851058059966161,0.05674479024211965,0.46254367742517477,0.0,0.28204304822607484,0.6037896852209949,low,0
S0093,2025-02-01,5,mid,6,49.152836094922364,0,2,2,0,0,6.758515350919169,0.0,12.049597008201971,0.9522035918123699,0.315303774953979,0.4020978719434314,0.6216103805527005,0.0,0.43960977405703583,0.8693649962395636,low,0
S0093,2025-02-02,5,mid,5,42.15832976694598,0,0,5,0,1,6.564110893149827,0.0,6.599187445513397,0.2571395526759088,0.07947476974757794,0.06286381473441771,0.8522896254344854,0.0,0.0965546809824066,0.8314313536016872,low,0
S0093,2025-02-03,5,mid,4,59.58214754837779,0,2,3,0,1,5.834823551308741,0.0,10.190588593809414,0.6180527256973495,0.5260973421677583,0.025011223418291983,-0.7574278693548382,0.0,0.8607360854730464,0.9561076785040464,low,0
S0093,2025-02-04,5,mid,6,49.33573975159085,0,0,1,0,1,2.0306749757727673,0.0,13.809711910998809,0.3120559873526205,0.28292551042066716,0.9581547289128693,0.3009180973203418,0.0,0.5941621193318911,0.32033777565017263,low,0
S0093,2025-02-05,6,mid,5,36.20259687570138,0,0,3,0,1,5.926004926830295,0.0,13.892124327648826,0.913940373584057,0.7519196722083369,0.5123130228090865,0.6486736736126613,0.0,0.9117172148375886,0.6210159825310505,low,0
S0093,2025-02-06,6,mid,7,35.61730001361788,0,0,5,1,0,4.875085629012557,0.0,7.281015566256588,0.6784517825116058,0.14029334249387626,0.7790322235218845,-0.14247805822893578,0.0,0.711666276766261,0.25346401587651857,low,0
S0093,2025-02-07,6,mid,6,18.478871741018207,0,0,4,0,1,6.576881203733805,0.0,10.128282469033525,0.3950636598298516,0.07725682678895907,0.36032393681106645,-0.005424741523406107,0.0,0.1946835843816589,0.39812003153083764,low,0
S0093,2025-02-08,6,mid,7,46.756796978240395,0,2,3,1,1,8.315643855812416,0.0,9.391568136141197,0.8832006517562231,0.14373063217318338,0.20023755514042707,0.4518582591092908,0.0,0.1702659384522831,0.16651516735907568,low,0
S0093,2025-02-09,6,mid,7,65.80582518982109,0,1,1,1,0,5.544632842670876,0.0,12.15250056023344,0.023331393740017137,0.5284450017849865,0.06810258685802872,0.9795221043863953,0.0,0.9970271697670273,0.11599591885095062,low,0
S0093,2025-02-10,6,mid,8,43.64118485242844,0,0,5,0,1,5.457355291018984,0.0,4.618121604450346,0.6225853378347835,0.5726171092061167,0.6422788083096143,-0.22471929847659888,0.0,0.5175616566821859,0.4700324242580738,low,0
S0093,2025-02-11,6,mid,6,29.05575114434007,0,1,4,1,0,4.894476754041213,0.0,8.76714278964136,0.7537063382308657,0.8072036268200019,0.9342640780511764,-0.7832550797500395,0.0,0.5540573225201522,0.4013827616297997,low,0
S0093,2025-02-12,7,mid,8,49.58986769799692,0,1,2,0,1,6.888030425983954,0.0,15.058291466971564,0.13916959308023114,0.34133836160642006,0.32306322217324823,-0.9482067222537691,0.0,0.929397133935986,0.3316289524255509,low,0
S0093,2025-02-13,7,mid,6,35.414482275886506,0,2,3,1,0,3.1660323389919434,0.0,9.490266970895174,0.7666168082048158,0.976442991934834,0.7761697761768528,0.256762754436175,0.0,0.08040657897380366,0.41725303234790856,low,0
S0093,2025-02-14,7,mid,6,39.29706184014231,0,1,1,1,0,0.0,0.0,9.479343677369767,0.12226211504696316,0.6155058472001687,0.3633081570372435,0.8685572952244316,0.0,0.8843110922181809,0.41487129244121557,low,0
S0093,2025-02-15,7,mid,7,59.19266015466686,0,1,4,1,1,3.458183500166338,0.0,6.517909691267879,0.22920450856041485,0.45686999228243974,0.5109986498797101,-0.32283684032417925,0.0,0.8724191949920063,0.39555125629955123,low,0
S0093,2025-02-16,7,mid,7,50.16512646281271,0,0,2,0,1,5.497159340833549,0.0,11.00951230654864,0.1318734625737782,0.9274157837146144,0.4011240158202988,0.6169813953739178,0.0,0.22076591866064366,0.07444035196800325,low,0
S0093,2025-02-17,7,mid,7,52.07790360767423,0,0,1,1,1,3.8908619517512957,0.0,4.216313185814197,0.7490115458655144,0.3911857861309823,0.28482707799248863,-0.9378213644459381,0.0,0.47596502971030175,0.6945789959968712,low,0
S0093,2025-02-18,7,mid,7,40.88949278643459,0,0,4,0,0,4.329478562337855,0.0,13.360085024310134,0.3173035885492017,0.7037212751212966,0.4080590228500586,-0.4905860051347257,0.0,0.016939867958394306,0.6238720131082853,low,0
S0093,2025-02-19,8,mid,7,47.235461225297094,0,0,1,0,0,2.9320638797540766,0.0,12.438733590558014,0.6992238779988618,0.18787906008885902,0.4947252093521881,-0.7730172374968238,0.0,0.5172119700033195,0.821342545214158,low,0
S0093,2025-02-20,8,mid,4,43.05522023509864,0,0,2,0,0,2.5931411440850693,0.0,8.752406292953532,0.888473593664814,0.928026718655808,0.9539770307713047,0.03749731999497663,0.0,0.5622098550075753,0.30352713509830254,low,0
S0093,2025-02-21,8,mid,7,23.96630038638293,0,0,1,0,1,2.3045303955012053,0.0,5.012144384873341,0.3747315778157472,0.6000553688385228,0.4582672644528111,-0.13052010720723994,0.0,0.12029349141189138,0.9423182491644567,low,0
S0093,2025-02-22,8,mid,6,59.89162847230409,0,0,5,1,0,7.617382904152224,0.0,7.766590332836488,0.7242794863276192,0.4643198487537895,0.2102051350715689,0.6843125702468797,0.0,0.649248096682593,0.34882346203654435,low,0
S0093,2025-02-23,8,mid,7,47.304359008219805,0,0,2,1,1,9.227241140200002,0.0,7.25471668293875,0.9847733314804968,0.4460934425976619,0.4689433895923044,0.4821217909891078,0.0,0.36061232193202475,0.1753978376872507,low,0
S0093,2025-02-24,8,mid,7,40.33861074743045,0,1,3,0,0,6.1498858690856855,0.0,8.166696041449228,0.8561241464780901,0.5022178396013204,0.9871477872377132,-0.409572583909936,0.0,0.7316885649646057,0.6697131272182246,low,0
S0093,2025-02-25,8,mid,6,60.28770736030502,0,0,5,1,0,6.394914960372481,0.0,6.376553999172779,0.3961700136544959,0.1918746048319061,0.4123951688716464,0.45688561701249086,0.0,0.5208901373699916,0.42555572984866896,low,0
S0093,2025-02-26,9,mid,5,23.954266942210843,0,0,5,0,0,4.751799221840043,0.0,11.192113812568959,0.7455932067298234,0.47230031094278346,0.9991166805572615,0.8029377266971387,0.0,0.2866254430945143,0.8026417815075241,low,0
S0093,2025-02-27,9,mid,5,49.951040490882995,0,1,1,1,0,1.450383033890386,0.0,7.84125587149178,0.6189122644586049,0.128327808009006,0.9732909779504452,-0.5758152520678486,0.0,0.612662418270211,0.4017944984381713,low,0
S0093,2025-02-28,9,mid,4,51.86951280570632,0,2,4,0,1,4.954513346699096,0.0,7.846119962194518,0.437823460735538,0.4910531877662322,0.07226672794730427,-0.40640141921221606,0.0,0.9218074421864778,0.795750816888707,low,0
S0093,2025-03-01,9,mid,6,37.41403924106839,0,2,3,1,1,7.482969650493107,0.0,5.19360997512269,0.9585394903511074,0.2606050786162293,0.6903048335029011,0.11136244718590893,0.0,0.3908873999819794,0.002881578467323731,low,0
S0093,2025-03-02,9,mid,7,49.993289849236476,0,1,5,0,0,4.020374549744023,0.0,5.963274443098287,0.015811604747867802,0.1701798567889803,0.8163532666784263,0.052974985584370415,0.0,0.09784922563059284,0.0828655201718611,low,0
S0093,2025-03-03,9,mid,6,51.840945087270256,0,1,2,1,1,5.123211187913239,0.0,12.995219146953694,0.17838805205564634,0.2860447965565889,0.4682141913285689,-0.06995983592019295,0.0,0.6516158126768191,0.02466289889496176,low,0
S0093,2025-03-04,9,mid,9,39.39232250071132,0,2,2,1,0,4.765731512794847,0.0,7.504205023764243,0.19307468030817898,0.007121213832152917,0.35864114996138885,0.9934396303741782,0.0,0.2666613343296014,0.46454678280255823,low,0
S0093,2025-03-05,10,mid,6,35.88328800669824,0,2,5,0,1,4.901698311952884,0.0,10.170426621990437,0.5268689804658441,0.610696317755481,0.9355555524618855,-0.42376267240649246,0.0,0.9171938499598229,0.9679409077857275,low,0
S0093,2025-03-06,10,mid,7,50.79549993374458,0,0,5,0,0,8.884543119115369,0.0,13.04419305904119,0.7324491779332885,0.19365468912093375,0.516907704500963,-0.07509180352141165,0.0,0.2627076093215851,0.5389713951461823,low,0
S0093,2025-03-07,10,mid,7,47.42130421248932,0,2,4,0,1,2.8703569288286257,0.0,8.172903570530611,0.5379283243352323,0.9622190557646195,0.9542267945272989,0.816507168013531,0.0,0.495313195117832,0.6458070971895938,low,0
S0093,2025-03-08,10,mid,6,36.62985190028933,0,2,1,0,1,8.77403840645365,0.0,12.775526344373734,0.005353414871370088,0.8344877548452095,0.8162545215584516,-0.02729007703377362,0.0,0.23693495218755045,0.33430106797664105,low,0
S0093,2025-03-09,10,mid,5,42.490222468948936,0,1,3,1,1,4.308945592838003,0.0,13.41610507787719,0.9058550478180233,0.6529577488817372,0.000806740796579497,-0.1252962686535113,0.0,0.966980240661026,0.9606501097927491,low,0
S0093,2025-03-10,10,mid,8,53.22895569174262,0,0,4,0,1,5.532052761047674,0.0,8.785672530273661,0.31645301372246293,0.6689063428233027,0.36656735381079075,0.8745261244017055,0.0,0.2556337205201694,0.5766228362242738,low,0
S0093,2025-03-11,10,mid,8,59.284689704174255,0,0,4,0,1,4.533778048402035,0.0,5.528797057354647,0.26592238989392036,0.042418790569481835,0.3672240435798011,-0.8480392389755249,0.0,0.9702742526718368,0.1407698879752699,low,0
S0093,2025-03-12,11,mid,6,48.348513469129266,0,0,4,1,0,6.248699421349554,0.0,7.020306497059044,0.5719763578337901,0.591929303090365,0.09698945219290012,-0.11968971115165328,0.0,0.6259948563501433,0.20537614543826133,low,0
S0093,2025-03-13,11,mid,7,30.91516294128786,0,1,5,1,0,4.363956332787673,0.0,8.227137179540662,0.06763017012352324,0.6025612823747502,0.8515452007482338,-0.3956121706796001,0.0,0.6328807722350793,0.12979054479412855,low,0
S0093,2025-03-14,11,mid,7,33.79475623573597,0,1,1,1,0,5.726816148984403,0.0,11.937519227974205,0.2572595735372645,0.04393643642750633,0.8826791197065776,0.6170164102489388,0.0,0.7069335162116014,0.978500038464044,low,0
S0093,2025-03-15,11,mid,5,46.257352308797984,0,1,2,1,1,5.3054581656203235,0.0,7.746184009479701,0.3530265882109399,0.49055837027488425,0.2659794648460393,0.7274452419531727,0.0,0.4523666338141634,0.16051044064043596,low,0
S0093,2025-03-16,11,mid,7,52.72348879861408,0,1,2,0,1,6.397412829031644,0.0,13.429829544787843,0.8311348508890061,0.9281155983084094,0.5777889906428485,0.17685682892373422,0.0,0.023483522588639172,0.4148973795247557,low,0
S0093,2025-03-17,11,mid,5,45.520991916057994,0,0,2,1,1,6.354127917862307,0.0,16.590548589816958,0.5484786246050072,0.5999257463489157,0.7402340167368241,0.5919869453050108,0.0,0.02928926678355992,0.18651034814056866,low,0
S0093,2025-03-18,11,mid,6,34.01381011532341,0,0,3,1,1,8.31042216149268,0.0,11.391575298778308,0.03656287073832731,0.39970447091637473,0.9541874214275478,0.5234582081791386,0.0,0.4830968959862847,0.7085953684096683,low,0
S0093,2025-03-19,12,mid,6,54.283560842386365,0,1,4,1,1,5.7652905827957,0.0,9.111673429134987,0.915437536390551,0.1184032608527108,0.3153865176022117,0.21953214617819938,0.0,0.6609469965862722,0.027790893201275813,low,0
S0093,2025-03-20,12,mid,6,53.3084935362871,0,1,2,1,0,4.082368905424046,0.0,6.523114377667024,0.6091769244526295,0.42399396769476905,0.850905197226786,-0.5747079692496195,0.0,0.23982843574462231,0.891649241805796,low,0
S0093,2025-03-21,12,mid,9,40.56686705983343,0,1,5,0,1,6.686966088844181,0.0,11.431202093317966,0.3312465178881523,0.6532709764316548,0.08301232897789401,-0.7870298991070668,0.0,0.7189500790667674,0.45657735640326835,low,0
S0093,2025-03-22,12,mid,8,45.111922567396036,0,0,5,1,1,3.6141203596162894,0.0,8.57570961923469,0.7732330965714598,0.9727087266195032,0.7818915087923479,-0.26705452574404287,0.0,0.7563651949898622,0.06289731818916433,low,0
S0093,2025-03-23,12,mid,5,28.433109881343523,0,0,5,0,0,5.2087264594621105,0.0,8.790460872863559,0.5284303425172832,0.4182773650674707,0.9219833196418238,-0.12992175173051534,0.0,0.3694816719124189,0.22240923961072467,low,0
S0093,2025-03-24,12,mid,5,38.04981581664332,0,0,4,1,0,4.768304525164517,0.0,8.377066411802709,0.16875033228423753,0.949837885846336,0.9720456940914165,0.8195998976811889,0.0,0.5130078567719976,0.7559215909660701,low,0
S0093,2025-03-25,12,mid,5,46.19433139501723,0,2,4,1,0,2.677404935495703,0.0,11.06862556744092,0.16356860780546312,0.06494744727792079,0.5877895377912357,-0.9462807505173341,0.0,0.8168822088955567,0.3183033524542277,low,0
S0093,2025-03-26,13,mid,8,37.72324367770815,0,0,3,1,0,1.5820173365294012,0.0,8.874663422025417,0.4506733389860387,0.623940212005065,0.4132842058407312,0.40013384727589374,0.0,0.06614074247622859,0.5160545011100959,low,0
S0093,2025-03-27,13,mid,7,73.10735925296694,0,0,5,0,0,5.393675190005902,0.0,5.895228959853029,0.0502433203361462,0.10763886202499928,0.7961700559789959,0.21324784464057855,0.0,0.12404858080469727,0.4883799855585296,low,0
S0093,2025-03-28,13,mid,6,24.412302033068375,0,0,3,1,1,3.134216403622268,0.0,4.346235500459917,0.07284897553701608,0.9793023625058854,0.6894195728338319,-0.7325283678379042,0.0,0.7974516807227496,0.31990496455429107,low,0
S0093,2025-03-29,13,mid,6,43.093196259023095,0,1,1,1,0,9.458952835422103,0.0,3.86915169288104,0.48578423104212365,0.5979318293801913,0.9293885226927515,0.2920585359069978,0.0,0.4681790313489358,0.6064947393624258,low,0
S0093,2025-03-30,13,mid,8,52.91177261113727,0,6,5,0,1,5.9213655042686035,0.0,11.386492957107455,0.16155874766859935,0.5418550746071774,0.010141321089701338,-0.3118393351106217,0.0,0.6943948787257465,0.3300934213422595,low,0
S0093,2025-03-31,13,mid,7,34.4612355295164,0,2,4,0,1,4.119871502354082,0.0,10.831668518381827,0.7946342221122514,0.5098557000963945,0.29597068688230066,0.9554141429755643,0.0,0.8633156653976694,0.41060741096625897,low,0
S0094,2025-01-01,1,mid,6,53.87039736792871,0,1,5,1,0,3.860910831249364,0.0,6.334750817592477,0.519806519481354,0.11428466143191063,0.7124758025723011,0.7898084011593516,0.0,0.7903732014520053,0.4863721485744774,low,0
S0094,2025-01-02,1,mid,6,42.75658771567452,0,0,2,1,1,5.073369184744347,0.0,6.814184812460144,0.2410237271544321,0.2414764092533831,0.9596133507443455,-0.4119524958722769,0.0,0.9193072733246768,0.23258022706080506,low,0
S0094,2025-01-03,1,mid,6,46.313787128087796,0,0,2,1,1,3.93796353698012,0.0,12.581757820836843,0.013856258006468947,0.6638883019900217,0.7105364998032289,0.8740634540016354,0.0,0.08534153621210494,0.9599445935595212,low,0
S0094,2025-01-04,1,mid,6,41.39877508315779,0,1,5,1,1,3.8513162787143833,0.0,12.949152412094383,0.1909103199779879,0.49699835415609794,0.025885959077443954,-0.6717267977123651,0.0,0.9321776669961948,0.912096297555788,low,0
S0094,2025-01-05,1,mid,6,41.42798963384776,0,1,3,0,0,4.985288142772448,0.0,10.846304986383867,0.8854642405219939,0.38094220098745046,0.06145264333576517,-0.4532097018187595,0.0,0.6500931107548089,0.5442219422746978,low,0
S0094,2025-01-06,1,mid,7,22.70366729216752,0,3,2,1,0,5.07240120859741,0.0,10.435418495295787,0.3816359812549376,0.344881805784339,0.5809444039483277,0.3442479125698379,0.0,0.23441262953193798,0.5509551265824901,low,0
S0094,2025-01-07,1,mid,7,48.564299903190864,0,0,5,0,1,7.104863491760181,0.0,7.758192870301588,0.7092869367817966,0.18274306090873038,0.6968580326094179,0.6744855270010794,0.0,0.907165049757552,0.2449097714090086,low,0
S0094,2025-01-08,2,mid,6,46.553857680628134,0,0,4,1,1,6.47575134534137,0.0,9.902976367644557,0.6562756972905925,0.013947559411337518,0.8432596426390059,0.2956109955562065,0.0,0.20291253873075865,0.24702773188260208,low,0
S0094,2025-01-09,2,mid,7,62.583082014392396,0,1,3,1,0,2.3724253671689675,0.0,11.954653187711752,0.4468823113552647,0.4030570038643221,0.3749576761336688,-0.36435139296080066,0.0,0.015218524540678402,0.21461809450634906,low,0
S0094,2025-01-10,2,mid,6,45.16745860996299,0,1,3,0,0,6.1307207553900405,0.0,12.652361653043295,0.9695168868690909,0.44250349571009706,0.9547300824914304,0.2933612216377737,0.0,0.3827134729801006,0.4899087630549782,low,0
S0094,2025-01-11,2,mid,7,48.38049573128484,0,2,1,0,0,4.861974571018499,0.0,9.4865774930834,0.22140133888947433,0.4144466491948615,0.07699358335435325,-0.5214914449832544,0.0,0.1772177720562239,0.29392446704235076,low,0
S0094,2025-01-12,2,mid,7,44.760466460278195,0,2,5,0,1,0.0,0.0,6.133048728659339,0.44281447537074425,0.290432043895686,0.13822031150477987,0.8457441268202877,0.0,0.3486226347290725,0.4072471515071432,low,0
S0094,2025-01-13,2,mid,5,42.83933297180097,0,0,4,0,0,7.642608231250045,0.0,15.231051244445617,0.44692197757210483,0.6883398494946735,0.2377592195515944,-0.8384617810367254,0.0,0.6150557078726159,0.13958116320364866,low,0
S0094,2025-01-14,2,mid,4,46.584293256636535,0,0,5,0,0,3.0873447358872834,0.0,6.975684535940571,0.4985684182188467,0.3409232052465363,0.423864265693051,0.3820353882176266,0.0,0.37288902390505907,0.027490124094656454,low,0
S0094,2025-01-15,3,mid,7,35.91977088083392,0,1,5,1,1,4.204850510811106,0.0,10.439745326582056,0.21010777701576566,0.057819463876515376,0.44696072599136405,-0.18100805639644224,0.0,0.4812758852246364,0.9995527685188531,low,0
S0094,2025-01-16,3,mid,6,51.19193284011208,0,2,2,1,1,3.1618583960116577,0.0,10.357406071601737,0.10994078762470938,0.7391823961172946,0.5865237692747123,0.09108840424762787,0.0,0.6678367251194467,0.6964272379511023,low,0
S0094,2025-01-17,3,mid,7,41.764229185836086,0,0,1,1,0,4.031053592150653,0.0,12.190020736739294,0.30715066451232653,0.9939620065936162,0.47863255397761806,0.07378166412405474,0.0,0.05894939863899373,0.5079244903690826,low,0
S0094,2025-01-18,3,mid,8,42.916752422666725,0,2,5,0,0,4.538097555762975,0.0,8.623082713663848,0.6570735298850743,0.6264280708449403,0.3325151892252026,0.7757643088280306,0.0,0.26151744252392906,0.279249553050514,low,0
S0094,2025-01-19,3,mid,4,51.28967876249367,0,1,1,0,0,6.823731263449808,0.0,13.47410439133888,0.6164728914287849,0.6365473148411306,0.7604940418085169,-0.6555014230405813,0.0,0.976360242679803,0.5456309199673928,low,0
S0094,2025-01-20,3,mid,7,61.364851667955534,0,2,4,1,1,3.2110514042959584,0.0,14.789074843257115,0.667268366532362,0.051919198527029975,0.18675530214462044,0.6037565820362742,0.0,0.9655387452636077,0.6277086126189492,low,0
S0094,2025-01-21,3,mid,7,37.156627279774106,0,2,1,0,1,3.276910803882674,0.0,5.026818678531418,0.5383024436570354,0.5675093634280758,0.1134250230647168,-0.3648194267687479,0.0,0.20653560272191873,0.971654468343465,low,0
S0094,2025-01-22,4,mid,7,35.363683039024224,0,1,5,1,0,1.6181965800834837,0.0,8.582483107968734,0.28265716394254925,0.6424131140684334,0.5357296389512782,-0.6577127454067466,0.0,0.38011034386175446,0.13666040507219868,low,0
S0094,2025-01-23,4,mid,7,39.73285819203715,0,1,2,1,1,6.3490722764601895,0.0,7.02026960204846,0.44950110992139336,0.0327691217197601,0.06908684142355337,0.16731173780655784,0.0,0.8372335017041885,0.5960821956812439,low,0
S0094,2025-01-24,4,mid,5,24.76162020709485,0,1,4,0,1,7.692981797344746,0.0,13.626479597609888,0.9263218171305427,0.5645496883794069,0.41021215909316944,0.3126263954372168,0.0,0.24702443941320318,0.8798753896614266,low,0
S0094,2025-01-25,4,mid,6,68.89539805957477,0,0,3,1,0,6.87219996243703,0.0,11.915022532340354,0.6844150111390899,0.3140861633417884,0.5063381652904968,-0.37154464113707886,0.0,0.7027038465326667,0.008334469994430882,low,0
S0094,2025-01-26,4,mid,5,41.35977863737001,0,2,2,0,1,4.952777096259101,0.0,14.912224502923237,0.08952473944141148,0.5750571375356169,0.04001309023783517,-0.13361069029606631,0.0,0.4398047885737757,0.8636558096970923,low,0
S0094,2025-01-27,4,mid,7,48.90476973373162,0,1,4,1,0,6.054199392940895,0.0,4.401470441372726,0.8620637581056245,0.5137347725106628,0.5556871209891606,0.2781492019037519,0.0,0.28666431413393767,0.735037048349392,low,0
S0094,2025-01-28,4,mid,6,49.763437558962536,0,1,1,0,1,5.745606958052311,0.0,7.423632139414215,0.080775159339596,0.611685154862746,0.9638946252121526,-0.9933928453126026,0.0,0.18574680425276457,0.9445468856096535,low,0
S0094,2025-01-29,5,mid,5,44.036346508422085,0,0,2,0,0,3.0396404686633645,0.0,7.324563456823328,0.946947923273013,0.6168134535742247,0.5474810778933853,-0.4366962992653234,0.0,0.5345079943457635,0.008950421990806201,low,0
S0094,2025-01-30,5,mid,5,72.12473760296683,0,2,2,0,0,6.669367682538354,0.0,8.317867555956395,0.4090033353932073,0.8662724089567603,0.3754160444522653,-0.4152199644703509,0.0,0.23760560416863563,0.3026768727193978,low,0
S0094,2025-01-31,5,mid,7,37.4161380494576,0,2,3,1,0,4.723511439757841,0.0,8.795806172204554,0.8001612714806997,0.06867129446098941,0.25868140963070096,0.9496868024830589,0.0,0.2830986901345256,0.8515164431717357,low,0
S0094,2025-02-01,5,mid,7,51.587634741412124,0,3,5,1,1,4.067352523985839,0.0,6.378911532614546,0.3970736488673089,0.9747103209263313,0.021306225725735817,-0.4755518490922255,0.0,0.5790852307492549,0.5649499415426675,low,0
S0094,2025-02-02,5,mid,6,31.604713762983476,0,0,3,0,1,6.160638868395395,0.0,6.421098743737017,0.6269112813083471,0.264076630865263,0.5042714140324739,0.7328984445322309,0.0,0.7952925893554803,0.5861497813467005,low,0
S0094,2025-02-03,5,mid,6,45.736074833822435,0,0,5,0,1,4.939253097446224,0.0,12.731733321272703,0.023947181038640686,0.5036220997773724,0.8731677008213156,-0.594734195283424,0.0,0.8789720718338923,0.5618515911978348,low,0
S0094,2025-02-04,5,mid,7,31.664149027665793,0,1,1,0,0,5.291580180192135,0.0,9.091421310115052,0.10069616304500195,0.3094507352671164,0.6451931018219179,-0.7848234017578679,0.0,0.9785403962085069,0.19122759437519332,low,0
S0094,2025-02-05,6,mid,7,42.860337446560436,0,2,2,1,0,3.394353103732847,0.0,18.955275986115584,0.3838726710941641,0.8347087156210021,0.1380780862090064,0.0028774777641955573,0.0,0.572447055636052,0.8847541005159093,low,0
S0094,2025-02-06,6,mid,6,35.539625122330506,0,1,5,0,0,8.91891554484207,0.0,6.872230981419501,0.98114957483134,0.9498955037781351,0.2712500911094339,-0.19923522938757054,0.0,0.3072893866546149,0.19585336901352257,low,0
S0094,2025-02-07,6,mid,7,32.00391006746594,0,2,1,1,0,5.338951391274915,0.0,11.421761549541102,0.19713597507760994,0.7445537643556482,0.29644375455883165,-0.38237937417315937,0.0,0.8088027390120821,0.2587642136331735,low,0
S0094,2025-02-08,6,mid,7,34.15331667560069,0,1,4,0,0,3.6093739976844708,0.0,13.777946322212244,0.09736016048944829,0.5583061804263753,0.24841168088627041,0.18667139309568515,0.0,0.013944536452924483,0.2833558027427545,low,0
S0094,2025-02-09,6,mid,7,36.487966302074604,0,3,4,1,0,8.23494358048173,0.0,11.943688978994269,0.2585952059907193,0.6927434551157318,0.6278564330741432,0.5510128488305337,0.0,0.2054246301508128,0.48081419084942933,low,0
S0094,2025-02-10,6,mid,7,41.944451534503436,0,1,1,0,0,4.950357069997416,0.0,10.036215083927107,0.19527051115737182,0.38520110684872166,0.8651121956815109,-0.3617354235420207,0.0,0.05584694704530302,0.21381468484098642,low,0
S0094,2025-02-11,6,mid,7,52.10378952142374,0,3,5,1,1,2.902926776666308,0.0,10.192110007628864,0.38511226757225403,0.523958680460386,0.35322616917996263,-0.7720803462922661,0.0,0.15049406920942188,0.24533944604145197,low,0
S0094,2025-02-12,7,mid,7,48.559386391675474,0,0,2,0,0,6.711104172296993,0.0,12.744349621440476,0.6888319054699584,0.8188858415063837,0.757111534263338,0.8861143903581816,0.0,0.9582522636835012,0.3615166685389525,low,0
S0094,2025-02-13,7,mid,7,35.35271500878978,0,0,1,0,1,6.461726363585571,0.0,13.65603691960236,0.3412105199906671,0.17094405525104894,0.03077278167382913,-0.4700855122251415,0.0,0.9878962486393921,0.3375177964257423,low,0
S0094,2025-02-14,7,mid,7,52.55520640483348,0,0,2,0,1,6.696702105961725,0.0,10.705821679510715,0.532373343428767,0.9107471200481878,0.9261107107429074,0.3048605877788737,0.0,0.500984184548412,0.22163144419243774,low,0
S0094,2025-02-15,7,mid,7,45.41032681447233,0,0,3,0,1,4.2533975522294405,0.0,12.899731797298548,0.0508598313177091,0.9089182378957603,0.7956410013990833,-0.2854504313210011,0.0,0.8489014026200778,0.6436921667549919,low,0
S0094,2025-02-16,7,mid,7,40.275687250709815,0,1,1,1,0,5.968009363539806,0.0,8.342847948217841,0.7181260659524074,0.1954525484378401,0.7803334013833334,-0.5147845724166251,0.0,0.45550527542915364,0.27739365829783924,low,0
S0094,2025-02-17,7,mid,5,40.472702284353325,0,2,2,0,1,3.9300976022450813,0.0,15.845510514085573,0.43100287855544517,0.8408768930470767,0.570743625825886,0.49802244735638146,0.0,0.9204212216693732,0.8835655599768171,low,0
S0094,2025-02-18,7,mid,6,35.83870013341186,0,1,1,0,1,5.0346560419030615,0.0,2.9417906020316256,0.9033958642915416,0.9125541634685198,0.778663663745001,-0.48349569871174936,0.0,0.3718605463985889,0.5729888124849143,low,0
S0094,2025-02-19,8,mid,6,56.30973495416968,0,1,2,0,1,5.798039276996218,0.0,7.814696857320927,0.9337739871792254,0.9094861657742921,0.9199915303688815,0.7421589864602411,0.0,0.43834133574168044,0.9365570832142931,low,0
S0094,2025-02-20,8,mid,8,49.43834790909966,0,0,4,1,1,8.385020148114767,0.0,8.750286284377658,0.1433063337778121,0.42633692537095436,0.24882000641673485,-0.20803578449471494,0.0,0.05139316754559875,0.3874430212515687,low,0
S0094,2025-02-21,8,mid,6,41.56378183608285,0,0,4,1,0,7.376613118447668,0.0,14.678630342303219,0.5847227490209704,0.2659546243822155,0.8878158804699113,-0.621302947864804,0.0,0.3667206669741845,0.7277611755355818,low,0
S0094,2025-02-22,8,mid,7,31.442719776570733,0,2,1,1,0,6.085026637857603,0.0,14.604999193685348,0.3428154192357936,0.4886429695681499,0.42585021921723365,-0.7708989336302183,0.0,0.9247644340424278,0.5076463604144119,low,0
S0094,2025-02-23,8,mid,6,39.61007967453234,0,1,5,1,1,7.483235975715246,0.0,7.686260583782308,0.19667175339426957,0.007259449183862121,0.36115808690239415,0.1753199717186047,0.0,0.6602511828339903,0.4338121928402844,low,0
S0094,2025-02-24,8,mid,7,48.42593109557195,0,0,2,1,1,4.215970522125743,0.0,8.935314227347826,0.3709946809708269,0.7118051589260239,0.7306502203977826,0.1544850665148063,0.0,0.7859141647440221,0.7038160895183748,low,0
S0094,2025-02-25,8,mid,8,49.379646234156596,0,4,3,1,1,7.008375818942598,0.0,12.007871784039502,0.25655592425179996,0.6147247944154319,0.5800860257521141,-0.9912577008002783,0.0,0.9383291228429153,0.3401587055448092,low,0
S0094,2025-02-26,9,mid,7,28.069706367463112,0,0,5,0,1,3.8411732889375294,0.0,8.01185830224468,0.8600056831314684,0.16967618090639602,0.49953621366952916,-0.3565766961110266,0.0,0.1833344343253115,0.5721759784653089,low,0
S0094,2025-02-27,9,mid,6,53.50143297406411,0,0,4,0,0,7.127848708558357,0.0,12.226219095032555,0.5490228534093152,0.07590226148243984,0.5942300552330365,-0.48620747659288344,0.0,0.4343821955683247,0.11639401453035791,low,0
S0094,2025-02-28,9,mid,6,30.96455102853218,0,1,5,1,0,5.841141778910372,0.0,8.553194963824215,0.151082492498415,0.24490717288822927,0.7778800976577499,0.25823628608198645,0.0,0.03482033482312907,0.16572470100915904,low,0
S0094,2025-03-01,9,mid,7,40.43834222539519,0,1,3,1,1,7.052448472873238,0.0,5.7984520443858365,0.09494612956997572,0.6843268602749173,0.1542031078471794,-0.6485783066661255,0.0,0.3528398752537407,0.9463094017904522,low,0
S0094,2025-03-02,9,mid,5,34.84611975541991,0,0,3,0,0,5.358065021468699,0.0,14.090807444578422,0.6598191803198312,0.7268665659102949,0.8980048425533838,-0.441535402837546,0.0,0.047821088391583166,0.9713866747605941,low,0
S0094,2025-03-03,9,mid,6,25.429972934151685,0,1,3,0,1,2.5193883792632152,0.0,5.4297766356714785,0.19271356280565577,0.7427374803927158,0.8332158791974866,0.704336353995509,0.0,0.9904045609402606,0.562067918600641,low,0
S0094,2025-03-04,9,mid,7,31.658931566877925,0,0,4,0,0,4.891836113524623,0.0,9.130347718999221,0.6125961325522338,0.22808144265150354,0.28940501172618804,-0.7656774086473008,0.0,0.4603569412979117,0.4991666532465243,low,0
S0094,2025-03-05,10,mid,7,64.76743852278354,0,0,5,1,1,3.7537799912915193,0.0,9.46244494913881,0.016388528871263963,0.6097689459694816,0.5027382106783859,0.15977899550767427,0.0,0.9638311966767126,0.9034203224858184,low,0
S0094,2025-03-06,10,mid,5,34.1239443698189,0,0,3,1,1,4.235360188092631,0.0,11.055567308337288,0.6783388664561159,0.16447609927562146,0.7625588500713275,-0.7258174405034512,0.0,0.7284559223081688,0.11811740917803115,low,0
S0094,2025-03-07,10,mid,6,49.282501557664425,0,2,2,0,1,1.9096185736656253,0.0,6.417547557590453,0.14490687346011932,0.4409159651148784,0.9002300563797805,0.5372578584361736,0.0,0.03644382418058645,0.1914108124174343,low,0
S0094,2025-03-08,10,mid,5,51.66576974537597,0,2,3,1,1,5.305628404521244,0.0,5.616409857608688,0.4198296598262179,0.5709268326134199,0.1728437912315577,0.9360216385196725,0.0,0.6151863493997854,0.12807102408986548,low,0
S0094,2025-03-09,10,mid,7,44.62500359935656,0,1,1,1,0,0.9101026667969423,0.0,10.889746417598744,0.7566567632530433,0.3303287782762211,0.8790880057808306,0.5286353939648054,0.0,0.4814774394580602,0.5748286117202951,low,0
S0094,2025-03-10,10,mid,6,51.918677210641185,0,1,3,0,0,4.982825203599527,0.0,11.919678318363008,0.18208945427832957,0.8803964445314679,0.6594256812235372,-0.1439938706752757,0.0,0.41215630344866405,0.2821090662403446,low,0
S0094,2025-03-11,10,mid,6,32.95974579171334,0,0,4,1,1,8.307395118281402,0.0,9.059329772614714,0.5090212228930334,0.33056944262990395,0.4260117535433344,0.38295993575162934,0.0,0.2628087405958862,0.1629896393050816,low,0
S0094,2025-03-12,11,mid,7,42.069886417937965,0,1,3,0,1,0.8327553253088507,0.0,6.1929252098197525,0.016704777139754157,0.8290910594428281,0.538176342233198,0.6812011243322209,0.0,0.45766402862918965,0.6196249558888508,low,0
S0094,2025-03-13,11,mid,6,42.87553736097112,0,1,1,1,0,4.099872385469457,0.0,10.943131831992382,0.35806887774997864,0.3401362111634568,0.10592698570079162,-0.3209676081663084,0.0,0.6463336197500011,0.19748720824151755,low,0
S0094,2025-03-14,11,mid,6,33.05368520756709,0,2,3,0,0,4.787119308139602,0.0,6.921496817124339,0.2911811197578055,0.9680434874454964,0.1598775287709827,-0.07096916617537508,0.0,0.6857469981826012,0.6030332697874216,low,0
S0094,2025-03-15,11,mid,5,36.291177429641884,0,1,5,1,0,4.596066371259898,0.0,14.59216065353219,0.6182383302798101,0.3583264915723908,0.29404133121495857,-0.2971133769255456,0.0,0.5985023515983843,0.6175999413690287,low,0
S0094,2025-03-16,11,mid,4,57.15084376638077,0,3,2,1,1,6.0504234453622985,0.0,9.298319790525614,0.5603830875510135,0.037728048402366654,0.284145846488301,0.2941978760824491,0.0,0.01927393729126714,0.4882202336133348,low,0
S0094,2025-03-17,11,mid,6,44.19935299838164,0,0,4,0,0,2.2001309082364533,0.0,11.092668156055062,0.10210682050506903,0.40127034703210285,0.10440955116573691,-0.805453206133333,0.0,0.4578632169634673,0.12641802715901862,low,0
S0094,2025-03-18,11,mid,8,48.12347506339473,0,0,1,0,0,4.299068019285507,0.0,11.934130778950824,0.6379869025799707,0.23899821280434708,0.3065281420030902,-0.2210962568079622,0.0,0.44067678236660446,0.07953626314154605,low,0
S0094,2025-03-19,12,mid,5,46.38989421734801,0,0,3,1,0,6.146864791511422,0.0,7.005688858878589,0.9018141937685079,0.06320682437771286,0.8095041785123407,-0.6272851608871988,0.0,0.4454434188673154,0.8439291319534045,low,0
S0094,2025-03-20,12,mid,7,34.78378731230683,0,2,3,1,0,9.645336111257482,0.0,8.488372458339954,0.18071939410577398,0.2934860908353003,0.9868300130846683,-0.5888325126741343,0.0,0.022737854032324756,0.17259589889452143,low,0
S0094,2025-03-21,12,mid,6,34.457118193270574,0,2,1,0,0,5.779411097217295,0.0,3.341052181453156,0.49777516751984796,0.8194013616578205,0.3402725837008841,-0.9584955091463689,0.0,0.48395904457118977,0.5232198000802123,low,0
S0094,2025-03-22,12,mid,8,58.87195029513652,0,4,2,1,1,3.0597900011862134,0.0,12.352682132884595,0.8539345723678836,0.010672020436267804,0.5146910873284013,0.7539026446196575,0.0,0.4186635751295664,0.2451636513826574,low,0
S0094,2025-03-23,12,mid,8,49.532803206565696,0,1,3,1,1,2.379186882695916,0.0,10.436374661993279,0.5759668154122507,0.9941475239957223,0.5537929950385317,0.23280044928906962,0.0,0.0388803400828831,0.36813988531846786,low,0
S0094,2025-03-24,12,mid,6,26.199419113996427,0,1,1,0,0,4.233508603198128,0.0,10.05304576041528,0.8659185497625543,0.3565249262314183,0.44914472223393753,-0.3104645136936144,0.0,0.4832433431314933,0.4963824939587318,low,0
S0094,2025-03-25,12,mid,5,59.678325643555354,0,0,1,1,1,1.1191354183368118,0.0,6.813681578338301,0.8258361497292797,0.7807431957991191,0.32128527913560345,-0.4677273854120767,0.0,0.6349553586863909,0.2646113523504575,low,0
S0094,2025-03-26,13,mid,6,17.34333175323352,0,3,5,0,1,3.24448498594042,0.0,14.673543459404506,0.9133104739367753,0.6804192913843679,0.6302737624358805,-0.5895648401394731,0.0,0.9811060170892604,0.46507271070540646,low,0
S0094,2025-03-27,13,mid,6,43.91433212071286,0,0,5,0,0,6.115350036540911,0.0,9.67431775543513,0.6456081950914258,0.291807782445921,0.3407698787209936,0.8910262984725614,0.0,0.4459216221584422,0.43732773382504997,low,0
S0094,2025-03-28,13,mid,6,33.37053450952661,0,2,5,1,0,2.033086177280326,0.0,10.810526303182806,0.9468095006770356,0.04863520608347294,0.9504748927894437,-0.5181317094063944,0.0,0.5000523891462046,0.483999063559729,low,0
S0094,2025-03-29,13,mid,7,31.655577129052833,0,2,3,1,0,4.941961310884811,0.0,13.314606724881946,0.3220365556589595,0.78920471244017,0.5688295987689099,0.12768075990428573,0.0,0.722569180558018,0.9879263998926389,low,0
S0094,2025-03-30,13,mid,7,22.710968681598448,0,0,3,0,1,2.4757645520452485,0.0,8.741676602527999,0.6087692497584309,0.04296166386322231,0.12884394999169502,0.07463582191134366,0.0,0.40947893787716383,0.40877418693237577,low,0
S0094,2025-03-31,13,mid,5,47.380574256701905,0,0,4,1,0,3.8003445994521385,0.0,13.844342966874127,0.2753808570547702,0.5191120064650064,0.08484206831673302,0.835129469838618,0.0,0.5763363388034224,0.9311400241203376,low,0
S0095,2025-01-01,1,mid,5,75.94416478644787,0,0,4,1,0,6.022079344768023,0.0,8.25232478783676,0.18283283797137218,0.17872410494220825,0.2626703396741299,0.3836135923447388,0.0,0.07014477012880249,0.3198060023169116,low,0
S0095,2025-01-02,1,mid,7,46.204745062484434,0,0,1,0,0,4.210540634063342,0.0,10.15785551697165,0.775176386250414,0.9433436151401524,0.8891658832667253,0.43508733275148237,0.0,0.04442339694792541,0.31934779782258726,low,0
S0095,2025-01-03,1,mid,6,45.476907911471756,0,0,4,0,1,5.173246133188557,0.0,7.4289293941567385,0.6994006722915399,0.921187571194059,0.7181095140358517,-0.5313016203245253,0.0,0.05171019175407132,0.285458978765311,low,0
S0095,2025-01-04,1,mid,5,44.65985954092071,0,3,4,0,1,5.577824553014771,0.0,14.465041442356897,0.24360191221832705,0.2159238109709346,0.7192850304479835,-0.8614941650065713,0.0,0.43673716699402243,0.2593893326526171,low,0
S0095,2025-01-05,1,mid,4,36.17157156880572,0,0,4,0,1,7.365356051313939,0.0,9.354160649807522,0.7038316311603282,0.8940093711024069,0.18508203007244473,0.3462526997919797,0.0,0.015417618141336686,0.24097819940183274,low,0
S0095,2025-01-06,1,mid,8,77.59766872622816,0,1,2,0,1,5.787883290940167,0.0,8.076991753016095,0.18949840097378312,0.26902755548712354,0.36999914903660536,-0.23466902301190995,0.0,0.1800844731394694,0.7057032149902926,low,0
S0095,2025-01-07,1,mid,6,25.686988089641737,0,0,2,1,1,6.610432725547371,0.0,13.876085171888107,0.016679654802215782,0.33939704331656206,0.9105590287234292,0.38352604944171675,0.0,0.7835807052071925,0.018375328527839407,low,0
S0095,2025-01-08,2,mid,6,43.69929580071868,0,0,5,0,1,4.872925121189822,0.0,14.049624809997923,0.47402808826184584,0.4759515128348396,0.2113153325185625,0.6229001928184925,0.0,0.75322176963478,0.2990596161224752,low,0
S0095,2025-01-09,2,mid,6,39.19123743421402,0,1,1,0,1,5.472416195190532,0.0,12.236382294055502,0.12147950748471825,0.7152203628118307,0.16157126709879477,-0.522526934995029,0.0,0.24585422402766566,0.7732477884679013,low,0
S0095,2025-01-10,2,mid,6,39.58976606313327,0,0,1,1,1,6.614182358187088,0.0,8.584541657895917,0.14057606339517115,0.4307804174540292,0.9879159286301932,-0.6144567522653468,0.0,0.5119322221241078,0.32163028360591905,low,0
S0095,2025-01-11,2,mid,5,47.05567373877093,0,3,4,0,0,4.567711571162843,0.0,2.6252838694632272,0.06047930580071059,0.2268542389104623,0.2908263308160063,0.6104240487332955,0.0,0.47504399031197886,0.36396015850614716,low,0
S0095,2025-01-12,2,mid,4,43.715116777154876,0,0,1,1,1,1.9936596089655052,0.0,15.18588895785808,0.7920724667118205,0.0024543121867171003,0.8789719416321069,0.12908629511940695,0.0,0.6820861546765551,0.3431438469601732,low,0
S0095,2025-01-13,2,mid,5,29.37105420835831,0,3,4,0,1,3.8273886401893664,0.0,8.226536722794592,0.732051760845694,0.6671877683051328,0.1771490840706773,-0.9482276459752781,0.0,0.03958185524091762,0.24325158971004635,low,0
S0095,2025-01-14,2,mid,6,47.598686437960666,0,2,3,0,0,5.163789398003345,0.0,12.432138281291401,0.4627591297598368,0.586507318720357,0.17723681165399108,-0.6805003970350958,0.0,0.4357718125050083,0.5740612899383696,low,0
S0095,2025-01-15,3,mid,5,50.28212899135075,0,0,5,0,1,7.224831324944626,0.0,11.517398157908708,0.5799342448618438,0.08417444893183645,0.025683182818399652,0.9369782097066779,0.0,0.9139546657600066,0.7928043066470594,low,0
S0095,2025-01-16,3,mid,3,49.027849609805465,0,2,1,0,0,3.6650020822416947,0.0,9.805935395626712,0.4323201123174507,0.5211371182305876,0.7556722264225327,-0.3881138813147671,0.0,0.7821236005890317,0.05808958965752464,low,0
S0095,2025-01-17,3,mid,6,31.27014995258034,0,0,3,1,1,2.292556725388399,0.0,11.464048425746473,0.3881651977761441,0.5650468880717627,0.591265587082947,0.8626651139792769,0.0,0.15879651631794622,0.47585521586526036,low,0
S0095,2025-01-18,3,mid,5,51.8904474528613,0,1,4,1,0,1.8870192500808454,0.0,10.353651261989011,0.7896754403224164,0.9297819763117542,0.6767494154755473,-0.32994759855680256,0.0,0.9967074915113153,0.22698868987492804,low,0
S0095,2025-01-19,3,mid,6,45.55205097052729,0,1,2,0,0,3.9385097115245817,0.0,12.079641489112916,0.5643929075188081,0.46667433320662854,0.3741404417328872,-0.8770230520864626,0.0,0.742802174670744,0.976742635230757,low,0
S0095,2025-01-20,3,mid,5,46.978434930735716,0,3,4,1,0,4.192485243510008,0.0,16.48736842652132,0.11993995139574598,0.05437162501354653,0.35276622890195564,0.647738503639425,0.0,0.7725487209805553,0.9265086743698538,low,0
S0095,2025-01-21,3,mid,4,64.59054120563027,0,2,5,1,1,4.9250873714206875,0.0,9.934931679131454,0.6220213897007991,0.7226500313707984,0.924147717033845,0.6515038913223823,0.0,0.2815864401180498,0.20009168892620877,low,0
S0095,2025-01-22,4,mid,4,37.065086735834164,0,2,2,0,1,7.168643028845523,0.0,8.446741972467688,0.7972297227519193,0.29678422671917715,0.24825831082443672,0.07037762997460195,0.0,0.3577612042569146,0.9198868430638222,low,0
S0095,2025-01-23,4,mid,6,46.82829189047302,0,0,2,0,1,2.474193631518425,0.0,11.438280143621942,0.04811180812026261,0.03197409697596365,0.6983860036471046,0.8552287283666367,0.0,0.7624829789244273,0.4331439243123508,low,0
S0095,2025-01-24,4,mid,6,40.94369879288231,0,0,4,1,1,4.182919157873295,0.0,13.464920296335226,0.5040022988547725,0.9609571478701912,0.24278019918991112,-0.3642797059444909,0.0,0.2442027955570888,0.4869187623923772,low,0
S0095,2025-01-25,4,mid,5,36.11978447059779,0,1,2,0,0,3.54863503225923,0.0,6.422587970264548,0.9605637803487523,0.5952162029970445,0.18790989615799758,-0.9004027029228661,0.0,0.05327436724143497,0.5006041154989259,low,0
S0095,2025-01-26,4,mid,4,29.39732398317,0,0,2,0,1,5.678105326287348,0.0,9.313729617318675,0.5822774537403794,0.7312418329174918,0.5206063869674034,0.3218423724506805,0.0,0.3917754142773954,0.28208122969366367,low,0
S0095,2025-01-27,4,mid,2,49.669453438761394,0,1,3,1,1,4.287309757393493,0.0,18.961047533723946,0.9994428081789393,0.9027360629421997,0.6230162874780056,-0.3735349066909426,0.0,0.14699478600830085,0.8443148036854441,low,0
S0095,2025-01-28,4,mid,5,53.5458634107185,0,3,3,0,1,1.6476019750776905,0.0,10.00502822599355,0.8957093826522388,0.8751169200613977,0.8191140417273486,0.7466008288946291,0.0,0.9327135474515568,0.5589014653125242,low,0
S0095,2025-01-29,5,mid,6,45.275033808896616,0,2,3,1,1,5.744108387065866,0.0,15.596220464503904,0.9518647809791758,0.6662084837911688,0.22963568772626797,-0.4662978183550526,0.0,0.1740852536263362,0.886127901727243,low,0
S0095,2025-01-30,5,mid,7,43.67671729289738,0,2,3,0,0,4.371396084120015,0.0,14.474308213698087,0.7608322434089063,0.6833842055682938,0.8271149057970396,-0.9116173706137509,0.0,0.04515748133171171,0.5691994915177017,low,0
S0095,2025-01-31,5,mid,7,40.138054612522055,0,0,5,1,1,6.716753464126537,0.0,13.25112206206483,0.40670625698548923,0.7969922198995328,0.3206691052772481,0.6840054474810111,0.0,0.9634289112561557,0.3267569032626514,low,0
S0095,2025-02-01,5,mid,6,48.2768178084268,0,2,3,1,1,3.997943890401709,0.0,7.693826762931534,0.34203990022683417,0.6693836154192188,0.33332990849311883,0.3952558404599551,0.0,0.15100244775475258,0.28366449138316197,low,0
S0095,2025-02-02,5,mid,4,39.761111403908785,0,0,1,0,1,5.97631953482107,0.0,8.79102164269044,0.11824938401668672,0.6560367446717683,0.009692806820330468,0.9774309366895604,0.0,0.6443270378990134,0.9186426895944174,low,0
S0095,2025-02-03,5,mid,6,45.12116281930364,0,1,4,0,1,4.199971861790089,0.0,14.79003133904445,0.46809142447717844,0.5920364100757105,0.9117817669815125,0.12127782571294388,0.0,0.8028478061245296,0.8419204668593444,low,0
S0095,2025-02-04,5,mid,7,58.89189168460243,0,1,5,0,0,7.039547079442753,0.0,6.0424349413260146,0.6724920294960021,0.7480152232888709,0.10407100552679327,0.6472679610879801,0.0,0.5888385162032189,0.11960526749979994,low,0
S0095,2025-02-05,6,mid,3,34.707868394739684,0,0,3,1,1,4.351909631007585,0.0,8.173335045676172,0.47231299823759487,0.7430640855215133,0.6279838649786282,-0.85603328524959,0.0,0.04536461790824309,0.5710532710827162,low,0
S0095,2025-02-06,6,mid,6,42.4744941438359,0,0,1,1,0,4.708684856248911,0.0,14.606453527278768,0.2135080059221508,0.06301947358499749,0.4441252482957301,0.0576987784076044,0.0,0.5933033574461316,0.08709080129606561,low,0
S0095,2025-02-07,6,mid,4,32.94506717166939,0,0,5,1,0,1.5023141945432243,0.0,9.479357843778738,0.870225496625611,0.3506912346293881,0.31452801563393173,-0.9009672118708654,0.0,0.14081845771213586,0.4107604619638333,low,0
S0095,2025-02-08,6,mid,5,46.1582281164906,0,1,4,1,0,5.016501263310313,0.0,7.101055225280886,0.12137249537300043,0.5737911588053186,0.558492391211877,-0.8634861702743861,0.0,0.14650239263163578,0.7139565945480172,low,0
S0095,2025-02-09,6,mid,4,54.80305996475105,0,0,5,1,0,3.0639812563281,0.0,15.623835174019227,0.1645238129663138,0.5495257652296022,0.226950503019536,-0.5721283860000412,0.0,0.46831592094979235,0.23790268296084982,low,0
S0095,2025-02-10,6,mid,5,45.468021274158765,0,0,3,0,1,7.833953956329584,0.0,9.291691076746975,0.9497774115766334,0.3089258948246132,0.47038393606247664,-0.7204971403409164,0.0,0.29231800813975184,0.884123107597224,low,0
S0095,2025-02-11,6,mid,7,50.12950885958868,0,1,3,0,0,2.153918706376155,0.0,10.300403506817467,0.801825952785611,0.5739010024653209,0.16811762936604202,-0.5644553304201041,0.0,0.3861465713653093,0.35671146776393836,low,0
S0095,2025-02-12,7,mid,4,30.078052878944327,0,1,1,1,0,4.483454008258044,0.0,6.789587248470049,0.19601755826798262,0.2268257479724355,0.04882277362905896,0.015944771827539617,0.0,0.16608017380608797,0.308236399133504,low,0
S0095,2025-02-13,7,mid,4,38.54264821495139,0,1,1,0,0,5.076081267350695,0.0,9.14591757800426,0.0221754711090294,0.02065194154285399,0.4320032332058237,0.587820033852744,0.0,0.025665258274682357,0.515710031318144,low,0
S0095,2025-02-14,7,mid,5,54.097733765125156,0,3,5,1,0,3.8180536244752927,0.0,11.373739295661759,0.5750875265493564,0.896732617855489,0.7429225446209632,-0.6896227921804128,0.0,0.6429798662548063,0.47850215924968875,low,0
S0095,2025-02-15,7,mid,6,28.49193764759113,0,0,4,1,0,3.6768098042579043,0.0,9.201082264817012,0.41523418785298893,0.8425974228261665,0.8386185999713465,-0.15845319100819233,0.0,0.012611923411815495,0.5797581724424563,low,0
S0095,2025-02-16,7,mid,7,47.860816911468206,0,3,3,1,0,8.0448428791704,0.0,9.43646158995677,0.4421662755831326,0.3046160494562973,0.4335744970698635,0.7861715272244696,0.0,0.09957398773833082,0.379630817114745,low,0
S0095,2025-02-17,7,mid,5,28.603274542034264,0,2,1,0,1,7.393069657437831,0.0,10.517832686113241,0.8558695882181743,0.49573564454831576,0.8549148850138739,0.7842008742821622,0.0,0.008483290357491291,0.8802937720667573,low,0
S0095,2025-02-18,7,mid,5,42.12684453436391,0,1,3,1,1,2.9756189349076956,0.0,13.974391866924716,0.1291861652748808,0.8096094637024364,0.8024097452097513,0.813705400185117,0.0,0.8381893888424503,0.5282808071642208,low,0
S0095,2025-02-19,8,mid,6,44.49311026967237,0,0,2,0,0,2.498572775639943,0.0,8.542562007956763,0.8064018263510274,0.6881141643683011,0.7534864768379722,-0.2722164062754946,0.0,0.22322820467640558,0.7785438433050023,low,0
S0095,2025-02-20,8,mid,7,39.60208845366759,0,1,5,0,0,2.192330558362955,0.0,8.019242275248164,0.38766850684153176,0.306401315499916,0.49876897987231994,-0.2076035586554048,0.0,0.10764359691592085,0.8628946780810359,low,0
S0095,2025-02-21,8,mid,6,41.94273382416966,0,0,2,1,0,6.308024499493124,0.0,10.206917863169714,0.6583786299837098,0.043961334307669464,0.6671294967437545,-0.7837772731690986,0.0,0.06463471320272662,0.49532795169061616,low,0
S0095,2025-02-22,8,mid,4,56.31852923334624,0,3,4,1,0,5.081297256640556,0.0,3.877303587774474,0.15324988246744253,0.4217482296853011,0.2535012019225056,-0.6568694236971626,0.0,0.451231690648096,0.48593720703224885,low,0
S0095,2025-02-23,8,mid,5,30.72306521376403,0,1,1,1,1,6.096542193875932,0.0,9.972890844459837,0.3336072881289176,0.1670554880638624,0.4072490859227871,-0.5341977173329269,0.0,0.7484084264938663,0.9203589815926154,low,0
S0095,2025-02-24,8,mid,6,60.7412457511919,0,1,2,1,0,8.288478402991831,0.0,11.75375622243746,0.1851516403468655,0.779971770414431,0.5529704156195856,0.9041124006802235,0.0,0.5128020803673229,0.009899408336348614,low,0
S0095,2025-02-25,8,mid,5,51.004710756113816,0,0,4,1,1,6.587870946953129,0.0,7.432345968634724,0.09375529923602222,0.6650906836096762,0.43113391627178754,-0.9367395683484654,0.0,0.08439439711036534,0.9406732799882688,low,0
S0095,2025-02-26,9,mid,6,50.96485573188764,0,0,2,0,1,7.270490825863664,0.0,16.7708606709049,0.8835040509121045,0.76464065269419,0.7654050363839836,0.7807328858015827,0.0,0.15512623402073378,0.011560833387494696,low,0
S0095,2025-02-27,9,mid,4,37.01651237800752,0,0,3,1,1,5.341114084069584,0.0,15.060447599522576,0.23390351181940738,0.8779058208829706,0.9742284865283491,-0.16198267760963292,0.0,0.7396762471518956,0.7400574384984986,low,0
S0095,2025-02-28,9,mid,4,68.7753104193689,0,1,5,0,1,2.20425392043246,0.0,11.597178982063646,0.10819122859042107,0.3662600645754386,0.8766501655433986,0.07794147145774244,0.0,0.29167354582813,0.08899559758534104,low,0
S0095,2025-03-01,9,mid,5,32.50620247181102,0,1,3,1,1,3.1968512416364936,0.0,8.47415483073258,0.7465346359751001,0.9404521656164447,0.03236208781265493,0.3871122685914752,0.0,0.40237037547765986,0.36309103959397193,low,0
S0095,2025-03-02,9,mid,4,50.48662232662146,0,2,2,0,0,6.757817560772435,0.0,14.837762923566613,0.9523038037888876,0.5620155373793561,0.0172037650428295,0.43417955243367823,0.0,0.1753085417891368,0.5919454645447921,low,0
S0095,2025-03-03,9,mid,6,46.776683322926196,0,2,2,1,1,3.9905928847661363,0.0,7.164636240945839,0.8711468000409236,0.6884501415746987,0.6359413957353002,-0.2135287534714705,0.0,0.7713081021412919,0.9984613928556304,low,0
S0095,2025-03-04,9,mid,7,32.804315092128036,0,0,4,1,0,7.816130492682502,0.0,10.194720547502198,0.7254391387135403,0.5173217758483957,0.3754251112748047,0.1541997863828981,0.0,0.38395288885753787,0.6568097036562082,low,0
S0095,2025-03-05,10,mid,6,55.37048234693912,0,0,2,1,1,5.689087903553292,0.0,8.52846415365038,0.2598602296200856,0.6777263954078849,0.6691672340620881,0.13138270063845847,0.0,0.22273846322905655,0.2741030372583302,low,0
S0095,2025-03-06,10,mid,5,44.73693902136512,0,1,3,0,0,7.171936172018458,0.0,10.763065885144215,0.36752204017353607,0.19625034491766535,0.1171811335230536,0.15356035498943554,0.0,0.35952922418338384,0.7582599418650999,low,0
S0095,2025-03-07,10,mid,4,55.327043908539196,0,0,1,0,1,7.03750454350294,0.0,9.582433468509993,0.02836234606929633,0.8281022470885018,0.8385474371361902,-0.9944095354003943,0.0,0.9090431039403098,0.7154809978923152,low,0
S0095,2025-03-08,10,mid,6,28.500410565543856,0,1,5,0,0,2.837583498266917,0.0,12.54288898392893,0.2809130176313043,0.770113673760133,0.6696295992241624,-0.2919390744897621,0.0,0.370502536800595,0.7322445727080008,low,0
S0095,2025-03-09,10,mid,4,34.398158169242116,0,1,5,1,0,6.386152152104069,0.0,10.73197914252859,0.5572302021502566,0.9871655436417258,0.6356563986112798,0.4422780455163864,0.0,0.8631686021178241,0.35459226302797997,low,0
S0095,2025-03-10,10,mid,5,39.6012202323673,0,2,1,0,1,6.173176769356066,0.0,11.01942942296946,0.8776071598614589,0.4915209639251227,0.754759976133334,0.6955914233766871,0.0,0.04380038131089081,0.8117856234698216,low,0
S0095,2025-03-11,10,mid,3,45.054613233549595,0,0,5,1,1,9.11031648239712,0.0,7.333488594998595,0.7853622206833802,0.9820666851127605,0.7586273569033234,0.08660379860816336,0.0,0.03455073811802467,0.20503036820753895,low,0
S0095,2025-03-12,11,mid,5,54.89759353833753,0,0,3,0,1,3.889422022320064,0.0,13.994760019363078,0.7879589296680313,0.8286173777119002,0.42420024010400414,0.5726867051220561,0.0,0.993353526887668,0.630416303897797,low,0
S0095,2025-03-13,11,mid,6,40.067186674176526,0,0,4,1,0,1.8735048904797202,0.0,14.123530657882032,0.7214848724340883,0.33588423322069627,0.10525458532651855,-0.9188323129533771,0.0,0.9904496948370214,0.9632995648348724,low,0
S0095,2025-03-14,11,mid,7,53.94017920059842,0,2,3,1,0,5.821278356213564,0.0,7.116189173553048,0.4862472359141734,0.7172305942496466,0.6222048684936577,0.4129950513496894,0.0,0.5307739067542708,0.9482737716668312,low,0
S0095,2025-03-15,11,mid,7,55.15271204396624,0,2,3,0,1,3.860444909756306,0.0,11.227555234982292,0.743580559073635,0.0717427306963031,0.2950696008397222,0.3656022657516731,0.0,0.19365117777553487,0.7846795175040385,low,0
S0095,2025-03-16,11,mid,5,45.47604266866918,0,0,2,1,1,3.7932205131298806,0.0,12.502504768856,0.5350356581669183,0.5501765162688812,0.23526545812808153,0.14457845826466742,0.0,0.5763280752174189,0.5788208182899884,low,0
S0095,2025-03-17,11,mid,7,32.67958997522051,0,0,2,0,1,1.7999382415340426,0.0,-0.8816230875154325,0.9512231408549473,0.32123384414576706,0.3807306503340758,0.18391928110768396,0.0,0.34120671528977775,0.8289561153924478,low,0
S0095,2025-03-18,11,mid,5,45.05779577741475,0,0,1,1,0,6.6791081476432,0.0,13.561693820911348,0.8339455715367601,0.21420882348085102,0.45967798776930124,0.081381226458348,0.0,0.9735524767375627,0.9762994811118515,low,0
S0095,2025-03-19,12,mid,4,44.91441172411323,0,1,1,1,0,4.1141162251303065,0.0,5.638072674634866,0.35612082316520854,0.013761099974457514,0.8546559981526318,0.410916179601702,0.0,0.46781612639105197,0.38853971334622817,low,0
S0095,2025-03-20,12,mid,4,54.424827158246956,0,0,2,1,0,4.675772321893347,0.0,13.117478708595678,0.04566322575061066,0.04759162101401182,0.6949275756090797,0.45720520200525194,0.0,0.9848392594622525,0.4274864129124859,low,0
S0095,2025-03-21,12,mid,5,54.0492876962864,0,0,4,1,1,6.094997896009581,0.0,5.715960363422712,0.32609963686741306,0.7243967361806982,0.6467496681084794,0.8794748558710408,0.0,0.4819431428968438,0.25842834206263976,low,0
S0095,2025-03-22,12,mid,6,44.1633176297813,0,2,4,0,0,4.619997418782777,0.0,6.782976336916367,0.7814005682055776,0.37525420548895416,0.6494794614526079,0.5856318197754338,0.0,0.5398462664932321,0.2000927026108702,low,0
S0095,2025-03-23,12,mid,5,54.919132072573156,0,0,5,0,0,8.303394802792917,0.0,12.482719715332028,0.6565384178689575,0.8547308331415232,0.9879694804534472,0.261201845455483,0.0,0.604666516538743,0.11217467701320716,low,0
S0095,2025-03-24,12,mid,7,53.417049100961705,0,0,1,1,1,4.217591104509083,0.0,13.067467146373605,0.7284301521994069,0.7424879748237273,0.8823144255043212,0.9978143444376737,0.0,0.9125798594900214,0.7708249008281932,low,0
S0095,2025-03-25,12,mid,6,42.13347091353807,0,0,5,0,1,6.658068219069446,0.0,3.775697062856045,0.43950544385626467,0.7742918788481444,0.2811666471237395,-0.6975761714333735,0.0,0.5546471814975279,0.4707226032745647,low,0
S0095,2025-03-26,13,mid,4,30.01330256182865,0,2,1,0,1,5.515159974131348,0.0,3.9810132368463975,0.39481448912236283,0.8297609548302524,0.8757995620332627,0.6074057945186135,0.0,0.9160575673059073,0.5226723738734391,low,0
S0095,2025-03-27,13,mid,4,36.906483959163744,0,1,4,0,0,3.769594611790678,0.0,5.199986254735217,0.34405677143019087,0.8002883591196087,0.6067314302546866,-0.5653033351886028,0.0,0.8833256415852139,0.010904577050844244,low,0
S0095,2025-03-28,13,mid,7,41.288319690175946,0,1,3,0,0,6.931477364495577,0.0,7.033719598331172,0.3148963668125869,0.7451631974107423,0.13427542410194138,0.41380611500209374,0.0,0.472813682879171,0.5118386383610768,low,0
S0095,2025-03-29,13,mid,4,42.67125367401291,0,1,3,1,0,7.269087910000915,0.0,9.415859738066553,0.5330335834958184,0.9343248269161467,0.7601907657534195,0.37165401376711005,0.0,0.4177082270500908,0.30359151642493587,low,0
S0095,2025-03-30,13,mid,6,58.04350079935058,0,0,1,1,1,7.691896180912471,0.0,10.547478695374327,0.45030938832263645,0.6351650940864357,0.9903751160124287,0.3091121602290199,0.0,0.16273975575471256,0.7865673633885369,low,0
S0095,2025-03-31,13,mid,5,50.00298701150324,0,0,3,1,1,3.392534596124413,0.0,12.70983846520245,0.2588689486172273,0.4974119442239775,0.563611341885962,-0.19305990982518062,0.0,0.5599717698849361,0.4790625827121109,low,0
S0096,2025-01-01,1,mid,2,38.1168146618882,0,3,2,0,1,7.648053867353013,0.0,8.946333364282442,0.06207969681097991,0.12714274038442663,0.982350463019639,0.2573810969413979,0.0,0.6058945505557845,0.7669452462691008,low,0
S0096,2025-01-02,1,mid,4,32.06623872231418,0,1,4,0,0,2.9185942609240447,0.0,11.129634406385396,0.4513211440265118,0.1472616938377167,0.36202345374299416,0.7342005424531426,0.0,0.6883078062753843,0.7387875872962957,low,0
S0096,2025-01-03,1,mid,3,44.491754400411054,0,0,3,0,0,4.318221645823281,0.0,11.949999647312332,0.9839746249233391,0.7427251443599361,0.1514279800430688,0.51900117340167,0.0,0.8339019450934935,0.18215861857711868,low,0
S0096,2025-01-04,1,mid,2,43.67977898373736,0,1,1,0,0,7.767266921819664,0.0,7.115952714166683,0.09771193007136325,0.5566497410916806,0.6038127835531065,0.301952712972962,0.0,0.34589270498447555,0.9273616508043067,low,0
S0096,2025-01-05,1,mid,2,39.691534487571715,0,0,2,0,1,4.922648833116076,0.0,13.514257271908981,0.6786010516808271,0.49594345522810257,0.9656698141094562,-0.12425432546273196,0.0,0.42156826157303884,0.632248196951721,low,0
S0096,2025-01-06,1,mid,3,38.5403171738156,0,0,4,1,0,5.160554502045151,0.0,5.3528363943176664,0.2839392567215193,0.9997738041451315,0.37583303215695296,-0.5537361193467438,0.0,0.7720991912821743,0.45927771184619537,low,0
S0096,2025-01-07,1,mid,3,41.16864103785619,0,2,4,1,0,5.142111540913303,0.0,5.074124162641175,0.9171097275327745,0.4900477914656891,0.21920262254409895,0.17780447353855644,0.0,0.14908810337633427,0.6702653353652487,low,0
S0096,2025-01-08,2,mid,1,40.01096247538774,0,0,5,1,1,5.088909955217227,0.0,11.876418009518195,0.5976558912273422,0.11319434143051199,0.9473942263796173,-0.5759531317344968,0.0,0.5492323474620143,0.9650870634134785,low,0
S0096,2025-01-09,2,mid,2,43.86576544772458,0,0,4,1,0,2.7391353716172326,0.0,9.74976116038588,0.21258353564969512,0.9152107467838068,0.6657212240032349,-0.31425836544981434,0.0,0.9488409431044952,0.933572364264745,low,0
S0096,2025-01-10,2,mid,1,38.740735145004024,0,2,4,1,0,6.99926891338235,0.0,14.581850640852362,0.6957020356457918,0.15269460778244648,0.38127668463753683,-0.6152859243293392,0.0,0.949256918910828,0.19458437423138275,low,0
S0096,2025-01-11,2,mid,3,46.46387438544744,0,1,1,1,0,8.701056040757233,0.0,6.49770761269324,0.8807336529270859,0.0453476765558779,0.854349235512059,0.12418767446954049,0.0,0.713841294856857,0.7963767464552279,low,0
S0096,2025-01-12,2,mid,0,56.725833991391085,0,2,5,0,0,0.0,0.0,7.8100759685556405,0.23538945106017506,0.6794844231276139,0.06231467571095639,0.23277916052917935,0.0,0.08110486975304665,0.8938527802143,low,0
S0096,2025-01-13,2,mid,4,64.607424881575,0,2,5,1,0,5.068261020111515,0.0,9.665574856721637,0.3481239231787876,0.4315535509664661,0.06674039498397022,0.6863154076050777,0.0,0.7323943706079925,0.16202308783768948,low,0
S0096,2025-01-14,2,mid,4,44.61324769363485,0,2,2,0,0,6.296254621100195,0.0,14.314247967150033,0.8209991723698583,0.267363508211349,0.7831252435531791,-0.403833546416555,0.0,0.3572420261096029,0.9420629953648598,low,0
S0096,2025-01-15,3,mid,4,17.977876946750797,0,2,4,0,0,6.432133315616664,0.0,8.768519210833636,0.6572783441223903,0.14837668550242833,0.2894891179646678,0.25981197874442974,0.0,0.053265903246680235,0.6790473628693975,low,0
S0096,2025-01-16,3,mid,4,91.94472676930516,0,1,2,1,0,4.924883892551678,0.0,13.951309875487338,0.25134375041863666,0.14994474832078464,0.12912142290726092,0.5881459331586767,0.0,0.8711288529428064,0.8362030739075963,low,0
S0096,2025-01-17,3,mid,1,41.91018784941005,0,2,3,1,1,5.37069838065149,0.0,13.063439887578225,0.9544120378945086,0.04357315001526996,0.07745362208999329,-0.7601090589580808,0.0,0.36577823979177626,0.35350381254397045,low,0
S0096,2025-01-18,3,mid,4,48.51099083142301,0,0,4,1,0,5.651702810245235,0.0,8.611974193805448,0.5521378608378614,0.2920973494456227,0.31457024021158075,0.02026052392665445,0.0,0.4281084152597606,0.08573343175258441,low,0
S0096,2025-01-19,3,mid,3,25.80372991158915,0,1,2,0,1,4.4637807934407725,0.0,10.932198003971141,0.0725133096174756,0.7934061206961555,0.6979228844197561,-0.6805484305417093,0.0,0.7633950830926988,0.29438044882918457,low,0
S0096,2025-01-20,3,mid,3,43.5426551380086,0,1,5,0,1,5.48298459877809,0.0,9.316565618715293,0.9605085659228324,0.29481774987022413,0.03668779844780423,-0.9781115145625523,0.0,0.028939622486486738,0.6589398090615035,low,0
S0096,2025-01-21,3,mid,2,31.48879873758737,0,1,1,0,0,4.853526850921378,0.0,7.746774181645849,0.4195270714327479,0.290602108913692,0.08210489268221921,0.31358559032181677,0.0,0.60222911251864,0.7421858682990538,low,0
S0096,2025-01-22,4,mid,4,76.06469621470589,0,0,2,0,0,4.623703407403294,0.0,7.935999914091468,0.0809176931626191,0.5681619716403439,0.07860810169618548,0.46678693308333075,0.0,0.8892543924248032,0.3241617107957335,low,0
S0096,2025-01-23,4,mid,3,35.76871934553224,0,0,3,0,1,4.385236064423234,0.0,9.464490359209218,0.8293947376860495,0.7826649775847092,0.4625857016749034,0.7609582429758983,0.0,0.2229320758130111,0.3671544876260203,low,0
S0096,2025-01-24,4,mid,2,43.27999056048187,0,2,1,0,0,5.468450537007341,0.0,10.224088418113864,0.18792457161665754,0.2254125422136276,0.9052942978864589,0.9109762330329765,0.0,0.40797368302206916,0.9816008555486536,low,0
S0096,2025-01-25,4,mid,3,39.97115320189302,0,2,3,0,1,4.357342672164652,0.0,9.975936139485183,0.6469806562497834,0.24148465420991072,0.9650446231956102,0.9561654081423936,0.0,0.003063855506774571,0.134275168698746,low,0
S0096,2025-01-26,4,mid,5,47.62242280198056,0,2,3,0,1,4.308732146926263,0.0,13.233973074976063,0.9556841014667441,0.5216253972208228,0.8823994050342968,0.6978482094645084,0.0,0.24285712097033973,0.30496214777240394,low,0
S0096,2025-01-27,4,mid,2,40.89634022611893,0,0,2,0,1,3.9424709764774275,0.0,8.892222390677928,0.49642498419356607,0.7508320811388942,0.3905955084194732,0.7167016290270682,0.0,0.9412599190965895,0.7140445940261254,low,0
S0096,2025-01-28,4,mid,3,58.514650825463654,0,1,4,1,0,2.643509758970699,0.0,13.947872067970241,0.7909070878258314,0.9689735393896896,0.6837228525582171,0.19021823187871623,0.0,0.2836629555993031,0.8776093779776504,low,0
S0096,2025-01-29,5,mid,2,39.225831594915995,0,1,2,1,0,2.3847257152572356,0.0,9.306455635221594,0.5179549369437217,0.8911977380932554,0.5227923464953943,0.8803428450042428,0.0,0.5695878311957749,0.1862251802359971,low,0
S0096,2025-01-30,5,mid,2,55.845048559548445,0,1,5,1,0,3.0141280226376956,0.0,19.300488469846805,0.5572990205190492,0.05041625495327806,0.6415354262486634,-0.8175781246819844,0.0,0.6720962222995157,0.9398613679383144,low,0
S0096,2025-01-31,5,mid,2,65.0122874663582,0,2,3,1,1,6.0647890051487865,0.0,10.088441316671014,0.47618276756666744,0.3662457917889008,0.9224115670680608,-0.7867694664146112,0.0,0.7079589661555153,0.43096675441093324,low,0
S0096,2025-02-01,5,mid,2,59.787622349316976,0,1,5,0,1,4.049363966612062,0.0,5.519394201082731,0.1301420100468682,0.6938389579994638,0.6331899018460786,0.6087272422102601,0.0,0.24190155392590473,0.37832662390464034,low,0
S0096,2025-02-02,5,mid,1,62.21467614240118,0,1,5,0,1,5.583473414450381,0.0,10.084854000021974,0.48541862238842315,0.7750224046871158,0.6684868070635364,0.11422989679101847,0.0,0.7386972095308783,0.637336188985155,low,0
S0096,2025-02-03,5,mid,3,43.7439130015862,0,2,1,1,0,5.824560939773516,0.0,10.672889287812161,0.1736115616525269,0.970264911958863,0.3587317299126762,-0.14081190119632825,0.0,0.22413188629007175,0.31957076930838446,low,0
S0096,2025-02-04,5,mid,3,35.20399716345227,0,3,3,0,0,6.705906436232178,0.0,9.675346543249137,0.12726988040105236,0.0641391280576783,0.4297189320732332,0.22970981024582904,0.0,0.46549991528739343,0.008517875150747867,low,0
S0096,2025-02-05,6,mid,2,19.82435631545335,0,1,5,0,0,7.372689330782993,0.0,11.27576848501664,0.14239254142228897,0.5200249749392117,0.9304964873674823,-0.7048077476411225,0.0,0.7768637075287461,0.8942389390881698,low,0
S0096,2025-02-06,6,mid,2,40.702971889999375,0,0,2,1,1,3.3144857886375982,0.0,10.529891201236962,0.4629687717654425,0.28613726790622085,0.06821273712247311,-0.2929606884228517,0.0,0.6332061089295355,0.7760181880875305,low,0
S0096,2025-02-07,6,mid,3,61.07186543067026,0,0,4,0,1,1.8274750946189569,0.0,6.1029907830727375,0.22899106236857536,0.11365674899152756,0.8116209259106013,0.3296848072185401,0.0,0.27099492562386307,0.06601094319904832,low,0
S0096,2025-02-08,6,mid,2,51.781276108121844,0,1,1,0,0,3.688183796729321,0.0,9.968040662634298,0.357273107613972,0.8399214047921003,0.18329839319526853,0.014405910670718391,0.0,0.8536794471425928,0.8804803016162489,low,0
S0096,2025-02-09,6,mid,4,44.400781921902464,0,0,4,0,0,3.0319862613812605,0.0,6.844257076365248,0.07707166032127011,0.22353987449600765,0.9673769856935144,0.11963935932908187,0.0,0.5351304704990263,0.5057282309679528,low,0
S0096,2025-02-10,6,mid,3,56.12539313920918,0,0,5,1,1,2.195999902999783,0.0,8.788776047460034,0.8143044939728356,0.5319392831032163,0.5348449183168892,0.18676051162255636,0.0,0.019850809191868213,0.09186522525013463,low,0
S0096,2025-02-11,6,mid,2,41.00276031247562,0,2,5,1,0,3.2024589888923383,0.0,11.03937549548725,0.4787694817152177,0.7189631283930329,0.8241984816337814,0.5926506112373893,0.0,0.1323201543641559,0.3759329394457489,low,0
S0096,2025-02-12,7,mid,3,24.58992250973973,0,0,4,0,1,6.432993606191351,0.0,10.947463378004164,0.14553410084147866,0.22944794037821548,0.9268663026556904,-0.4379771003239852,0.0,0.8792694441670177,0.7391481112268509,low,0
S0096,2025-02-13,7,mid,3,46.13603896011469,0,2,3,0,1,3.211418908954477,0.0,13.459946995006714,0.46064004354243204,0.4799453159352527,0.7942644210567351,0.9044325450492616,0.0,0.857812294262191,0.4787005257680621,low,0
S0096,2025-02-14,7,mid,1,37.96223671580644,0,1,3,0,1,7.023295768565992,0.0,10.668057658194726,0.33073619811799115,0.2114337328557726,0.5028036729998095,0.505348092101835,0.0,0.03518786209437463,0.8766303704796341,low,0
S0096,2025-02-15,7,mid,2,47.19301927671052,0,1,5,0,0,4.068444629723365,0.0,8.540259600836086,0.7953537297676494,0.10295289182380829,0.29388175309189135,-0.2754428439141463,0.0,0.9092573177672244,0.6100258160170225,low,0
S0096,2025-02-16,7,mid,2,43.114584119953555,0,0,1,0,1,4.191594691150114,0.0,9.11437372137353,0.6885606748914848,0.5179904584900419,0.26481768932362004,0.5851353028573285,0.0,0.582117912573655,0.18161231440929348,low,0
S0096,2025-02-17,7,mid,2,42.699437239158925,0,0,3,0,0,0.7133932219353412,0.0,10.557261665281557,0.10277415186354155,0.055421171366729416,0.1958913515705467,0.39946574501436016,0.0,0.6683205003180241,0.8945046549665758,low,0
S0096,2025-02-18,7,mid,3,46.837110623064405,0,0,3,0,1,5.789552036438028,0.0,13.45792533723656,0.3637319449578582,0.18411608378900224,0.6764584550374587,-0.17471078872706514,0.0,0.37089378190486366,0.4698969603756361,low,0
S0096,2025-02-19,8,mid,3,55.312494498857454,0,1,3,1,1,4.297748414475123,0.0,10.309889606433961,0.13679843678767667,0.5688853471500571,0.8462357436860384,-0.48638506487515465,0.0,0.623368755522022,0.32075226897262865,low,0
S0096,2025-02-20,8,mid,2,44.781959872420174,0,2,2,0,1,9.94597450410961,0.0,13.97738863558247,0.5870261129483604,0.07608681153952934,0.8436758807938072,0.7202651738046231,0.0,0.7939841668755014,0.7238790960030631,low,0
S0096,2025-02-21,8,mid,3,38.438385060624974,0,0,1,0,0,6.295209411446118,0.0,10.901433956435165,0.7721715614104726,0.2928242299153575,0.722732998433831,0.9892947254980047,0.0,0.6700248473662423,0.12728702488371224,low,0
S0096,2025-02-22,8,mid,0,59.48316972744753,0,0,4,0,1,5.499737844200759,0.0,15.802651176355159,0.17293202083703252,0.5868672645970414,0.10546367752327102,-0.027250403318676453,0.0,0.19141897920906892,0.01061953384412262,low,0
S0096,2025-02-23,8,mid,1,30.98299913391567,0,2,3,0,1,6.660143042157802,0.0,4.172912893739425,0.8039367150525699,0.41824555819858233,0.3091831159631,-0.5441332084956922,0.0,0.7879478400355614,0.0925307928434258,low,0
S0096,2025-02-24,8,mid,0,42.381537431508534,0,1,4,0,1,8.269668651009896,0.0,13.756540727390863,0.6345356590527113,0.6808427631006191,0.6881457859666722,0.17674119285698975,0.0,0.2582364373811028,0.5143919663696987,low,0
S0096,2025-02-25,8,mid,4,42.87184131347001,0,2,1,0,1,8.223377697953218,0.0,12.2787293178143,0.742697041244658,0.07557269345823836,0.40793060504973755,0.00043201108397994403,0.0,0.9859806601881512,0.8733841329659373,low,0
S0096,2025-02-26,9,mid,3,44.87221901572257,0,1,3,0,0,6.1159363545415095,0.0,11.029430678801896,0.3247031043243611,0.3147735504488569,0.09743182743985035,-0.9150252580994795,0.0,0.2356427955414302,0.8594546018978168,low,0
S0096,2025-02-27,9,mid,2,45.16814030212644,0,1,4,1,1,4.3945662788239455,0.0,11.843192906599484,0.06398419793400567,0.6923251460409598,0.04326103697250272,-0.9584046546753524,0.0,0.31754035643903933,0.008750334554523342,low,0
S0096,2025-02-28,9,mid,4,46.494504864959836,0,0,4,1,1,6.120053133753283,0.0,11.050548022019397,0.5902978667700725,0.43818602145965235,0.48448900429573327,-0.6058815490068725,0.0,0.3801703282662794,0.7976773468972589,low,0
S0096,2025-03-01,9,mid,1,45.0937586795342,0,2,1,0,0,5.887970824964931,0.0,8.05737694547295,0.9035989235392048,0.861724581381805,0.8889707056207709,0.6125124467670171,0.0,0.9888231327099325,0.27272381775279875,low,0
S0096,2025-03-02,9,mid,2,57.89136247091278,0,0,5,1,0,5.891871661300763,0.0,15.629377394237377,0.313339018912968,0.07318590091608657,0.4195097324654321,0.814070046007306,0.0,0.16873105985172332,0.8621326466687552,low,0
S0096,2025-03-03,9,mid,3,60.0051781711225,0,1,4,0,0,2.208098758715468,0.0,7.100844694396997,0.3054273353847785,0.24168493960165027,0.17722551631499872,0.6589000739234849,0.0,0.4612984691471417,0.09984452657654952,low,0
S0096,2025-03-04,9,mid,3,47.56928403423856,0,1,3,0,1,5.748875398351378,0.0,13.20233214628852,0.4577720737451967,0.7635372442314952,0.463302513171426,-0.42880841456559504,0.0,0.5837133109549195,0.5112422933776061,low,0
S0096,2025-03-05,10,mid,1,44.45301626776368,0,1,2,0,0,5.451797907265091,0.0,5.767343377517124,0.9950977622741582,0.443906354045253,0.47287097026101377,-0.963003942287709,0.0,0.36531033010247793,0.9799003253187181,low,0
S0096,2025-03-06,10,mid,2,44.15650704547617,0,3,5,1,0,7.1179219295977365,0.0,9.999848610840846,0.9899305371903085,0.3385127220812695,0.4125091126780871,-0.45017396855038094,0.0,0.9251341022014574,0.6264626595367816,low,0
S0096,2025-03-07,10,mid,2,51.2856148071665,0,1,2,0,1,6.659137681598176,0.0,14.506603570934782,0.19415875203060695,0.5458198327711856,0.8945411719980922,-0.7575402038537749,0.0,0.2364942484129755,0.440478827161938,low,0
S0096,2025-03-08,10,mid,2,38.33974555313822,0,1,4,0,0,6.052973723724376,0.0,9.685820397424695,0.9566350198548469,0.6108126414010984,0.010505764490083558,-0.13669926603552218,0.0,0.6431631786871291,0.9020576657900248,low,0
S0096,2025-03-09,10,mid,1,53.31734534044424,0,3,1,1,0,7.294068749043843,0.0,9.211155261352658,0.9256752045281105,0.07716611827462427,0.6637089160051569,0.3814881924708584,0.0,0.9682756339795512,0.0313354342039901,low,0
S0096,2025-03-10,10,mid,3,57.33637728973038,0,0,4,0,0,5.084374369478189,0.0,9.394073676050839,0.3082460900690389,0.47433472832853607,0.6461390754645596,0.845116982303741,0.0,0.6665788818752766,0.4088300639431629,low,0
S0096,2025-03-11,10,mid,1,36.18560451651919,0,3,4,0,0,3.9675326130941464,0.0,9.13592841775965,0.8963128563767664,0.6607980854159116,0.8360205904286108,-0.8455503681047511,0.0,0.5630564903649848,0.8739688757171638,low,0
S0096,2025-03-12,11,mid,1,59.47284762596769,0,2,5,1,1,1.1316628941141236,0.0,11.22269101496778,0.12912309941207234,0.7052400990811325,0.6006771187151808,0.9988567654151983,0.0,0.8390823604033221,0.408440665593382,low,0
S0096,2025-03-13,11,mid,2,50.538695225981186,0,1,4,0,0,4.420437414617645,0.0,9.036142890685507,0.7809515204513056,0.32387859575583544,0.6177200267675198,-0.18214717730127172,0.0,0.08553346062734635,0.9962513135438621,low,0
S0096,2025-03-14,11,mid,1,42.49219632368391,0,2,5,1,1,6.037551937113951,0.0,10.58581546238963,0.5658137491464005,0.2374111590925151,0.6522089759240695,-0.48656411079516904,0.0,0.8507059550536885,0.08569817071996966,low,0
S0096,2025-03-15,11,mid,3,38.08067789455166,0,1,5,0,1,0.6446210002746113,0.0,9.026875403763151,0.06604607270084772,0.24192027406594596,0.2802523704762332,0.142257188314326,0.0,0.9362116810132873,0.13977350183380655,low,0
S0096,2025-03-16,11,mid,2,49.487062678467694,0,1,5,1,0,3.2371478698525906,0.0,12.518133739219461,0.9712206727684358,0.7909081435180042,0.8150735157177477,0.8734640559614866,0.0,0.7327105389893068,0.31428178330618606,low,0
S0096,2025-03-17,11,mid,3,65.52841744771274,0,1,1,1,0,6.707766847256556,0.0,11.922077719795464,0.1781304263828961,0.9599034474667643,0.5473317540756156,0.7642382325452424,0.0,0.25422793530889565,0.19381937975446395,low,0
S0096,2025-03-18,11,mid,3,31.28939191189605,0,1,2,1,1,1.948717087043093,0.0,9.282180326656679,0.3011167699737064,0.29462082113956223,0.629906324910853,-0.26604641851665,0.0,0.8681264914885003,0.3017500307716373,low,0
S0096,2025-03-19,12,mid,4,27.053736104111273,0,0,2,0,1,8.515485186638285,0.0,14.11475074049286,0.9362321417678123,0.33713410868082205,0.2685772502496009,-0.12942360718559165,0.0,0.44507518109890476,0.9014759072957869,low,0
S0096,2025-03-20,12,mid,2,55.73954466693557,0,2,2,1,1,2.938616220597973,0.0,5.24263931904278,0.27234013821423153,0.508406906889034,0.7961959602800306,-0.04083354584939203,0.0,0.04267970369324281,0.8538417480731171,low,0
S0096,2025-03-21,12,mid,2,31.20390478577044,0,0,3,0,1,4.624390692254633,0.0,12.991013857148843,0.8593212251861115,0.05046360579216025,0.2170924689535645,0.6382456341052503,0.0,0.8612159418396265,0.5515332568077015,low,0
S0096,2025-03-22,12,mid,3,38.93428870545415,0,1,4,1,0,3.6653461671652723,0.0,8.607440102567221,0.33319480638615073,0.1066985996047789,0.3743615452274124,-0.3796392399275752,0.0,0.7419413746210103,0.6112508950672964,low,0
S0096,2025-03-23,12,mid,2,64.98893472134706,0,1,2,0,0,3.0531875634964383,0.0,15.273799473774439,0.5350892164980409,0.8524837780943714,0.5040851552735808,0.9293381050421623,0.0,0.5170542045545168,0.9677191737665969,low,0
S0096,2025-03-24,12,mid,3,30.250741927143302,0,0,4,0,0,4.227204319265077,0.0,11.576150848553564,0.04621019065824028,0.04778112558064329,0.18885633772729626,0.082032432930087,0.0,0.8928741739748164,0.7089432520155634,low,0
S0096,2025-03-25,12,mid,2,52.40890836752489,0,1,4,0,1,4.762478863219696,0.0,8.707095677660417,0.2551777134848271,0.7367277814342644,0.9136606925826327,0.06824506247209361,0.0,0.13397709851254536,0.5439152689203149,low,0
S0096,2025-03-26,13,mid,1,44.83185574610723,0,0,4,0,1,3.8519946572953065,0.0,6.0621092174124875,0.39937903887046966,0.14429044624668308,0.48854716489688643,0.273920445245444,0.0,0.10408237002230258,0.5311159672475155,low,0
S0096,2025-03-27,13,mid,1,39.785302469088194,0,1,1,0,1,7.456961822826767,0.0,14.409765311236619,0.9565812344254575,0.1781116698153341,0.8507514235741445,0.5053371855066195,0.0,0.4839341207635097,0.21396371823962934,low,0
S0096,2025-03-28,13,mid,2,42.130014584482225,0,1,3,1,1,6.264532190360017,0.0,8.20093632935232,0.6059410158995934,0.4962703305609577,0.23783744744356128,0.6051464988518449,0.0,0.8813839494459819,0.7298658967686886,low,0
S0096,2025-03-29,13,mid,2,43.32910257703398,0,1,3,1,1,1.3209979812964208,0.0,7.17918489029486,0.22060676543905167,0.8269353287301807,0.48330975944179977,0.653107035081745,0.0,0.6107044105895382,0.5283968621397024,low,0
S0096,2025-03-30,13,mid,1,30.643424099283912,0,0,4,1,0,2.059199022558422,0.0,9.720039350427138,0.5954514436973205,0.18344860101287563,0.5435285027912191,-0.1401841081601103,0.0,0.5345734598054024,0.5737266588528016,low,0
S0096,2025-03-31,13,mid,3,40.99214833161848,0,0,5,0,0,3.9504412574157537,0.0,6.8987716388471565,0.06802111995913629,0.9657198276510313,0.226986584854158,0.7530885763182613,0.0,0.602562880469161,0.4297212133684202,low,0
S0097,2025-01-01,1,mid,4,49.40159217378988,0,0,3,0,1,3.70731302007108,0.0,7.486643969924786,0.5837681477270376,0.8570833061618192,0.3340527295568789,0.6592807625664323,0.0,0.23280905315318146,0.42944769050079223,low,0
S0097,2025-01-02,1,mid,2,36.22592867850338,0,2,2,1,1,4.515471807133192,0.0,10.170093747202554,0.3264993628750562,0.5049617114841943,0.25965731702219197,0.6110988686225105,0.0,0.6067548784966805,0.9553422454069227,low,0
S0097,2025-01-03,1,mid,2,49.71358285862703,0,1,1,0,1,7.10247193221256,0.0,9.467869986875176,0.26460150319189124,0.4598594791798988,0.7849769943561552,-0.8676833742260668,0.0,0.27756833797738445,0.11058980098001969,low,0
S0097,2025-01-04,1,mid,2,49.432005843205104,0,1,4,1,1,4.070313623161717,0.0,11.834733196030893,0.48005926601181803,0.9658391051348314,0.47264935076765724,0.007187113020208802,0.0,0.863354085097068,0.8920977425615118,low,0
S0097,2025-01-05,1,mid,3,53.569708146092694,0,0,2,0,0,7.800479229632865,0.0,6.501478784435857,0.999152434781198,0.7740932716944459,0.6273083515585911,-0.3217078260229933,0.0,0.5163931410211069,0.5345912986284617,low,0
S0097,2025-01-06,1,mid,4,50.87493934809075,0,2,4,0,0,6.915560767668552,0.0,10.03241688841699,0.29339702520924915,0.07435485560003541,0.37153855679824443,0.4308689194242348,0.0,0.9768174146915088,0.5633062919287021,low,0
S0097,2025-01-07,1,mid,2,58.17454007755438,0,3,4,0,0,4.381813241783649,0.0,7.689717013744952,0.8452759522274171,0.12967388156770865,0.17045939999460114,0.5551755208931475,0.0,0.5063730030178788,0.6901246188841632,low,0
S0097,2025-01-08,2,mid,1,49.89414807550434,0,2,5,0,1,6.229599503188657,0.0,8.152429283026388,0.8069409590400356,0.48492178695457633,0.8380814241353531,0.7087563822108596,0.0,0.8144595312980171,0.7571937178202441,low,0
S0097,2025-01-09,2,mid,0,53.66977926187751,0,0,1,1,0,1.4371858231636292,0.0,4.892809867641149,0.5076229670560388,0.6131919809923765,0.33091337341897764,-0.009582635969021869,0.0,0.32250497533695566,0.3400533933816604,low,0
S0097,2025-01-10,2,mid,0,37.733198890435105,0,1,3,1,1,3.616829640011945,0.0,10.012894070042863,0.05387462985747837,0.4895021108736757,0.8996217270953183,0.2993833489723514,0.0,0.5314412952183414,0.6152102293035706,low,0
S0097,2025-01-11,2,mid,1,31.654127239591688,0,1,3,0,1,4.046646673363252,0.0,12.665040853767062,0.07993521850649599,0.44643051586711835,0.20845687306096838,0.33234157600775216,0.0,0.2237202141752127,0.9940594016507368,low,0
S0097,2025-01-12,2,mid,3,36.435603955065375,0,1,5,1,1,2.355460204375802,0.0,6.196726733865513,0.46267512745408346,0.40426517775858295,0.19207929959658554,0.07584997686504069,0.0,0.1954111434157224,0.28449169807263375,low,0
S0097,2025-01-13,2,mid,2,51.311867781062176,0,0,1,0,0,6.78293790001822,0.0,7.610704593049312,0.10427788470632848,0.5628659564613571,0.6234445399660403,-0.38403037127615147,0.0,0.9510210413322929,0.4160614698618589,low,0
S0097,2025-01-14,2,mid,3,33.57992532225563,0,1,3,0,1,3.62236507421026,0.0,7.473792921171334,0.2487784526695871,0.3891401649283236,0.7250398674090627,0.9277485366536433,0.0,0.2828616045923895,0.13129570192584927,low,0
S0097,2025-01-15,3,mid,3,46.884473092043834,0,0,5,0,0,7.024142246383188,0.0,10.798036103680776,0.21813023788907449,0.430840219878607,0.03976678727164307,0.45808288829704114,0.0,0.11320356998713432,0.7782195500814026,low,0
S0097,2025-01-16,3,mid,1,50.09488748857667,0,0,3,1,0,7.760605999911061,0.0,15.202095659289204,0.4465567126414002,0.006498217340142554,0.5259979135613222,0.8151230838277446,0.0,0.3924555620812209,0.014989169370309585,low,0
S0097,2025-01-17,3,mid,4,58.2073232408553,0,1,2,0,1,4.415991995245157,0.0,15.746215459696085,0.3679788340608221,0.44312244131600764,0.8951086095272361,0.7385763818044111,0.0,0.2728881765331622,0.551770775193198,low,0
S0097,2025-01-18,3,mid,3,54.85903484852142,0,0,5,0,1,4.503661666124868,0.0,8.431009081182438,0.464485795682399,0.4325210496712659,0.7755569699943082,-0.8052303001988994,0.0,0.059410538840771965,0.0840226358508841,low,0
S0097,2025-01-19,3,mid,3,50.13125711095471,0,0,2,1,0,7.602660065474649,0.0,9.645645877523833,0.9476267573436594,0.7850404213047438,0.9492906051664972,0.7744399996905946,0.0,0.6397957357586936,0.5124900521866326,low,0
S0097,2025-01-20,3,mid,3,47.64860459168366,0,1,1,1,0,3.8678362253006373,0.0,4.413355991722678,0.264920275963894,0.3766241715441666,0.2667286575179092,0.9529188460016107,0.0,0.2882039902553941,0.3029496100270276,low,0
S0097,2025-01-21,3,mid,4,30.8168255533441,0,3,2,0,0,7.808677486948273,0.0,8.157525568247753,0.4842782244393876,0.09625096041934655,0.19762846856319882,0.8249610278566235,0.0,0.36294249777941046,0.490526243708164,low,0
S0097,2025-01-22,4,mid,2,28.860447970942268,0,1,5,1,0,7.800145445965548,0.0,8.378564884917857,0.4487206883752066,0.9130022304118061,0.7021694213510171,-0.31787545387614524,0.0,0.8627432489714401,0.08697552479416781,low,0
S0097,2025-01-23,4,mid,3,37.14882876314014,0,2,3,0,0,2.9806224138496114,0.0,9.480546156030588,0.4417428463705251,0.4818328853030953,0.2627330256769247,-0.391279777790172,0.0,0.4632713954918989,0.357366990268179,low,0
S0097,2025-01-24,4,mid,1,39.479202123230245,0,0,1,1,0,7.591747546147516,0.0,3.789610618341321,0.6492988237956452,0.29144206554752694,0.0076930288106740186,-0.3807249178638876,0.0,0.566516528658652,0.3505784104968064,low,0
S0097,2025-01-25,4,mid,4,41.12721385726109,0,2,2,0,0,0.5922098330375514,0.0,12.248929398991441,0.7213614027483451,0.8400627393932297,0.01200983537806688,0.8369390719943839,0.0,0.823805618314625,0.5177212438495703,low,0
S0097,2025-01-26,4,mid,4,39.039141592738645,0,4,4,1,0,6.934508559896314,0.0,6.899979659344607,0.5963892182776552,0.6195150436780887,0.8064539232236384,-0.6663155941007619,0.0,0.8441064375988917,0.10334624014515403,low,0
S0097,2025-01-27,4,mid,1,51.18224516565984,0,1,5,0,1,5.270392755581774,0.0,14.57787402805726,0.6974410654951857,0.07712142565598368,0.6961029556321032,-0.4766731710388705,0.0,0.7761413201417856,0.4832756259341069,low,0
S0097,2025-01-28,4,mid,3,35.22345631616541,0,0,5,1,0,5.518566981225531,0.0,12.115229560118186,0.021799861654563935,0.8626119979480102,0.2973738501785733,0.7382640618530911,0.0,0.9815432460430453,0.6513271746229183,low,0
S0097,2025-01-29,5,mid,2,37.5709695039298,0,1,3,1,0,4.824425125806329,0.0,7.1231252291405305,0.5505472241486176,0.9977779129801725,0.7889406997611549,-0.21199588604795294,0.0,0.8215885015732397,0.8111713983911096,low,0
S0097,2025-01-30,5,mid,3,44.589077237679355,0,2,2,0,0,2.9137978402538627,0.0,6.1451655591858465,0.8918689710094505,0.007444249576555539,0.15549585613839811,-0.4418270654596077,0.0,0.9986261750734501,0.0453377374633529,low,0
S0097,2025-01-31,5,mid,4,50.305002237121684,0,0,1,0,1,2.021733591509604,0.0,11.540579574237416,0.5053150834930467,0.18863429064839077,0.7514843822205965,-0.19075230509174634,0.0,0.20832138500348574,0.7973120887313976,low,0
S0097,2025-02-01,5,mid,3,28.8951078414635,0,0,5,1,1,6.951136865197612,0.0,10.518877898220904,0.9362635491051575,0.5242703791637103,0.6154695822869044,-0.18859152048869698,0.0,0.11628240154529279,0.9331312394529365,low,0
S0097,2025-02-02,5,mid,2,31.184220203056626,0,1,4,1,0,3.1787557852829105,0.0,10.853339788593946,0.8145856280298726,0.4662423244707067,0.39734992265700764,-0.5057044144725682,0.0,0.5492466253587798,0.8200187634249272,low,0
S0097,2025-02-03,5,mid,2,44.352242327666644,0,1,3,0,1,3.4271682376501422,0.0,12.069112127382379,0.052814822559196006,0.47982640868015713,0.6513238992837752,-0.6770013542063333,0.0,0.11764807183872394,0.702109641081122,low,0
S0097,2025-02-04,5,mid,2,35.08695446103063,0,0,2,1,0,2.9728744856333207,0.0,11.205381718026572,0.04140616241837891,0.35377907232766015,0.21628855116856083,0.03574228408506741,0.0,0.6778613363644094,0.2718280162509711,low,0
S0097,2025-02-05,6,mid,3,40.080863478717674,0,1,1,1,1,1.5218413520283756,0.0,9.269388822578389,0.6065474073447574,0.9090623730588672,0.7293743906881258,-0.7518615861478564,0.0,0.03458337826513713,0.644082030542834,low,0
S0097,2025-02-06,6,mid,4,59.123237860045194,0,0,4,0,1,4.205480365189348,0.0,9.981792562121704,0.7675442922105504,0.22752786700785999,0.9324743933273698,0.2115163800152129,0.0,0.9071782069338044,0.8227448932617523,low,0
S0097,2025-02-07,6,mid,5,55.51049818964075,0,1,2,1,1,3.455801913466196,0.0,12.894338965248547,0.7287325457966063,0.32740275012880926,0.07207426665623073,0.8025957712410898,0.0,0.4202883263011835,0.7395484939372062,low,0
S0097,2025-02-08,6,mid,4,54.15312021618294,0,1,4,1,1,3.043039373203565,0.0,7.357466039237251,0.8846891154508415,0.33683663143859166,0.5046760974712746,0.7857756211918074,0.0,0.07078108282213769,0.8250865451925569,low,0
S0097,2025-02-09,6,mid,3,39.65203965740348,0,3,2,1,1,4.799714553874647,0.0,13.731848033614757,0.06672942776325153,0.5421041123459823,0.97874152431092,0.6091269479962464,0.0,0.5562902609492775,0.9508552799847579,low,0
S0097,2025-02-10,6,mid,2,58.77502704624533,0,2,3,0,1,6.746327454221999,0.0,11.476203204276302,0.03327940033002941,0.9872001006170141,0.21206876977680555,-0.6243256418865328,0.0,0.8002715461386325,0.4232884328144154,low,0
S0097,2025-02-11,6,mid,2,39.95601704884619,0,0,4,0,1,6.510937172052804,0.0,14.814302373815671,0.03194414887443764,0.031877746360715054,0.4565305397264693,-0.23306248376942174,0.0,0.28944153944757345,0.12927323504257937,low,0
S0097,2025-02-12,7,mid,3,31.269339974696607,0,1,1,1,0,5.092971022934532,0.0,13.913332776739587,0.5094943380339702,0.596564893317216,0.6634313777280679,0.6364685369858931,0.0,0.05371448550318181,0.3129884970334458,low,0
S0097,2025-02-13,7,mid,3,44.58207419009007,0,0,5,1,0,5.048475226011274,0.0,11.274205935619417,0.7282348127941471,0.8812355673000947,0.41433025119046163,-0.8378135677355854,0.0,0.0553111921860856,0.9223648905496643,low,0
S0097,2025-02-14,7,mid,2,55.75587170120202,0,0,3,0,0,7.947536011932682,0.0,11.428952990205728,0.7643103600440732,0.5215449339371246,0.9672333065566614,0.3046121615673445,0.0,0.4766672290693861,0.5669947962978885,low,0
S0097,2025-02-15,7,mid,3,56.858161697956305,0,0,5,1,0,3.001816075445646,0.0,5.773211403824007,0.36635032359105246,0.5105918005605701,0.3677956502117036,0.17279474690565344,0.0,0.10446208418325031,0.2750254330532226,low,0
S0097,2025-02-16,7,mid,3,53.08682154519476,0,1,4,1,0,5.207840794728746,0.0,11.981137729041956,0.46571393781257364,0.8688605579112916,0.40830072446650956,-0.46364220095302144,0.0,0.5024453501185924,0.16962058783256873,low,0
S0097,2025-02-17,7,mid,2,60.091478171146804,0,2,4,1,1,2.1108943323145413,0.0,12.074133462818342,0.12471932475238001,0.05469847424240759,0.8300737020297156,-0.20239230068622582,0.0,0.698895068384911,0.9321902549018773,low,0
S0097,2025-02-18,7,mid,2,50.85991090493375,0,1,1,0,1,8.0047057190474,0.0,10.827188079249044,0.45702431554336664,0.21038597285001281,0.5714602038595775,-0.5311239468326172,0.0,0.8482960917501947,0.7803616503811716,low,0
S0097,2025-02-19,8,mid,1,62.24098155608482,0,3,4,1,0,6.677472642402839,0.0,12.425897041759294,0.5835348557736334,0.2537322491128092,0.12084391642545989,-0.023963138526737815,0.0,0.8890190855209356,0.274457008552479,low,0
S0097,2025-02-20,8,mid,4,35.45230670798353,0,0,4,0,1,6.4348280293633735,0.0,12.265289407746508,0.9714213539590166,0.0922629053193822,0.08913951721962698,0.5216661909515106,0.0,0.014472295753924724,0.8738236781355153,low,0
S0097,2025-02-21,8,mid,1,45.760761636619456,0,2,2,1,0,5.578585251563456,0.0,10.00695732862859,0.6997306900037812,0.444628565111606,0.7079405423872339,-0.23406302155765668,0.0,0.31739661864901425,0.5022699831450125,low,0
S0097,2025-02-22,8,mid,3,44.29338457715023,0,1,4,0,0,6.000362887883836,0.0,6.489657276593836,0.7884450153838118,0.4990233036807282,0.03617955376928339,-0.36655663837580055,0.0,0.6087021508110918,0.3703376018343314,low,0
S0097,2025-02-23,8,mid,3,66.98821864830816,0,1,5,0,1,3.8112418919467492,0.0,6.254203729602316,0.11580390630504711,0.7933501855540758,0.5942107015032788,0.5601396220462189,0.0,0.6839622929360165,0.9624332552285805,low,0
S0097,2025-02-24,8,mid,3,56.62877506548949,0,1,2,1,1,7.0962910894226265,0.0,11.186082506182736,0.05880421390281987,0.9461830865267203,0.24278141893010086,-0.5995248556585684,0.0,0.39792491427968635,0.6371659427993929,low,0
S0097,2025-02-25,8,mid,1,49.38768383475579,0,4,2,0,0,2.7906751098948432,0.0,5.3122529154493865,0.13751421493959537,0.8200057334750875,0.7801268183475909,0.27531685972713493,0.0,0.3806744786936953,0.9696580496328292,low,0
S0097,2025-02-26,9,mid,4,29.72775653318081,0,0,2,0,0,4.1058471532937855,0.0,10.410494969837586,0.7443562933874125,0.0549363932159167,0.367996135567475,-0.24534027034290373,0.0,0.5918219166624811,0.2124208658824256,low,0
S0097,2025-02-27,9,mid,3,64.02156567508075,0,0,3,1,0,5.214887927872371,0.0,11.050811901812825,0.07461335745985209,0.6554144993834896,0.39701164194020977,0.32040800008967407,0.0,0.9850024814179901,0.2699555976494131,low,0
S0097,2025-02-28,9,mid,0,65.40397699419199,0,1,2,1,0,3.19310904137358,0.0,12.91825795462624,0.45500599383927764,0.26970007237853455,0.7204711006584528,0.6069813123442342,0.0,0.7314874200566174,0.959136206585127,low,0
S0097,2025-03-01,9,mid,3,34.04859270039114,0,3,5,1,1,4.664509909418039,0.0,8.404678733168783,0.8368376233482874,0.0864719966203551,0.9288113133868565,-0.5541675149421956,0.0,0.04939905696517466,0.5636718380159313,low,0
S0097,2025-03-02,9,mid,3,40.5685363328394,0,0,5,1,0,7.5835893848547045,0.0,7.344845732700395,0.7381879026347318,0.7864507854055134,0.8928145604551041,0.22608095716194887,0.0,0.7514844969100608,0.27493535210383435,low,0
S0097,2025-03-03,9,mid,3,52.11866537709076,0,0,2,1,0,4.253550541744621,0.0,7.067416742198357,0.007939477534376183,0.13906074388563439,0.3068033219612252,0.2674218341869776,0.0,0.7309085547999745,0.33053044616287053,low,0
S0097,2025-03-04,9,mid,2,53.19676583207444,0,2,2,0,0,6.038889752102282,0.0,7.857912145110133,0.13315979833911185,0.44469288571625487,0.2402773416201217,0.09292087694200935,0.0,0.867427411358555,0.7042519438972079,low,0
S0097,2025-03-05,10,mid,2,42.0411726342645,0,1,2,1,0,2.432382833391784,0.0,7.3143783508007925,0.9937879707817763,0.8586629367754777,0.7382196020678997,0.8353704467318512,0.0,0.9156471605580573,0.19858652383018638,low,0
S0097,2025-03-06,10,mid,2,43.621997597775696,0,0,3,0,1,5.083263563517726,0.0,8.518004588670696,0.28516590657057805,0.7617426737425292,0.9478005777785872,-0.6872506765707505,0.0,0.921897332166523,0.6383667410850874,low,0
S0097,2025-03-07,10,mid,1,55.42248358432994,0,2,2,0,0,1.354181629201813,0.0,13.639006665850706,0.3408673683767629,0.5463861703270549,0.2719971243464179,-0.9608166330315411,0.0,0.4150331741239376,0.8760746848740721,low,0
S0097,2025-03-08,10,mid,2,46.41236599662699,0,1,4,0,1,4.783726140152926,0.0,11.1809331511634,0.1490479654574669,0.7282125749765103,0.15277657318534832,-0.5566125640384343,0.0,0.08747160544898014,0.7017989312187108,low,0
S0097,2025-03-09,10,mid,3,39.656417782366574,0,1,1,1,1,0.45668132847234055,0.0,4.956996209656632,0.3045597518657617,0.5069465374547321,0.7916592719969527,0.7838539787561962,0.0,0.7072962044481585,0.10066720433949128,low,0
S0097,2025-03-10,10,mid,3,43.77819639567303,0,2,1,0,1,4.4604966172087925,0.0,10.1873623531908,0.3451702874469762,0.5961823263116693,0.11595472477590807,-0.19643811346625784,0.0,0.4509360126717956,0.879487778888686,low,0
S0097,2025-03-11,10,mid,4,67.0552740196851,0,0,2,0,1,2.847285029951666,0.0,17.295951927873404,0.11152987560174832,0.6923768124486303,0.4123320847365165,0.26614134501036246,0.0,0.05926294275150046,0.20763935163272784,low,0
S0097,2025-03-12,11,mid,3,41.87252112256159,0,0,5,1,0,4.0472040003351974,0.0,7.268159019268257,0.7475861961715606,0.7048557851158487,0.5383975680265255,-0.410539135901147,0.0,0.5223893247193531,0.9914845208430607,low,0
S0097,2025-03-13,11,mid,3,20.43961430156922,0,1,5,0,1,3.811440769583162,0.0,2.3703589735532304,0.842088503430268,0.5674560574118985,0.8570715131589339,0.960226610449538,0.0,0.6217982503725309,0.7055380575978616,low,0
S0097,2025-03-14,11,mid,3,16.47341621883779,0,3,1,0,1,3.9222014394859235,0.0,8.204097658292728,0.6749525406442787,0.7271834202443336,0.2919498358182393,0.7436330224824503,0.0,0.8347055097995779,0.5996419972972884,low,0
S0097,2025-03-15,11,mid,4,37.188784119505236,0,0,3,1,0,6.080171928493346,0.0,15.995435060852689,0.6640771731196935,0.9741570778794783,0.9595095372971563,0.9169016099307983,0.0,0.09620624007708856,0.8017913391999563,low,0
S0097,2025-03-16,11,mid,2,27.52381985339246,0,0,1,1,0,2.37037220096386,0.0,12.301943104315665,0.12279136729319806,0.544606856955404,0.1482239619491773,-0.6762188699965161,0.0,0.5576272473479712,0.09713199373766379,high,1
S0097,2025-03-17,11,mid,3,57.33972593458957,0,0,5,0,1,5.913706107374891,0.0,10.723302551627164,0.019611484122810996,0.16458361647421538,0.9782259540876019,0.31371642419097223,0.0,0.14136861354037522,0.6200206812065081,low,0
S0097,2025-03-18,11,mid,4,35.03504553254861,0,2,5,1,0,5.570288595456189,0.0,4.5082830977195485,0.47723234156816796,0.4014823429169462,0.18087254445522283,0.23861381867126874,0.0,0.5556168666374642,0.4401123939410281,low,0
S0097,2025-03-19,12,mid,5,51.69163972885949,0,1,4,1,1,7.595696667272212,0.0,5.837545302221114,0.8258421366191929,0.29436258036157725,0.13087381505849616,0.7616370565619823,0.0,0.4221705128039467,0.5085745196598958,low,0
S0097,2025-03-20,12,mid,0,47.22098091302506,0,1,5,1,1,2.798745471682603,0.0,14.81623782625315,0.0674430738798596,0.8301379488605928,0.8377824619819151,-0.7957250563416147,0.0,0.588078356678996,0.7321219790921089,low,0
S0097,2025-03-21,12,mid,4,27.263798510841347,0,1,5,0,1,0.0,0.0,7.2761336890805595,0.7257218684497013,0.9157646807632407,0.6122983887035706,0.4604717559761857,0.0,0.5102194597578554,0.404407425355357,low,0
S0097,2025-03-22,12,mid,2,39.86473290617394,0,1,2,1,1,6.0869251638424275,0.0,10.17093607768976,0.19606337025970189,0.3544535349467467,0.9958098304117575,-0.23084915665064876,0.0,0.7872254206797674,0.39412833731069197,low,0
S0097,2025-03-23,12,mid,4,44.57967297298701,0,1,5,0,1,1.9131815335056834,0.0,10.26055087972566,0.08834881374568071,0.015738086303531573,0.6867624059442907,-0.22460744314509062,0.0,0.5118041068774707,0.11727812597643394,low,0
S0097,2025-03-24,12,mid,1,48.44651105516023,0,2,3,1,0,6.958614647822438,0.0,9.003442094758785,0.408324217971089,0.8206175328989677,0.25850704194227847,0.897735893084999,0.0,0.21825269856185703,0.17849590410684457,low,0
S0097,2025-03-25,12,mid,2,42.93755852550701,0,0,1,0,0,5.78202112420599,0.0,8.467260135198675,0.6014074988336284,0.2955660252376897,0.04733010018736805,0.537031119042328,0.0,0.7900132966782569,0.8942489678839609,low,0
S0097,2025-03-26,13,mid,3,44.63715318132063,0,1,3,1,0,4.333428382868574,0.0,4.099051166635395,0.47537711667733784,0.18192867482819475,0.357526708785212,-0.17220510539548317,0.0,0.055292937816663223,0.62959152944188,low,0
S0097,2025-03-27,13,mid,2,33.75235532273338,0,0,3,1,1,4.3288276578329485,0.0,13.25608069858081,0.12283355166961007,0.19753996997063938,0.43796894307734524,-0.4097597907576498,0.0,0.4096595048268138,0.24007197849408346,low,0
S0097,2025-03-28,13,mid,3,37.783030343270745,0,1,5,0,0,6.386017518364897,0.0,10.367017782662696,0.14069218721025256,0.4843619607759838,0.00839902182825314,-0.12631516794930175,0.0,0.20702129945549919,0.22709258374773078,low,0
S0097,2025-03-29,13,mid,3,37.230203130900705,0,1,4,1,1,3.794876676759353,0.0,11.084439454790571,0.6203871582267088,0.011162229960294812,0.22359867341638562,-0.5179928829593032,0.0,0.9808633999259608,0.5708108476465692,low,0
S0097,2025-03-30,13,mid,3,40.306400024796346,0,1,2,0,1,6.3173459129166005,0.0,9.608858666321314,0.8466700161190678,0.11377412793969333,0.17815634338458874,0.8412278687043944,0.0,0.28802531633718864,0.2568913879451816,low,0
S0097,2025-03-31,13,mid,3,54.98532065601757,0,1,2,0,0,3.0601743800707775,0.0,11.773052201967772,0.7495835766040289,0.16916254654855045,0.5892148271241261,0.1344831131222206,0.0,0.10829335486300029,0.6638774613565963,low,0
S0098,2025-01-01,1,mid,4,55.85729643054847,0,0,1,0,0,4.55146852830979,0.0,8.958668672947372,0.7729762636042427,0.42710098318474277,0.6209366084847001,-0.9238177165564796,0.0,0.9893997356194218,0.4232540075422456,low,0
S0098,2025-01-02,1,mid,6,53.07535037718678,0,2,2,1,1,7.453583074711132,0.0,4.28690660439904,0.6499671464778325,0.1722125333719966,0.8305659459861322,0.3221669353450769,0.0,0.7439737549602743,0.9400311489222969,low,0
S0098,2025-01-03,1,mid,6,57.020682869813385,0,0,2,0,1,5.345548246471962,0.0,7.97618520565917,0.2599171004736919,0.9381499460515563,0.0016815634015158176,-0.11263139848336245,0.0,0.936553233144029,0.6186547329849179,low,0
S0098,2025-01-04,1,mid,6,34.85701806855754,0,1,1,0,0,3.3998647335363543,0.0,6.118630537732822,0.46591979322706234,0.011117179384166898,0.6051232136940522,-0.8943424943722342,0.0,0.4337531598758918,0.6674499325411042,low,0
S0098,2025-01-05,1,mid,4,37.701068785699555,0,0,3,1,1,6.035569016866763,0.0,7.050448461911525,0.12728349653911886,0.7804984034847865,0.8473834054943021,-0.772296245297529,0.0,0.9441124704061425,0.9775707449371386,low,0
S0098,2025-01-06,1,mid,5,27.601446739051386,0,0,5,1,0,5.570552394154442,0.0,11.616205628511159,0.04391150154717438,0.9028144864518591,0.15351981718148655,-0.5210663167366054,0.0,0.8390262424117642,0.6259261329144532,low,0
S0098,2025-01-07,1,mid,7,41.32270639618742,0,0,5,0,1,5.212011375825437,0.0,11.334734434070748,0.5613468377354626,0.06350682717634681,0.30847092438453194,-0.28050331335055945,0.0,0.5038873274212792,0.12300694230910902,low,0
S0098,2025-01-08,2,mid,4,47.584201601284356,0,1,2,1,0,4.327979020300282,0.0,9.032145187318399,0.23029749643635156,0.7511420772159045,0.424725757163802,0.6228673911365918,0.0,0.32822839501605294,0.46923574192003703,low,0
S0098,2025-01-09,2,mid,2,40.616430173215846,0,1,5,1,1,4.0620850098188805,0.0,15.348552289631904,0.536629875745483,0.3001056015001362,0.3894851481852898,-0.690690754572348,0.0,0.03534812125055653,0.6256565273570226,low,0
S0098,2025-01-10,2,mid,6,38.29675038631109,0,0,2,0,1,3.383631200995281,0.0,12.650799943637836,0.9636592586894541,0.3783945229716962,0.06957991043694878,0.9810788272570348,0.0,0.634629339349556,0.56398300031308,low,0
S0098,2025-01-11,2,mid,5,24.226309820751304,0,1,1,0,0,2.2058900071650007,0.0,7.734940296908924,0.7843960218488472,0.2147993726156724,0.9637783393047339,0.45854676934245564,0.0,0.5729155617329884,0.43471197193659095,low,0
S0098,2025-01-12,2,mid,6,46.192821545828934,0,1,2,0,1,4.847438437882463,0.0,12.8044387961551,0.640433025691814,0.22960213229222537,0.5512461218825032,-0.7299984867336138,0.0,0.017056942759247407,0.5756936129658298,low,0
S0098,2025-01-13,2,mid,4,52.598950077078165,0,0,3,1,1,2.7634419680810103,0.0,6.04031070621812,0.4079921754723539,0.5630695245602638,0.8219537526068823,0.17998214988405858,0.0,0.6832723047103965,0.5715025916894475,low,0
S0098,2025-01-14,2,mid,5,57.59504383983756,0,0,5,1,1,8.531014796394697,0.0,11.072659540872891,0.5004433189965127,0.504342804831728,0.154225460838595,-0.9403035429930182,0.0,0.07195671047588059,0.5094299244899987,low,0
S0098,2025-01-15,3,mid,7,42.82069647084005,0,1,5,1,0,4.736292483887739,0.0,7.872303440508915,0.5165938262161279,0.7595340097378337,0.9220934337903559,0.4466124028109595,0.0,0.5960361982579604,0.15203826485978356,low,0
S0098,2025-01-16,3,mid,5,42.35701391399677,0,3,4,0,0,2.925732761098076,0.0,12.182360261650539,0.7865240345892763,0.6670572314405941,0.5565938478259156,0.17522075967552242,0.0,0.9811641576090975,0.25960894871271656,low,0
S0098,2025-01-17,3,mid,8,59.488589288638146,0,0,2,0,1,6.630513625423372,0.0,3.3501742708670914,0.033515170799825356,0.005361088539454939,0.2446872407573869,0.3739655539322093,0.0,0.694022966659075,0.5854232403282268,low,0
S0098,2025-01-18,3,mid,4,42.752291925701556,0,2,4,1,0,0.0,0.0,12.89163378977726,0.20050302042271317,0.7798108950081089,0.45821259808474846,-0.9492770480234414,0.0,0.5034492711861134,0.20654465095943142,low,0
S0098,2025-01-19,3,mid,6,35.72421989031809,0,1,1,1,1,5.953947222771449,0.0,13.443466405528147,0.7700662974439327,0.824395845392369,0.23608103352366483,-0.1996861327805255,0.0,0.9222031298500547,0.273088918158617,low,0
S0098,2025-01-20,3,mid,6,55.98315854222847,0,3,2,1,1,7.443388645944692,0.0,7.0225469715959985,0.32155674523276156,0.0663066516420383,0.4676965712739055,-0.4000660235284994,0.0,0.7713511164528958,0.5149120287562668,low,0
S0098,2025-01-21,3,mid,5,43.6148106016144,0,0,3,1,1,4.044676995241475,0.0,9.74605881819961,0.31652174826578894,0.3163690633474433,0.5769439094508417,0.2747140336190579,0.0,0.43786936311704105,0.10443498304544818,low,0
S0098,2025-01-22,4,mid,6,47.997153259535466,0,1,2,0,0,3.872942929455969,0.0,10.790174302998336,0.34045290340447487,0.8036558473945865,0.8723277592803652,0.4968338813732982,0.0,0.4814547617446905,0.9960462366341462,low,0
S0098,2025-01-23,4,mid,7,41.59905107655969,0,0,5,1,0,1.3131893059058526,0.0,11.791112212145912,0.653681560666958,0.14693714967957117,0.7600281821836825,0.0913727935526687,0.0,0.751550392858496,0.4885247364382618,low,0
S0098,2025-01-24,4,mid,4,38.83950687701506,0,2,5,0,0,5.383253552095357,0.0,10.101711978192899,0.2680979358677442,0.2739436130550119,0.9793710347444989,0.4178357894950937,0.0,0.9522543501950702,0.167411500647613,low,0
S0098,2025-01-25,4,mid,6,47.44332938053463,0,0,4,0,1,4.735464146408699,0.0,14.108728334093122,0.9400807901789152,0.8494921714272267,0.33804719449338727,-0.3585691944875864,0.0,0.8825355821036075,0.4348464077922213,low,0
S0098,2025-01-26,4,mid,7,21.099969928709733,0,1,2,0,0,4.675269061427249,0.0,5.466415715668684,0.513692936544597,0.5500899147523381,0.1204012006525712,-0.4187212640272795,0.0,0.9638996450840077,0.9263999432847126,low,0
S0098,2025-01-27,4,mid,6,30.66795550850466,0,0,2,0,1,4.426628679361625,0.0,12.160824723739882,0.648210774691226,0.9448940417081138,0.9982350377744211,0.07345448858649672,0.0,0.609947446840343,0.43448655232304134,low,0
S0098,2025-01-28,4,mid,6,54.59719273785433,0,1,4,1,1,2.833315545047221,0.0,3.583553469769612,0.6171011520658443,0.8766212786213593,0.16605911779031368,-0.9663955068725165,0.0,0.8298536398324564,0.15342432496911318,low,0
S0098,2025-01-29,5,mid,6,52.95303164814963,0,0,1,0,0,6.189601823346177,0.0,8.847920760268153,0.2860270061467848,0.6532155349379206,0.10196303114218963,-0.10453275171189946,0.0,0.047607018761543496,0.46568267677330333,low,0
S0098,2025-01-30,5,mid,5,45.19925745106407,0,1,5,1,0,3.2901094977467116,0.0,10.045490180221094,0.7051922140837141,0.012132716024970791,0.8502352530362053,0.8403956956917524,0.0,0.6787198162331178,0.6349571886254793,low,0
S0098,2025-01-31,5,mid,5,46.5387751505544,0,0,4,1,0,1.8264294442440616,0.0,4.52198442676254,0.9155662160678826,0.8352119939924605,0.49454445248495993,0.36743498895214155,0.0,0.35213391965418084,0.19708767510317637,low,0
S0098,2025-02-01,5,mid,7,43.77143490732663,0,0,3,0,1,7.22762589461534,0.0,7.564658686504309,0.4740049552203388,0.5212012840773202,0.1874113817758678,0.4317835363552025,0.0,0.9045760121373101,0.06812840860842229,low,0
S0098,2025-02-02,5,mid,5,41.058502931309825,0,0,4,1,0,4.4646999217177585,0.0,13.380766146554631,0.6949749091697484,0.13447973554288362,0.7653448994326877,0.836842029641393,0.0,0.8230095938798522,0.030737310329628786,low,0
S0098,2025-02-03,5,mid,7,62.99919169065645,0,3,4,0,0,4.152010708615835,0.0,9.198409873201841,0.38421006429337545,0.7885109531896404,0.6740268909000569,-0.7057987043286706,0.0,0.4135102974357354,0.18254889035626287,low,0
S0098,2025-02-04,5,mid,6,59.63278766212443,0,0,4,0,0,3.1435958364528496,0.0,13.840389354499013,0.8961950851352063,0.8226781448018411,0.7409730930110885,-0.22076887343227414,0.0,0.6027150124951932,0.386868463531568,low,0
S0098,2025-02-05,6,mid,6,39.0003333871346,0,1,1,0,1,2.2158085805440697,0.0,11.87946205669091,0.3362971236710428,0.0957343532238577,0.3452978024065111,-0.2805380006851015,0.0,0.4038970976244267,0.08748220400519613,low,0
S0098,2025-02-06,6,mid,5,59.54820702739174,0,1,2,1,0,7.205247216189271,0.0,4.821987511674071,0.29584393576699064,0.6539447469994228,0.26266870494828165,-0.3644500071096881,0.0,0.033241111372916965,0.23153544980532814,low,0
S0098,2025-02-07,6,mid,8,46.97314861443128,0,1,1,1,1,4.160316428955142,0.0,2.8522583068368013,0.8073252147556996,0.7534266511790509,0.4723991805713783,-0.015602043133414734,0.0,0.702364432159008,0.5018543160040467,low,0
S0098,2025-02-08,6,mid,5,34.072677737768274,0,1,2,0,0,3.8763082683679206,0.0,12.067238367576095,0.918245150368975,0.23146513360474663,0.13761764087552053,-0.15326190871756218,0.0,0.1411809088074688,0.047921454797821283,low,0
S0098,2025-02-09,6,mid,4,34.73154197426318,0,3,1,0,0,8.124596658629265,0.0,14.786122792852261,0.2131481365462915,0.6445533155059888,0.66437603783255,0.5749657341740231,0.0,0.6868682939669725,0.5614175792942234,low,0
S0098,2025-02-10,6,mid,3,39.72009466781118,0,1,3,0,0,5.406796808512825,0.0,10.901777154218276,0.6926818488890095,0.25919610552963845,0.13767511742588856,0.7908310134834617,0.0,0.18725699039418342,0.23329237029442051,low,0
S0098,2025-02-11,6,mid,6,52.040886174451316,0,1,3,1,1,6.161967455767678,0.0,4.314657311161819,0.8073871950235386,0.28054159914081256,0.17571092197854776,-0.29058330635161167,0.0,0.5229644302755028,0.44003275453778157,low,0
S0098,2025-02-12,7,mid,5,29.589745458442007,0,2,1,0,1,6.932854584443942,0.0,10.160556285362237,0.3854590844413993,0.1350005528321293,0.004624855439040343,-0.27280974222976795,0.0,0.9563125537243374,0.8612688113917449,low,0
S0098,2025-02-13,7,mid,6,30.31403601703441,0,1,1,0,1,3.9657917926250237,0.0,10.331671108091143,0.857725837738049,0.5148968311005278,0.11940174716075269,0.5727206076353253,0.0,0.5026631999891451,0.4767599707069976,low,0
S0098,2025-02-14,7,mid,5,42.08495743087811,0,0,5,0,0,5.361361350494691,0.0,6.425966198059365,0.9375775319231895,0.681424991472347,0.45063813350583204,0.9383673036771292,0.0,0.24012206616210852,0.8262031695686213,low,0
S0098,2025-02-15,7,mid,5,39.28991347242948,0,1,3,1,0,3.7574102253556796,0.0,10.264389461666868,0.25057550623425917,0.7665810048586323,0.5736605074418439,-0.9979402315780499,0.0,0.6017147657915934,0.13310945967664722,low,0
S0098,2025-02-16,7,mid,6,50.0482695182352,0,1,1,1,0,10.478576280178288,0.0,6.1246263843048885,0.20159408440746307,0.19730509440180866,0.6505560473698311,-0.26771541919200326,0.0,0.8714398528156923,0.8151325348091518,low,0
S0098,2025-02-17,7,mid,5,55.88161171376903,0,1,4,1,0,3.9754213989173817,0.0,13.08901585181162,0.924798608275819,0.8277213329299613,0.6768575890820031,-0.7312230596070801,0.0,0.7700636383226345,0.7676391238768929,low,0
S0098,2025-02-18,7,mid,5,54.222669375101106,0,1,1,0,1,3.6190450102790646,0.0,18.447491383590563,0.7359660414522748,0.6302947065900334,0.8003722766796941,-0.4372048719140671,0.0,0.7116612077336915,0.1909106916143889,low,0
S0098,2025-02-19,8,mid,6,51.70737421976394,0,1,3,1,0,5.5133566743140845,0.0,12.131976843979253,0.9469156751726654,0.9396722036206422,0.04456758495892066,0.30168066038053154,0.0,0.6512903766606969,0.6766124114333936,low,0
S0098,2025-02-20,8,mid,5,47.870069326751846,0,0,2,1,0,6.12928536358473,0.0,15.106374490663297,0.5863407229720653,0.9204976985919835,0.7274939201705393,0.9802142053672551,0.0,0.3937405665817042,0.6990814740367756,low,0
S0098,2025-02-21,8,mid,5,64.54265857028624,0,1,2,1,1,5.367024998461209,0.0,10.294602724728412,0.24933341455257352,0.19015495047699016,0.9967592939110702,-0.10875025617030243,0.0,0.27304277338055993,0.7922680777661603,low,0
S0098,2025-02-22,8,mid,8,51.910158029576756,0,0,1,0,0,4.932313233905724,0.0,10.259160229219074,0.6139539112873617,0.30324352602389404,0.6304827155673212,-0.02943328104887266,0.0,0.5409430223855021,0.3348414835433332,low,0
S0098,2025-02-23,8,mid,4,42.36581697093207,0,0,2,0,1,3.8100737324347596,0.0,9.829131599997645,0.6840444258456019,0.46185304965814544,0.7979992312780644,0.4811787011991546,0.0,0.7482643516622434,0.17144170263271175,low,0
S0098,2025-02-24,8,mid,4,19.65500767317788,0,1,2,1,0,7.118439139774903,0.0,9.524793450499446,0.7242582253892692,0.29643650791669685,0.014118287283983233,-0.046715370590055594,0.0,0.15055592938181106,0.4640520376733176,low,0
S0098,2025-02-25,8,mid,8,41.29085287046419,0,0,4,1,1,6.09007572278563,0.0,7.8856401435046415,0.2579504311446019,0.42323840088936093,0.8033362385518625,0.2654526217007003,0.0,0.9698831844229964,0.3947572808932476,low,0
S0098,2025-02-26,9,mid,5,63.47895642958546,0,0,4,0,1,5.403647641233594,0.0,6.59731505278103,0.9055901456367277,0.07744716873852608,0.6281852406499874,-0.9326887099674661,0.0,0.7657767003739431,0.5714829957743751,low,0
S0098,2025-02-27,9,mid,4,38.092977984706344,0,4,3,0,0,6.792884247874187,0.0,14.36340396962332,0.37452530853625954,0.4125683659073056,0.3790794999803395,0.282044257521175,0.0,0.2379948367046768,0.9947034389666761,low,0
S0098,2025-02-28,9,mid,5,43.82380995886783,0,0,5,1,0,2.6059648527643207,0.0,8.206910269291049,0.36686083390868807,0.3199563574928027,0.5079084897683096,0.7997643706125828,0.0,0.6962909384194329,0.8501393046058339,low,0
S0098,2025-03-01,9,mid,7,35.728761433001196,0,0,2,0,0,2.368211051814224,0.0,6.63732599864068,0.2546372227945781,0.511600897216322,0.6384247243202478,0.9108066643386257,0.0,0.2064528327847942,0.4791657332216731,low,0
S0098,2025-03-02,9,mid,6,63.809736317291275,0,2,4,0,0,4.191330020552663,0.0,13.748580305992895,0.4483681086751482,0.6282013888528535,0.7148188803574982,-0.2566460081765993,0.0,0.5206021658377681,0.502182879079636,low,0
S0098,2025-03-03,9,mid,5,54.84550496973815,0,1,1,1,1,7.357506833059849,0.0,11.349473875060804,0.7642554220402762,0.12010428668419992,0.49879667958830376,0.9650923739695585,0.0,0.7821093220082566,0.6786722638197422,low,0
S0098,2025-03-04,9,mid,7,45.09394976684263,0,2,4,1,1,6.89655118875629,0.0,9.475932190573625,0.6925330201896339,0.7392298775213163,0.551479889393262,0.9523194560590609,0.0,0.10322614386945694,0.8702036676251002,low,0
S0098,2025-03-05,10,mid,6,64.31012699500198,0,2,5,0,0,7.641256940654736,0.0,8.033050191124769,0.4066810750291031,0.45324428568898056,0.27574943418359155,0.16142810846442446,0.0,0.7399646690272111,0.318062375701026,low,0
S0098,2025-03-06,10,mid,5,54.438090843829954,0,0,2,1,1,3.289164343299113,0.0,10.569753565408053,0.44972259430366446,0.9640260109766661,0.5427370967325112,-0.06151870712880325,0.0,0.03307673835298264,0.6370072948701235,low,0
S0098,2025-03-07,10,mid,7,35.30748871613635,0,1,3,0,0,3.927892773521001,0.0,11.435604110208509,0.6428216938629047,0.5665545517952049,0.22922313088804014,-0.38253375952867463,0.0,0.22370797371175455,0.542653183577572,low,0
S0098,2025-03-08,10,mid,5,54.11385435068868,0,3,1,1,0,6.280183208472795,0.0,10.568528929456317,0.3878647249493856,0.037976520402980385,0.18042342791764232,0.9206137126101555,0.0,0.2610933728562831,0.7437231710216596,low,0
S0098,2025-03-09,10,mid,5,43.93698322811393,0,0,2,1,1,5.215570007909833,0.0,11.879816429185404,0.5943685641624324,0.08778347789791396,0.6529738748072068,0.24640868528052162,0.0,0.024814044956262382,0.6091156563812831,low,0
S0098,2025-03-10,10,mid,6,37.69207889235608,0,2,3,0,1,4.03976762609292,0.0,13.880613862584923,0.3955222479326904,0.27176295271541784,0.8399842783933874,0.6346136587794817,0.0,0.5055813352226742,0.5876862371536974,low,0
S0098,2025-03-11,10,mid,5,40.74363107767774,0,0,2,1,1,0.0,0.0,9.371259923824448,0.6841550418584926,0.703063407850779,0.1493356257759575,-0.7922321358709523,0.0,0.09763274502333408,0.09767451531260818,low,0
S0098,2025-03-12,11,mid,6,47.07427415971055,0,3,2,0,1,5.911103093710949,0.0,4.485511872645725,0.012080189655841123,0.4736598507253804,0.7398105925647168,-0.44113811593427865,0.0,0.8714360928244063,0.18160191426460381,low,0
S0098,2025-03-13,11,mid,6,53.15574208556829,0,1,5,0,0,6.772690000457123,0.0,4.876920244602527,0.7107255071355653,0.7054995616034544,0.5482300603697966,-0.021902122043101047,0.0,0.3713026009861443,0.9197931110188354,low,0
S0098,2025-03-14,11,mid,6,61.15038483700805,0,4,5,1,0,5.70107577664006,0.0,6.134865179162974,0.9191529369374885,0.21817336531895892,0.9855120706370578,0.6129837892575125,0.0,0.40496249528300166,0.4900367703200731,low,0
S0098,2025-03-15,11,mid,5,36.31350006712127,0,2,1,0,1,6.697437188680958,0.0,10.390068170070084,0.022407333847732636,0.34431223890794727,0.9944289045351653,0.08680870831692844,0.0,0.49871118873696163,0.06874243223106691,low,0
S0098,2025-03-16,11,mid,5,24.06495585943446,0,3,3,1,1,2.627937863347603,0.0,11.328048663061066,0.04921928504518869,0.1373576490241244,0.6246810209649384,-0.7609796962110398,0.0,0.3263082133625008,0.2138086459817342,low,0
S0098,2025-03-17,11,mid,7,61.354943084381496,0,1,5,1,0,1.900207315174328,0.0,10.980093261757059,0.20322572216365364,0.44804749513906583,0.6292559064951604,0.7233313445447334,0.0,0.5034491797657293,0.7011046930338728,low,0
S0098,2025-03-18,11,mid,5,48.556350640093015,0,1,4,0,1,5.402826038680325,0.0,10.94860698777808,0.12007023379925896,0.7997558113993237,0.04551070773536159,0.1502056854474172,0.0,0.11503030934383462,0.6022870407776433,low,0
S0098,2025-03-19,12,mid,5,64.63681095862188,0,1,2,0,0,4.787491022070093,0.0,9.183309407559076,0.14135538156095906,0.7031377320112062,0.18231646305151428,0.11335443339642048,0.0,0.12048674865544118,0.5854905162872746,low,0
S0098,2025-03-20,12,mid,7,64.57149116219648,0,1,3,1,0,5.517042465296573,0.0,6.858037811512224,0.2936855208940794,0.4500203533495448,0.9271126492122659,-0.8067665638020902,0.0,0.6482857343608194,0.8041463213308572,low,0
S0098,2025-03-21,12,mid,6,36.529129087222294,0,1,2,1,0,2.9467826521066813,0.0,11.732972942659796,0.8020095042838912,0.767127469918828,0.809317761032661,0.21169235816595555,0.0,0.06405128100813318,0.3881187725094686,low,0
S0098,2025-03-22,12,mid,5,35.872211938575234,0,1,4,1,1,6.023555513098513,0.0,4.8120271263200785,0.23663631060180257,0.19185945362890755,0.5061471092652223,0.2458099495895094,0.0,0.450986364693728,0.8063263074448866,low,0
S0098,2025-03-23,12,mid,6,45.59968592985979,0,0,1,1,1,5.3824628297752035,0.0,8.172344772671433,0.49006841071830454,0.6722687724954288,0.10865516033199185,0.3611315196721656,0.0,0.2521469841658066,0.0025379876125297685,low,0
S0098,2025-03-24,12,mid,5,53.78165449044966,0,2,4,1,0,8.618080269387827,0.0,8.116765336269912,0.46854753154953943,0.776908614778082,0.567452080907479,-0.3640355697662565,0.0,0.6388156580984068,0.08755529527472139,low,0
S0098,2025-03-25,12,mid,3,43.94778386078346,0,1,1,0,1,4.348715441965646,0.0,10.595034996362992,0.8947436281968065,0.6435464375420047,0.21432804974929276,-0.960320512606551,0.0,0.8002704169587753,0.4652455351865503,low,0
S0098,2025-03-26,13,mid,6,35.45617683490746,0,3,1,0,0,5.743556293140389,0.0,8.90518243507481,0.4187249225319587,0.523414477221316,0.6970975285350735,-0.8077991920226169,0.0,0.16514989750338904,0.21046063445278906,low,0
S0098,2025-03-27,13,mid,6,29.71522950322309,0,2,2,1,1,6.927779082374334,0.0,7.152611352451827,0.20181325512902382,0.6993589120823552,0.9006871981880162,0.7398525990069109,0.0,0.030317040517880978,0.8808198270486746,low,0
S0098,2025-03-28,13,mid,5,27.621710452951927,0,1,4,0,1,5.7725732810344486,0.0,6.3529937723769425,0.5283068561471652,0.4277381352671119,0.2469299147758659,-0.1756568144281916,0.0,0.9399128633297047,0.40998779702787835,low,0
S0098,2025-03-29,13,mid,5,38.8649373687912,0,1,5,1,0,5.2839037175671555,0.0,9.74480670029061,0.42112277061923664,0.2356666105007299,0.08197566688325642,0.20226154838154553,0.0,0.6954421165306459,0.6454414512089554,low,0
S0098,2025-03-30,13,mid,7,58.97411891380961,0,1,3,0,1,8.304702592930152,0.0,4.222045298937842,0.8456319640207902,0.06099368419316431,0.22675493686510606,0.3202359734752265,0.0,0.061633442880119294,0.8926687493084557,low,0
S0098,2025-03-31,13,mid,6,18.58240122922539,0,1,1,0,0,5.80068413972998,0.0,12.928038203572802,0.8043757827362142,0.06786316644283052,0.4349938545461606,0.6362104171708689,0.0,0.1387927711513649,0.5599918808356225,low,0
S0099,2025-01-01,1,mid,5,53.4933011145905,0,1,3,0,1,6.024758100543049,0.0,8.917128375277244,0.49414846275043944,0.8807203624235851,0.6832841930308357,-0.09082386108550589,0.0,0.927915179115494,0.09561560334402808,low,0
S0099,2025-01-02,1,mid,5,52.036622317099564,0,0,4,1,0,1.675265514806115,0.0,11.611839940546174,0.8983648746246597,0.6184712389593507,0.4653209930685661,-0.44580406986879995,0.0,0.2966224503234285,0.6959891741829755,low,0
S0099,2025-01-03,1,mid,7,25.076027844491147,0,1,1,1,0,2.8617535734741057,0.0,10.939616472137024,0.27163912169861026,0.4246091515824767,0.10094029474235222,-0.2183880085758636,0.0,0.9968150188909262,0.9483303511793477,low,0
S0099,2025-01-04,1,mid,6,42.50358928651389,0,2,4,1,0,9.264877123744558,0.0,8.068396147302682,0.3538372916317635,0.7474167073737701,0.9869284604835327,-0.3194091007250799,0.0,0.6092170564868187,0.9715812385776917,low,0
S0099,2025-01-05,1,mid,6,33.90952419840933,0,0,3,0,0,3.6977368483195785,0.0,9.28474833265923,0.9407843666209136,0.48900306545039984,0.12213691322526499,0.7692619859860754,0.0,0.46291203188326,0.5118049660040471,low,0
S0099,2025-01-06,1,mid,5,60.895244053639594,0,1,1,1,0,1.25766450610393,0.0,8.902488107219197,0.14698104606242524,0.29167944259042866,0.8808712840030906,0.8030634917872399,0.0,0.8612858631006836,0.2921541031261172,low,0
S0099,2025-01-07,1,mid,5,51.92026410652633,0,2,1,1,1,8.175284984448055,0.0,12.953589228557334,0.8861257929303649,0.607322396369783,0.2294582857330999,-0.8875843590760464,0.0,0.5883123550606447,0.7684450035234317,low,0
S0099,2025-01-08,2,mid,6,61.64919368407263,0,1,3,1,0,6.0159563933400975,0.0,6.305657370483455,0.020497690421911186,0.851764199594976,0.5168208178874834,-0.051216344699377636,0.0,0.9178563472686269,0.25053027901804115,low,0
S0099,2025-01-09,2,mid,7,42.80223521989451,0,0,5,0,1,4.802752240372819,0.0,11.17913259677655,0.2921383519566715,0.9733541459313422,0.5062567188458957,-0.6516260479188063,0.0,0.8810766404183289,0.10466083527799874,low,0
S0099,2025-01-10,2,mid,7,46.1312701177588,0,1,4,1,0,2.2281023140272147,0.0,12.10639397048588,0.6806375944464549,0.9056066104919929,0.9290018306965192,0.42341132903625245,0.0,0.22694668557711428,0.22072049382440828,low,0
S0099,2025-01-11,2,mid,4,40.01038754413757,0,0,5,1,0,5.204396592958649,0.0,10.645899516430562,0.5652316111016089,0.8974469300354373,0.7498980968846874,0.21774457117256363,0.0,0.812038748988359,0.343857458581843,low,0
S0099,2025-01-12,2,mid,7,33.8874998298839,0,3,5,1,1,5.196615680618335,0.0,12.697654052526566,0.8185549898383047,0.8308853757605864,0.3188629928796576,0.9950502563041193,0.0,0.8397633085084745,0.733877906596344,low,0
S0099,2025-01-13,2,mid,4,41.175450600213395,0,0,4,0,0,7.546618548562059,0.0,13.85654293840642,0.7781617507555988,0.7351105231762891,0.4286231057149561,-0.45593395100933853,0.0,0.5372912368404844,0.3449246814579763,low,0
S0099,2025-01-14,2,mid,5,27.368645823436434,0,1,3,1,0,0.0,0.0,6.561991013643792,0.5401669795652303,0.3418789556300592,0.8987281133116789,0.03580084142951567,0.0,0.6463438820762586,0.21787833639894283,low,0
S0099,2025-01-15,3,mid,6,43.6784136739135,0,0,2,0,1,3.3764197732786436,0.0,13.799578509459991,0.599612895539036,0.1799586446806395,0.5295477492897691,-0.7592360865670875,0.0,0.19245356801341706,0.6131960315614907,low,0
S0099,2025-01-16,3,mid,7,44.52671991396155,0,1,5,0,0,4.1957777409473636,0.0,5.987474885649425,0.061806841053187456,0.04617910437886874,0.416354946165269,-0.3463495140081636,0.0,0.8058391320371121,0.2726235048877077,low,0
S0099,2025-01-17,3,mid,5,55.13383336560657,0,2,5,1,1,6.666706719777855,0.0,7.650883579872467,0.48385357758380465,1.5765890407415384e-05,0.8290258553165757,0.3855824788308799,0.0,0.7052677663276953,0.752952168548904,low,0
S0099,2025-01-18,3,mid,6,26.477374626075502,0,1,5,0,1,3.681964380962983,0.0,4.31650002716418,0.39366239496267774,0.5425432968876236,0.0322238970885218,-0.06941032092434529,0.0,0.1576212937897591,0.11325535892377925,low,0
S0099,2025-01-19,3,mid,7,47.29851212062551,0,1,2,0,0,3.6608950779674903,0.0,10.542207948692942,0.9593543013060833,0.4288340678394682,0.2910214132236323,-0.5834205601958147,0.0,0.07442009560659069,0.708182203747691,low,0
S0099,2025-01-20,3,mid,5,47.483090210734765,0,1,1,0,1,3.988303498117582,0.0,6.15602883153842,0.1992507715434677,0.8295166574159231,0.22088606180376014,-0.060233321657430894,0.0,0.7162407649400648,0.9447498387231734,low,0
S0099,2025-01-21,3,mid,5,43.61294701757337,0,3,2,1,1,7.576860630739828,0.0,8.749886171949225,0.03621735458108499,0.46864016467714154,0.40995046199096075,-0.47535446814411575,0.0,0.963402237453612,0.497399517727971,low,0
S0099,2025-01-22,4,mid,7,38.76007192290573,0,1,4,0,0,4.032160996128242,0.0,5.938697212701349,0.5310547709812384,0.9549150025052016,0.1991765149794913,0.49317784193508785,0.0,0.10237489625352814,0.7326354458643353,low,0
S0099,2025-01-23,4,mid,7,35.91143367742363,0,3,1,1,0,4.882374036744729,0.0,8.955550566851542,0.11071563108978733,0.3700981784502927,0.6981906202336403,-0.32856942002878653,0.0,0.36501078637119055,0.07967727375615252,low,0
S0099,2025-01-24,4,mid,6,24.27927178371018,0,1,3,0,1,1.3048902540350786,0.0,5.496812996481915,0.8374036729820806,0.023440927520170907,0.9611627494057491,0.5832635956151948,0.0,0.8948754706624252,0.6478141556948399,low,0
S0099,2025-01-25,4,mid,6,26.823578339242882,0,1,4,1,0,3.853183360222852,0.0,9.532878155955602,0.06794630816124458,0.5608354943069909,0.7570405083377241,0.8484045572738426,0.0,0.35629986070274755,0.7418011585402708,low,0
S0099,2025-01-26,4,mid,7,42.73464337925452,0,0,4,0,1,10.544037283553068,0.0,9.752144975765791,0.5717610244609429,0.6205198822671993,0.7766608412547089,0.5331876694159987,0.0,0.46092455223491846,0.4633872407238715,low,0
S0099,2025-01-27,4,mid,4,46.85388177386251,0,2,2,1,0,2.4609483251069206,0.0,9.10731337351469,0.10935571148561507,0.6010259847912796,0.40379398595432836,0.5751581424917931,0.0,0.7265046742776052,0.9088446726457448,low,0
S0099,2025-01-28,4,mid,4,46.50636319266259,0,0,4,1,0,8.02522573333837,0.0,12.685853836411244,0.9192506375580517,0.9574724545043388,0.4769692085363024,0.28772854906119183,0.0,0.7780966263653807,0.9231344343509201,low,0
S0099,2025-01-29,5,mid,4,46.42225095539139,0,1,3,0,0,5.459456496426252,0.0,7.2467161482025855,0.6267940874948787,0.4608177489822499,0.7080942712869182,-0.010213224707994462,0.0,0.7340407718943822,0.1335633695913674,low,0
S0099,2025-01-30,5,mid,6,41.935870402394265,0,1,4,1,0,5.509459833749059,0.0,5.333649488488876,0.6248540916002104,0.8549726612981371,0.8521378228673518,0.6911685822458207,0.0,0.2450979419028657,0.5420682878235743,low,0
S0099,2025-01-31,5,mid,5,68.43545169214016,0,0,3,1,0,5.9995750155598975,0.0,8.600200214247923,0.9166382888322339,0.13614291572086124,0.09828839011177304,0.6732259139391565,0.0,0.17511876977311092,0.053340272170939174,low,0
S0099,2025-02-01,5,mid,5,38.721184621475864,0,1,1,0,1,3.4150956450771726,0.0,11.121354776091067,0.9098666494498259,0.40349545701892486,0.25582305276024975,-0.9248078175080905,0.0,0.7207912495382005,0.6315404021921465,low,0
S0099,2025-02-02,5,mid,4,32.58322416990178,0,1,5,1,0,2.7233582055736036,0.0,5.9978676369132184,0.8270415107125013,0.0582413321056342,0.46797688681810146,0.6068045925526591,0.0,0.8521766261012516,0.6069724302968084,low,0
S0099,2025-02-03,5,mid,7,32.35114733018154,0,0,5,1,0,3.5628722005649207,0.0,13.155673799209811,0.6106464660338157,0.8484811846255909,0.6256253842037406,0.3519574158056895,0.0,0.5110535321950722,0.1270698319877237,low,0
S0099,2025-02-04,5,mid,6,55.656923947441136,0,1,1,0,0,1.9533021068188052,0.0,7.227534773446644,0.9698936156614788,0.9760296841238496,0.374081336368174,0.9216178025781172,0.0,0.5846868212256049,0.014067285614426162,low,0
S0099,2025-02-05,6,mid,5,41.66286556753903,0,3,5,1,1,7.1364362505463745,0.0,15.210181016703878,0.7347368359480129,0.7809467065766552,0.011330199400218954,-0.15914899269411364,0.0,0.9702845558656307,0.6543519517327668,low,0
S0099,2025-02-06,6,mid,5,53.56299896048597,0,0,5,0,0,5.3645801239039175,0.0,13.296199895703417,0.5616696290687364,0.8349392964015587,0.056759100791964334,-0.1574152721794735,0.0,0.6263874236640383,0.09578284323349506,low,0
S0099,2025-02-07,6,mid,5,42.99254676785788,0,2,1,1,1,7.704567965739076,0.0,8.662376214197764,0.7806909799410884,0.9897879586410602,0.0069723728319830425,0.4216377921586736,0.0,0.971992702212408,0.9122016968460223,low,0
S0099,2025-02-08,6,mid,5,22.69523187387026,0,1,2,1,0,3.307853297313713,0.0,14.946618372833207,0.7047871394754395,0.6027511737656894,0.7915271089493877,0.8389733541458271,0.0,0.7384878292435142,0.23795182244579227,low,0
S0099,2025-02-09,6,mid,7,43.25775625773944,0,1,1,1,0,5.9511706245439475,0.0,15.958590227885399,0.6987116652763795,0.562143828612064,0.2905342365338053,-0.18567547864713463,0.0,0.8316514473228438,0.5885281946705596,low,0
S0099,2025-02-10,6,mid,5,43.194772424134975,0,0,1,0,1,3.858190524470646,0.0,10.152471546280674,0.5082669038168348,0.0327605277474019,0.8461881028435415,0.4745585469107383,0.0,0.45329033761754034,0.5604720095031441,low,0
S0099,2025-02-11,6,mid,7,39.49165135869894,0,2,4,1,0,4.027010280693741,0.0,10.215637805321625,0.623240330187046,0.3069693899293231,0.19829725969266832,0.12347851423715461,0.0,0.4906377923355867,0.41108765460024754,low,0
S0099,2025-02-12,7,mid,5,31.32990637988539,0,0,5,0,1,6.541930451217484,0.0,8.388977245048363,0.5433437754066661,0.25431145225477947,0.8673089678183519,0.6334337852980896,0.0,0.4934665928697096,0.8103716841619715,low,0
S0099,2025-02-13,7,mid,6,50.62633973988416,0,1,2,0,0,2.905012458477919,0.0,11.27256189805386,0.46081241537672746,0.6303299839026711,0.1226223047524666,-0.5946452479413014,0.0,0.09167277985479494,0.6129957773624117,low,0
S0099,2025-02-14,7,mid,5,56.000816197921566,0,3,1,0,0,2.8964675026191027,0.0,8.306044974170458,0.42165392216578435,0.9636746274282464,0.4892502704194519,-0.26300356044127726,0.0,0.6551174828337918,0.5987704775764977,low,0
S0099,2025-02-15,7,mid,8,36.028139495781154,0,2,5,1,0,5.150280943315364,0.0,4.582276081852829,0.8908036245962762,0.3575276366786495,0.7351917529363599,0.2779081637626659,0.0,0.22272578440792146,0.3172819776520962,low,0
S0099,2025-02-16,7,mid,6,37.55279373988911,0,0,1,1,0,2.890250760918494,0.0,15.467973678788836,0.263705092972533,0.05080742246921721,0.7618398449428001,-0.6484673344153431,0.0,0.9810098621510177,0.44998905980711246,low,0
S0099,2025-02-17,7,mid,4,55.09704971837011,0,2,5,1,1,3.070878342844245,0.0,9.195644455701732,0.804774659954283,0.14741997091408354,0.8464614937636127,0.5684735087939308,0.0,0.7510920929382761,0.5937938224237319,low,0
S0099,2025-02-18,7,mid,6,60.24499862204865,0,0,2,1,1,8.693264366795358,0.0,5.6259697879963415,0.14740926472329519,0.9527570552261235,0.08444763832924229,0.03034880450772337,0.0,0.03858185853345353,0.28109770947529733,low,0
S0099,2025-02-19,8,mid,8,51.71582481118997,0,1,2,1,0,7.630767999193186,0.0,11.653385202631263,0.5496746600942255,0.7567475691096117,0.9652081389152579,-0.17793447024759934,0.0,0.4445359187574093,0.6733578156597525,low,0
S0099,2025-02-20,8,mid,6,33.72326399973456,0,1,1,1,1,3.7366523120159183,0.0,4.174796297168073,0.11338510328010187,0.745389419457433,0.04094785879187168,0.34074145087851915,0.0,0.5170593232583404,0.8502148974319385,low,0
S0099,2025-02-21,8,mid,5,30.428634798196313,0,0,5,1,1,7.719581352995439,0.0,5.756159676772452,0.8517188921900719,0.421778262759839,0.29027262705254864,-0.044499795946981724,0.0,0.7344966672172711,0.6534959832570133,low,0
S0099,2025-02-22,8,mid,5,42.12016443892942,0,0,3,1,0,3.192552910049571,0.0,12.219468047768608,0.4285487612521641,0.004449571373440375,0.6703137924292654,-0.3610623028143407,0.0,0.9585122093353725,0.45881776848248057,low,0
S0099,2025-02-23,8,mid,5,50.38357377228015,0,1,2,0,0,4.8484252069575,0.0,5.69828971100921,0.8446967636622958,0.5037887170131761,0.4172198549848941,-0.15530926318608662,0.0,0.005266400928531145,0.21678484070601267,low,0
S0099,2025-02-24,8,mid,6,40.741669111082864,0,1,4,1,1,0.05522214425605032,0.0,9.924986719392397,0.9912442510934909,0.053369754557650695,0.7251899142938367,-0.1715348677784092,0.0,0.332923656894637,0.8951958572530747,low,0
S0099,2025-02-25,8,mid,5,47.32533927816277,0,2,3,0,0,4.738782244779937,0.0,13.111740428007414,0.9071437228622065,0.8604603017367966,0.3437982176424227,-0.8251946794137421,0.0,0.06309528352389826,0.46725628551726683,low,0
S0099,2025-02-26,9,mid,6,40.63662143252516,0,3,3,1,0,8.071213172696504,0.0,8.297348457104421,0.17534984748238325,0.08253904097045373,0.6724093289065891,0.1063180095419638,0.0,0.9079606744712279,0.6807635172046929,low,0
S0099,2025-02-27,9,mid,7,57.603438956417705,0,1,2,0,1,5.422775273336704,0.0,10.994991159894196,0.6288919627941962,0.16618129226896072,0.4585550151132676,-0.29741338553573105,0.0,0.4613390624847227,0.49212536465620704,low,0
S0099,2025-02-28,9,mid,6,37.93668169437115,0,2,2,0,1,3.9423595805122895,0.0,6.36570991785053,0.029160459062305688,0.28739723879696055,0.015025945212539082,0.37361609984602207,0.0,0.7100357778109734,0.7823986120204077,low,0
S0099,2025-03-01,9,mid,5,36.44876931247931,0,3,1,0,1,5.42753555769889,0.0,5.746677833143652,0.3874375736438336,0.07896209449964631,0.004867422962542833,-0.3237157441184073,0.0,0.4417883195513984,0.6896231182019077,low,0
S0099,2025-03-02,9,mid,5,48.168417512596186,0,2,3,0,1,4.345197710208415,0.0,8.977029722147819,0.6542819868684253,0.7384618005979341,0.48304011874823216,0.09158573595715658,0.0,0.06094640721815392,0.6976522155633931,low,0
S0099,2025-03-03,9,mid,4,48.98872076790726,0,0,3,0,0,1.4953688694951506,0.0,10.708426991259353,0.23003234986710397,0.71856021142002,0.3621872664986312,-0.6693009662322607,0.0,0.20044284523215694,0.8773068202243881,low,0
S0099,2025-03-04,9,mid,7,52.728679304196675,0,0,4,0,0,2.099869122888548,0.0,11.0990809423009,0.3961971006502235,0.4695226164736661,0.08355676842786564,0.384998512012227,0.0,0.903139515581392,0.8683236911136902,low,0
S0099,2025-03-05,10,mid,5,44.56093381056908,0,1,1,0,1,5.926378943901062,0.0,6.058636160738329,0.7301017446592676,0.9881831209653175,0.3825934969196063,-0.9128638555485524,0.0,0.9613000603031788,0.04611873704992997,low,0
S0099,2025-03-06,10,mid,6,29.53002583170328,0,0,3,1,0,2.246425337019298,0.0,5.9593299205083925,0.011669454977458305,0.8102537302131085,0.40877089551833223,-0.980166776239884,0.0,0.7982548865225921,0.9158194799071212,low,0
S0099,2025-03-07,10,mid,5,45.729583058695376,0,1,5,0,1,5.714831550743737,0.0,7.065695334978371,0.2571126576887366,0.240412021272275,0.02694721514486731,0.7943255875445581,0.0,0.7059115292196911,0.8668634110834352,low,0
S0099,2025-03-08,10,mid,5,57.9656028655696,0,1,3,0,1,2.6677208680773914,0.0,11.231177682401906,0.12604885283837863,0.45809056830206474,0.7213294020686846,0.4924510278360732,0.0,0.5483380878552072,0.8057697040320558,low,0
S0099,2025-03-09,10,mid,4,63.73942255972491,0,0,3,1,0,1.9215858861832018,0.0,15.784909288031034,0.8262476729337478,0.5097111102098997,0.8890336685750231,0.3300382068850425,0.0,0.0483539382492616,0.6206243461911352,low,0
S0099,2025-03-10,10,mid,6,19.231166190818275,0,2,2,1,1,10.036864387457893,0.0,10.469646064163744,0.05610584413905906,0.44255456183839403,0.23386561087954083,0.0858728250674925,0.0,0.6217353214453797,0.6364912894323673,low,0
S0099,2025-03-11,10,mid,7,44.06269451494289,0,0,2,1,0,4.976041896750734,0.0,11.265115516694188,0.7584312565020617,0.11203967643163337,0.8621110712626596,0.15610514485103644,0.0,0.1297739484624757,0.4987860761984516,low,0
S0099,2025-03-12,11,mid,5,62.2448540962013,0,0,5,0,1,3.678592011073725,0.0,9.562440857431573,0.9834214089790924,0.35480787984057205,0.6852692178617715,0.9090481311179324,0.0,0.4331797789590499,0.601413312980691,low,0
S0099,2025-03-13,11,mid,5,52.32523805131723,0,0,5,0,1,5.589280146517889,0.0,7.453283095766796,0.35321209236419615,0.22752759056689775,0.5980159554570914,-0.21105661157312294,0.0,0.07262028761300798,0.8957118466922714,low,0
S0099,2025-03-14,11,mid,6,44.27087812797236,0,0,5,1,1,7.41163550584258,0.0,8.98434638853318,0.15175130073372545,0.1436916542282083,0.999016394412132,-0.4158957583581877,0.0,0.6549798420204886,0.36454006593311694,low,0
S0099,2025-03-15,11,mid,6,37.97026053942599,0,2,5,0,0,5.536878890817674,0.0,6.795325455052744,0.5170916113525181,0.9343193110519513,0.05392892354198131,0.1956985463021177,0.0,0.0069788579102003645,0.501852002600813,low,0
S0099,2025-03-16,11,mid,5,56.593434179558685,0,1,2,1,1,5.888067437265669,0.0,6.638066227514263,0.5811974114611125,0.9044656819363899,0.8850884851601757,0.8292625177872301,0.0,0.5808042417197821,0.1787964480365274,low,0
S0099,2025-03-17,11,mid,6,39.95020493927804,0,1,5,1,1,5.632231702537335,0.0,7.923115638475183,0.14875212726033993,0.1279595898825946,0.18435166832481864,-0.4018663400621323,0.0,0.8859271206307657,0.8027891515084644,low,0
S0099,2025-03-18,11,mid,7,30.076433584014655,0,2,4,1,0,7.978039149614184,0.0,10.506678741739101,0.2301993965191227,0.2852067795532204,0.8944678870930203,0.3458895670167941,0.0,0.8351362867089426,0.21408593239930684,low,0
S0099,2025-03-19,12,mid,5,34.993156203506175,0,1,2,1,1,3.4885914864593746,0.0,12.991615517585334,0.7709640239374324,0.8510339833362766,0.49268115130768364,-0.18581952419340775,0.0,0.23638086221779675,0.8352394132920977,low,0
S0099,2025-03-20,12,mid,7,40.9982575808158,0,2,4,1,1,4.6108611538975,0.0,6.929391681038169,0.557288142719942,0.20737511822368915,0.05565741701119031,-0.3179236616040855,0.0,0.2192366067918614,0.08869751979096752,low,0
S0099,2025-03-21,12,mid,6,57.19299791268324,0,2,3,1,1,5.414845148082301,0.0,10.832083141939714,0.2766048149613207,0.3101918163972647,0.5851317701609529,0.19295280479441157,0.0,0.8704798045903688,0.029563926325086642,low,0
S0099,2025-03-22,12,mid,4,45.188810896321414,0,2,5,1,0,2.4054824175895533,0.0,7.313315880443294,0.4179522228789194,0.3234162703488658,0.7267689840825051,0.2712962201960023,0.0,0.5044269882800462,0.356647948681744,low,0
S0099,2025-03-23,12,mid,6,38.71933913025162,0,0,2,1,1,7.121084575377903,0.0,7.386892829960477,0.7500224280824462,0.15549494559248778,0.2928472250715939,0.14191411243050367,0.0,0.9825486353886682,0.3447813065615106,low,0
S0099,2025-03-24,12,mid,6,44.65233141894224,0,0,4,0,1,7.397191489273597,0.0,15.418209139168827,0.7055015390349002,0.8813183620639453,0.7126623922659752,0.5941653200997346,0.0,0.28020473873080354,0.8259927261537896,low,0
S0099,2025-03-25,12,mid,3,45.740481433454015,0,0,2,1,1,10.107067736741815,0.0,8.629931376449253,0.57931846644153,0.6012451651523116,0.9911918131382724,-0.41381595706034857,0.0,0.30746316814302566,0.36208184961017065,low,0
S0099,2025-03-26,13,mid,6,54.05089826856542,0,2,3,1,0,5.668097472101985,0.0,11.354233099923446,0.12550051071720436,0.41485906076702694,0.21352864945212224,-0.726422224159035,0.0,0.7141918650215757,0.21623932476068175,low,0
S0099,2025-03-27,13,mid,6,54.02536886985078,0,0,1,1,1,8.988271208453718,0.0,13.258100891108871,0.7665963002715928,0.542676417491708,0.8014642654859218,0.2035648524751632,0.0,0.1510845786902406,0.7670425016595873,low,0
S0099,2025-03-28,13,mid,6,41.90195703988251,0,1,2,0,0,2.9587434335646363,0.0,9.761052088157653,0.9651371736837658,0.04416707807411302,0.9370311649183948,-0.7046139872100261,0.0,0.10878511971612081,0.8226028007622058,low,0
S0099,2025-03-29,13,mid,4,52.98585327372363,0,0,5,0,0,7.37888643879085,0.0,10.26198950884339,0.3152925131481855,0.34872970391373637,0.6481458745162552,-0.9453789043101677,0.0,0.6510697430833037,0.3204790784517997,low,0
S0099,2025-03-30,13,mid,5,53.95403670861423,0,1,2,1,1,3.5550509003182826,0.0,10.448751539838339,0.3785322301764259,0.3294980532738411,0.016849779275475152,0.2308990474138759,0.0,0.19804511406052905,0.49288410344025757,low,0
S0099,2025-03-31,13,mid,5,48.578896453500285,0,0,2,0,1,2.532534975875969,0.0,11.880309838801717,0.15026404845371,0.4389992497090357,0.9436522120022237,0.8969181573433997,0.0,0.8499716254618098,0.25764373318393907,low,0
S0100,2025-01-01,1,mid,6,39.01867798957315,0,2,1,1,1,7.640399708738496,0.0,4.077702118705383,0.24774749360845305,0.9828740807858426,0.16664190788178024,0.9298910742202049,0.0,0.16525459865463432,0.4949511972485734,low,0
S0100,2025-01-02,1,mid,7,62.22445545009589,0,1,2,1,0,5.413641850194937,0.0,0.42690240013163283,0.4802747706675552,0.6180359328096581,0.70442782561928,0.28979455677920285,0.0,0.9668099682324672,0.9720766352494444,low,0
S0100,2025-01-03,1,mid,8,45.07749936508333,0,2,4,0,0,6.428514381382715,0.0,13.58211999227098,0.17362932563915423,0.9762858695071616,0.015708414598618714,0.07946854344501997,0.0,0.18647313700249724,0.9459011633090397,low,0
S0100,2025-01-04,1,mid,7,48.46764489706604,0,1,2,0,1,2.0144876033317907,0.0,11.518396646893208,0.6485943105405138,0.9956634862980266,0.3141486026868294,-0.9618293553901198,0.0,0.26433059211635357,0.02675990996658939,low,0
S0100,2025-01-05,1,mid,8,50.811519561238406,0,4,2,1,0,1.379858473414589,0.0,14.002680433391511,0.35232101174147246,0.6656127680857656,0.49025529011525404,0.5105591855790113,0.0,0.06345691097317874,0.26738380698062003,low,0
S0100,2025-01-06,1,mid,7,36.8810632793455,0,0,5,1,0,2.656458555972036,0.0,10.92477788109486,0.18723865442786936,0.9163448197227333,0.21486019549116397,-0.8275177084995746,0.0,0.9402496322422856,0.24332050529078852,low,0
S0100,2025-01-07,1,mid,7,49.31830430419318,0,0,5,0,1,4.623701263765426,0.0,16.815744083805804,0.6504702348349152,0.15063923538148982,0.2626838526234824,-0.3926565694157871,0.0,0.05964141276207979,0.5132081902648539,low,0
S0100,2025-01-08,2,mid,5,32.06024936848061,0,0,3,0,0,3.0475992883817153,0.0,12.962192690861727,0.5606880377254537,0.4775986493904746,0.7340175686192055,-0.1517337790653135,0.0,0.4065380840283749,0.8508638616700319,low,0
S0100,2025-01-09,2,mid,8,54.75607714326473,0,0,5,1,1,5.698425584152412,0.0,11.942576703689802,0.43843517041566604,0.40695762164242155,0.39292631932630406,0.9697916693631348,0.0,0.5675305709418639,0.8030027444878073,low,0
S0100,2025-01-10,2,mid,8,34.86714107433912,0,2,4,1,0,5.4713666075632945,0.0,14.680348335171388,0.7761225952539625,0.2681940045136235,0.005392366005023352,0.9921702324480455,0.0,0.1676242011816078,0.8789026173824668,low,0
S0100,2025-01-11,2,mid,7,38.20935973344109,0,0,1,1,1,3.6078106642983805,0.0,9.770194962344286,0.9803226778310159,0.9450735900551094,0.26550748462520846,-0.7137122634023694,0.0,0.31774022262842405,0.7201094155087362,low,0
S0100,2025-01-12,2,mid,7,53.67823342354399,0,0,5,0,0,6.931976386048106,0.0,10.050204155282815,0.43963423268915613,0.6130556968374914,0.41055931472783147,0.9132484885486349,0.0,0.9765680973647842,0.18794945657966255,low,0
S0100,2025-01-13,2,mid,7,52.533740668487226,0,3,5,0,0,6.2135114430177865,0.0,9.889735573123865,0.6269462923893239,0.4874443525987856,0.9726867864930955,-0.8509110021907118,0.0,0.548590545077079,0.8387783239617614,low,0
S0100,2025-01-14,2,mid,6,51.00292007608542,0,1,2,0,0,8.62923064141169,0.0,5.193541229373667,0.8611602288388955,0.21516035120428845,0.4480037070581373,-0.12359650693378632,0.0,0.6897447847423991,0.06827274245252202,low,0
S0100,2025-01-15,3,mid,6,31.828402604697892,0,1,3,0,1,4.674479324030169,0.0,9.834948152353169,0.5820598359355844,0.9179723716500765,0.06822720631956014,0.31287354802044587,0.0,0.9750107560358944,0.7740308669242022,low,0
S0100,2025-01-16,3,mid,8,49.02508562928395,0,0,2,1,0,6.094204284238062,0.0,14.784317140299056,0.23688603280119158,0.4854118223491657,0.7777218713878121,-0.7651107866863953,0.0,0.11865966605421185,0.21916436507296566,low,0
S0100,2025-01-17,3,mid,7,55.14817090049254,0,2,4,0,1,3.283422210511196,0.0,9.996493062027652,0.18012510049028363,0.7720522621854331,0.11296504512319783,-0.019302051860330627,0.0,0.42338010560665673,0.25989845598604444,low,0
S0100,2025-01-18,3,mid,5,70.53128760313014,0,0,5,0,0,5.7918332129064485,0.0,10.491329557938641,0.40094574398698557,0.4901768585147229,0.7004432827469564,0.7609233777838245,0.0,0.7534878256822937,0.9618236343389925,low,0
S0100,2025-01-19,3,mid,6,54.94886635410876,0,3,1,1,1,1.8182087154558308,0.0,12.850291015447358,0.014649754311060414,0.2131990747111593,0.3269962254402453,-0.3455408618538083,0.0,0.4244780007254706,0.23023238750962616,low,0
S0100,2025-01-20,3,mid,6,50.78197774393246,0,2,4,1,1,5.30445132056721,0.0,6.038868192918647,0.6153151706555764,0.857291951554541,0.660231658622584,-0.03258440843621502,0.0,0.6030221306124081,0.13386830073231837,low,0
S0100,2025-01-21,3,mid,7,28.804593010957557,0,0,2,1,1,2.9371374977732203,0.0,4.30005551579132,0.5293732435896576,0.3159902112681584,0.7217449017902627,0.09225793746729427,0.0,0.0470816256284714,0.07870896817543327,low,0
S0100,2025-01-22,4,mid,8,31.7374649816147,0,1,5,0,0,8.805236194383033,0.0,6.052708955579645,0.48514012333002376,0.9798735046682194,0.7000318370417803,-0.5584125488345659,0.0,0.789874510267767,0.6811850587741589,low,0
S0100,2025-01-23,4,mid,7,45.281379330615316,0,1,4,1,0,6.526457105068285,0.0,7.877464803291103,0.6331388748495365,0.07832104187858313,0.049815618926327576,-0.6703901544820827,0.0,0.43309124406831634,0.8651584364787259,low,0
S0100,2025-01-24,4,mid,5,36.549879919263304,0,0,2,0,1,0.4495551061681997,0.0,6.745540247044898,0.3843592952964141,0.16439889246232675,0.9254648417975978,-0.728556096668153,0.0,0.5913698758975525,0.05949534484048702,low,0
S0100,2025-01-25,4,mid,6,35.02964691901307,0,0,1,0,1,6.44659650186306,0.0,11.264193428454435,0.642401488895708,0.5318909499431911,0.7467190165723311,-0.9501235303319475,0.0,0.7620214668522884,0.5300065514751182,low,0
S0100,2025-01-26,4,mid,7,46.60540639306886,0,3,2,1,0,4.872569134149333,0.0,10.378599015393833,0.8883043542087437,0.4554460686633762,0.7914825207050792,-0.396784566754391,0.0,0.929204390636631,0.07211601541075385,low,0
S0100,2025-01-27,4,mid,6,53.04688997410603,0,0,2,0,1,5.556204131312047,0.0,7.946260695360893,0.8541329442104386,0.3090181162755614,0.43835790438437416,-0.9755426289101039,0.0,0.21723814072124426,0.19824907325344787,low,0
S0100,2025-01-28,4,mid,9,56.023284938016396,0,0,5,1,1,5.14057826748774,0.0,13.730730251801795,0.021183279036944724,0.38975778604758904,0.02923993113660006,0.7985211683544622,0.0,0.2736254802144745,0.9742054035918619,low,0
S0100,2025-01-29,5,mid,6,27.35507884629878,0,0,1,1,1,1.9294695343560604,0.0,10.991408913780273,0.18498057335658413,0.23838549859702873,0.33624529595824526,0.6749223062091319,0.0,0.31075101314185394,0.98635868112957,low,0
S0100,2025-01-30,5,mid,7,39.39175077566341,0,2,1,1,1,3.3355687997806474,0.0,11.384417423271252,0.3065489958435206,0.623816095998487,0.061786283037741474,-0.3367398575236453,0.0,0.3134397870353619,0.10875316982551131,low,0
S0100,2025-01-31,5,mid,8,33.268306136361204,0,1,2,0,0,5.126890352654173,0.0,16.582130458836133,0.5810581868240319,0.6885946187044356,0.7974013028001277,-0.9465931190240078,0.0,0.06728409266752955,0.7372823820347575,low,0
S0100,2025-02-01,5,mid,5,55.638995028922324,0,2,4,0,0,6.951068557355028,0.0,4.062311276290575,0.841740617181144,0.4713433604970715,0.16566832103707074,0.9994750159233055,0.0,0.8261594037838653,0.13441387968967222,low,0
S0100,2025-02-02,5,mid,5,54.4724368330382,0,1,4,1,1,3.9533203184997694,0.0,6.075236008082731,0.5137616148037246,0.6792436087473567,0.3530043886002553,-0.9098816881305707,0.0,0.2738397539240336,0.5355094132922412,low,0
S0100,2025-02-03,5,mid,7,44.55882235400459,0,1,4,0,0,7.13543757240299,0.0,11.714412079803202,0.33704101498987893,0.34543410282672504,0.4650814209385574,-0.4240115324722904,0.0,0.33642118405589605,0.6288642658432829,low,0
S0100,2025-02-04,5,mid,7,29.836582237654394,0,2,3,1,1,4.7255031501525,0.0,10.430714762397038,0.3108886140096455,0.6650774063457001,0.735532720921707,0.49870996769141374,0.0,0.9136945101275034,0.29077749926090757,low,0
S0100,2025-02-05,6,mid,6,48.54133664729635,0,2,3,0,1,5.7629494423029834,0.0,11.926049146343324,0.12801071356590177,0.14013039712852948,0.9144295702747893,0.5677365960301146,0.0,0.11936313263656306,0.5685435265292739,low,0
S0100,2025-02-06,6,mid,7,48.59473707173076,0,0,1,1,1,8.38227525228966,0.0,10.351683775827153,0.4972766280047267,0.13329065378426908,0.7622856556318838,-0.5088039628964505,0.0,0.013905693013176013,0.1475001683832835,low,0
S0100,2025-02-07,6,mid,7,46.65771322251071,0,1,2,0,1,5.196970980935652,0.0,7.553728942544863,0.2226202499355865,0.681983793415886,0.8133520055440996,0.6272758141960633,0.0,0.267112629975754,0.40853638745658993,low,0
S0100,2025-02-08,6,mid,6,42.541039830805154,0,1,2,0,0,8.075944126879158,0.0,14.073601520570096,0.009235810044778914,0.49029893345275644,0.5427902489035773,0.9200151019198202,0.0,0.06275886419247079,0.11001566922464001,low,0
S0100,2025-02-09,6,mid,5,26.10634742331927,0,2,4,0,0,4.822277252000409,0.0,9.241812816088263,0.8604805396947919,0.5373652997489213,0.6202950239999095,0.23373094569846153,0.0,0.9737606648862085,0.5343641870159292,low,0
S0100,2025-02-10,6,mid,6,47.8960606315685,0,2,5,0,0,5.466208011966874,0.0,9.139791489388255,0.8053440913408998,0.7802737830949826,0.5480959137061417,-0.9267276681508754,0.0,0.8103706829555742,0.05097061173451922,low,0
S0100,2025-02-11,6,mid,7,48.252053293323826,0,0,2,1,1,5.395928448242169,0.0,8.546879028223914,0.6211131115206269,0.8685377655433535,0.8624818568758404,0.26340011595772284,0.0,0.2998883126758076,0.6910268860424483,low,0
S0100,2025-02-12,7,mid,6,62.427757923063695,0,1,4,1,0,4.889176243326974,0.0,13.53704405357532,0.6402185652094218,0.05709971727259422,0.03235571755373934,-0.38150963633252166,0.0,0.6110018207987299,0.7324648004096745,low,0
S0100,2025-02-13,7,mid,8,40.144678950363605,0,1,1,1,1,2.4660777407789114,0.0,11.285849646046076,0.6694182267056856,0.043020390753106263,0.6341546448279701,0.9265687101583415,0.0,0.35562714925582595,0.8087322308326104,low,0
S0100,2025-02-14,7,mid,7,30.99094385480918,0,0,3,0,0,1.905249380197131,0.0,7.625527998755528,0.5073435223495063,0.8828585928885848,0.0081107460916936,0.05752990392338431,0.0,0.5699527371843851,0.28162024258044516,low,0
S0100,2025-02-15,7,mid,7,45.95435830419579,0,1,1,0,1,5.424515467202984,0.0,5.728790487694274,0.16303354994262964,0.8740516919220472,0.858500499330083,-0.04669086043315285,0.0,0.5523539215606801,0.2608889881677624,low,0
S0100,2025-02-16,7,mid,7,60.42807983869577,0,1,1,1,1,3.7569416406917595,0.0,7.9879890570971135,0.9415509740829956,0.579988286103466,0.7995358779400087,-0.8061363132025043,0.0,0.12199562106673945,0.07332798801967055,low,0
S0100,2025-02-17,7,mid,8,63.64214677244076,0,1,5,0,1,4.450001432707999,0.0,7.764834574888438,0.8373991577443941,0.8956920216800432,0.2496866223391102,-0.4304243830240979,0.0,0.2853702711031607,0.6263457044332168,low,0
S0100,2025-02-18,7,mid,8,33.955856893051845,0,0,5,0,0,5.326704486860559,0.0,11.698476992712402,0.337945580202344,0.17631008141376192,0.017595940655358744,0.8447458584062841,0.0,0.4754316991598152,0.0053505477396941226,low,0
S0100,2025-02-19,8,mid,6,40.666584041715815,0,0,4,1,0,4.76606049177127,0.0,13.8369561864931,0.7868125573883389,0.9536877562474102,0.6625682770030249,0.8699203375320419,0.0,0.5340879859485546,0.22788164247890608,low,0
S0100,2025-02-20,8,mid,8,66.99331498897223,0,0,3,0,1,6.656424212946477,0.0,11.028148913596695,0.5326931922133891,0.09174761325938019,0.8917677026167796,-0.7555141608519269,0.0,0.815582210989188,0.9192576186279288,low,0
S0100,2025-02-21,8,mid,4,42.04143617889383,0,1,3,1,0,5.714288222518662,0.0,7.097848925105719,0.5734603767812756,0.5883913533331006,0.2007098148632822,0.15591777223471137,0.0,0.5696191465097329,0.9695802228093235,low,0
S0100,2025-02-22,8,mid,8,32.024877960958044,0,1,2,1,1,2.7845083827422705,0.0,11.73432885304907,0.0012701372402109667,0.8549232947839607,0.6994338838054337,0.7845511624298211,0.0,0.2693689716226434,0.9866988054310147,low,0
S0100,2025-02-23,8,mid,7,43.686421277462344,0,1,1,1,0,5.158710953925139,0.0,11.97123944366607,0.3888372037817488,0.23220294585400425,0.8148041016758039,0.7419943657041808,0.0,0.9522239471455409,0.9092411197315052,low,0
S0100,2025-02-24,8,mid,7,45.72895238616279,0,1,2,1,1,4.779978306665438,0.0,6.254076964909478,0.3578360622941985,0.7006693238702713,0.1825197792605031,0.07703896104457941,0.0,0.7316982147029458,0.29432445187798484,low,0
S0100,2025-02-25,8,mid,6,45.51539843291438,0,1,3,0,0,0.4250086159984887,0.0,3.8736050067773906,0.4620206026037601,0.5839280526483227,0.8006304101642345,0.0961620930102427,0.0,0.6974817567166464,0.18493949997234493,low,0
S0100,2025-02-26,9,mid,6,45.83448690229768,0,2,5,1,0,4.616909133340803,0.0,12.143379921619308,0.2718765884374915,0.15974103187693545,0.06761210039498522,0.6727690923149683,0.0,0.9071938553914505,0.857091225487855,low,0
S0100,2025-02-27,9,mid,8,36.676167057597034,0,0,1,0,0,7.035990427190207,0.0,8.282252616743165,0.7086437075635809,0.7010293263477779,0.670968320073563,0.09439644315715356,0.0,0.16982642590744512,0.2579497219877015,low,0
S0100,2025-02-28,9,mid,8,48.697364081046736,0,1,5,1,1,3.875000230799789,0.0,11.350434878565444,0.06844861674934166,0.4016248041925756,0.7504356295755975,-0.765903853852496,0.0,0.9949717002491798,0.7840162781633216,low,0
S0100,2025-03-01,9,mid,6,60.56298616280095,0,1,3,1,0,4.053594352323381,0.0,9.138268946118124,0.05887908320982349,0.224686300508267,0.3678016960635172,0.4873328471217504,0.0,0.07394184561944173,0.9743797318484737,low,0
S0100,2025-03-02,9,mid,6,52.19945508089622,0,0,2,1,0,4.678654607042812,0.0,10.210337834205566,0.30975943445029575,0.3019048465830705,0.3213296763497465,-0.7872592224012813,0.0,0.041020104392448076,0.23195475903293983,low,0
S0100,2025-03-03,9,mid,6,46.36703966155349,0,2,3,0,0,4.957257545975888,0.0,14.321209731059128,0.01992661951786956,0.15260993348710938,0.28629417413250347,0.828960196201806,0.0,0.4595707552875671,0.9406837571049979,low,0
S0100,2025-03-04,9,mid,6,39.001844712750376,0,2,4,1,1,1.496342473691814,0.0,7.664304544630703,0.7514692921308407,0.622207886415155,0.6937837245508296,0.07965929277755834,0.0,0.9028199659855733,0.0645525423407377,low,0
S0100,2025-03-05,10,mid,6,52.92473190702721,0,2,5,0,0,7.69531692335083,0.0,8.502715294300472,0.5527441675104144,0.0770522333566852,0.10051754001040247,-0.4587667559516133,0.0,0.381705045210587,0.9659068298087625,low,0
S0100,2025-03-06,10,mid,7,53.54771885977457,0,0,2,1,0,4.7379318292368175,0.0,17.851010216633156,0.5245711527425905,0.7225424573281165,0.18034132249967416,-0.006208016538412631,0.0,0.15016804644670378,0.1856151030774318,low,0
S0100,2025-03-07,10,mid,5,42.53048138870002,0,1,2,1,0,2.8639645438656602,0.0,10.536781921747597,0.882122721312547,0.6523642072691601,0.782523930905541,0.6952963703891966,0.0,0.8946207903139421,0.7226258710164805,low,0
S0100,2025-03-08,10,mid,6,49.60865066862666,0,0,5,0,0,2.057703458915543,0.0,13.173075851442258,0.39802571576408385,0.28107101806120516,0.8908745286256818,0.6400717175901287,0.0,0.8516797285377539,0.4111917896458659,low,0
S0100,2025-03-09,10,mid,7,36.327016706937606,0,1,5,0,0,3.509174206656084,0.0,8.028393762229395,0.46329338000194353,0.20490558654660018,0.12692193305378663,-0.653505573798504,0.0,0.42219406199997345,0.45486045056714386,low,0
S0100,2025-03-10,10,mid,7,45.80070966918895,0,1,1,1,0,7.006786769954825,0.0,15.200534551353973,0.5270071869986055,0.34081416816111154,0.5939970451114001,-0.1448265973805669,0.0,0.5203329341009562,0.5185947488654734,low,0
S0100,2025-03-11,10,mid,5,61.98337207493138,0,1,1,0,0,5.384415586277737,0.0,17.508413059607264,0.5222546696381988,0.9668717258069578,0.1692750707838182,-0.5602990645246329,0.0,0.5771356030201534,0.5101521993248441,low,0
S0100,2025-03-12,11,mid,4,26.992132503205962,0,2,2,1,1,4.805438024436905,0.0,11.483283773085915,0.10442058867862647,0.8185080816547595,0.5832467876428239,0.9995180558249541,0.0,0.33945781390851815,0.8741139966464316,low,0
S0100,2025-03-13,11,mid,6,48.66484198109195,0,2,2,0,1,4.78265013083685,0.0,6.4768812046798265,0.8141934900114797,0.3205666040833667,0.17825886386084033,0.5241856290030951,0.0,0.02743427593017267,0.5697240086637042,low,0
S0100,2025-03-14,11,mid,6,63.056900952461056,0,0,1,0,1,7.021626862221629,0.0,11.898897642022515,0.637995714867908,0.2621362875734077,0.957192267992674,-0.7278819215006365,0.0,0.10683754832142289,0.23913371223434832,low,0
S0100,2025-03-15,11,mid,6,56.27666930702082,0,1,1,0,1,1.0403785829366714,0.0,9.67349991105136,0.5873948437025375,0.6458088250762273,0.268106588183156,-0.5365175181932331,0.0,0.30304547787094194,0.2937034991017451,low,0
S0100,2025-03-16,11,mid,5,52.569948238683764,0,1,4,0,0,4.553768366031806,0.0,7.7810166850185345,0.13573713929856612,0.5879227122348498,0.9689760413218487,0.42796049274213654,0.0,0.7175557617620544,0.270476801703624,low,0
S0100,2025-03-17,11,mid,8,57.34502076122946,0,3,2,0,0,6.9289101909868105,0.0,12.165492427235428,0.6520901717840639,0.5727754182226804,0.5896456100421248,-0.8690743241092538,0.0,0.2823434161079592,0.17043027199362504,low,0
S0100,2025-03-18,11,mid,6,44.136432810196034,0,0,4,1,0,1.7578405132099517,0.0,11.336008742284662,0.37091544159446677,0.2996769138996819,0.06226695254298653,-0.8617227663400358,0.0,0.46976493995701685,0.8468703469820301,low,0
S0100,2025-03-19,12,mid,7,57.121006320854214,0,0,1,1,1,8.58263552990912,0.0,11.087929200806077,0.0217136712107745,0.01832836746215183,0.9338586143103728,-0.446176654350557,0.0,0.8210263859013679,0.4010384121613969,low,0
S0100,2025-03-20,12,mid,6,47.00981668556969,0,0,4,0,1,3.6646712552797505,0.0,9.30483444541461,0.26193840398826707,0.8313372244648003,0.931024995805898,-0.1321520232439033,0.0,0.8207741773301305,0.015563221982878739,low,0
S0100,2025-03-21,12,mid,8,52.82250949788879,0,1,3,1,1,5.131465826622348,0.0,9.48739266561912,0.866207931958372,0.8719946652833643,0.8543707813115538,-0.27530782906163886,0.0,0.6088310417630369,0.3858785880871207,low,0
S0100,2025-03-22,12,mid,6,53.31684961886663,0,2,3,0,1,3.073888490121397,0.0,18.53466722218741,0.384475274288435,0.4557609715487656,0.7695098633371671,-0.23918143002831926,0.0,0.9192904292973725,0.8979555352253471,low,0
S0100,2025-03-23,12,mid,5,49.70358102094767,0,0,4,0,1,4.230298200555829,0.0,10.890531259363348,0.3203741809920003,0.3536748951307749,0.12579046265829208,-0.7272027195409738,0.0,0.21621900974931296,0.6300062073537381,low,0
S0100,2025-03-24,12,mid,7,40.253903453134626,0,1,3,0,0,4.684525931089127,0.0,10.205255149429226,0.18977544054680373,0.5857683599824995,0.04517882539859208,-0.4345584999631136,0.0,0.8756667086119501,0.7732301520500515,low,0
S0100,2025-03-25,12,mid,8,43.347508154282835,0,0,4,1,1,7.209328455124538,0.0,10.786056416892372,0.3632311504517328,0.9207581140908118,0.39351336885674504,-0.3886491987478833,0.0,0.815746320074243,0.7080480593826328,low,0
S0100,2025-03-26,13,mid,6,50.125928060371876,0,1,4,1,1,6.828234928867545,0.0,8.792814465253567,0.9108962291666426,0.027085616013563296,0.5965426447556955,0.7078600283852823,0.0,0.4374598169608921,0.06070833203790904,low,0
S0100,2025-03-27,13,mid,5,37.37050084271412,0,2,1,0,0,4.2746064057566295,0.0,9.897482582848722,0.6262029309961855,0.17361567255350785,0.07529318036548682,0.08603275740688354,0.0,0.13498638433067867,0.9530266984099681,low,0
S0100,2025-03-28,13,mid,8,48.53591884335653,0,1,5,1,0,4.8439301520597775,0.0,10.162077207253004,0.5334506644676487,0.0063055633625647145,0.4716150081264202,0.7936102138466608,0.0,0.9302577085940077,0.16315594960823676,low,0
S0100,2025-03-29,13,mid,6,46.49748587796576,0,2,1,0,1,3.53863784957559,0.0,12.18106413142629,0.819149470855126,0.5616992198782081,0.01610725782838851,-0.18364502017023954,0.0,0.08386571527238174,0.5739913831402644,low,0
S0100,2025-03-30,13,mid,6,49.01880456735691,0,0,1,1,0,3.4110196209234447,0.0,4.7112098509818505,0.8430845363277987,0.44184879332157867,0.4683858643773703,0.16862863366163872,0.0,0.7815651017260229,0.07048357847221531,low,0
S0100,2025-03-31,13,mid,8,47.757096211122075,0,0,5,0,0,8.245825554638973,0.0,11.723965981151668,0.9801205887675948,0.8269202202180996,0.9085581603312184,0.6055609856193569,0.0,0.304896792030638,0.4924431327837684,low,0
